141832603
31161137
48386849
20904947
149472433
42514205
21413045
23229663
109618747
71714495
11735915
25217578
18285153
21882423
19476382
47359749
17281085
101401553
134477681
2014259
102732851
115650743
150098351
30555058
16199909
38822311
127354909
13289294
15941847
14165618
25636126
6089713
154667953
39382671
178354517
24853737
70292321
2930146
189686341
17843206
3255629
13994427
97396403
16669514
36127705
19199751
48015003
27312905
32707985
106751309
62332837
208819871
1673353
62876155
41147439
102294673
6865814
30168854
125539601
50349245
82668383
26842377
50098443
10882246
169741169
41557227
14857629
15524589
6567081
107987473
54368717
29799161
21890283
4708659
88267663
53905655
130325701
8070789
12400462
17311054
10269515
41551899
1398783
18516965
148734937
173436523
163119583
20961551
47485081
36709871
110811481
6916594
39754091
10682781
61787747
153809953
112256543
64555105
27492782
171159157
