2064714389
51826867

1389174841
183986273

3180346259
100374011

1382069951
186814469

2503610413
246980873

239397827
231233693

1303888589
206541389

537844871
29719199

2635576217
77580983

4126314089
158834387

2448263903
66348937

1974489821
234755351

1275724577
112822253

3497197567
36395423

1339746833
30527759

1099633921
178036151

1601430697
5411477

485695867
122469359

2279087093
185189047

3517923197
5452897

2913894563
121010039

4009349693
16751419

4261349297
85618051

1354614431
200284741

2667018839
16217161

2196903119
85529371

3187019191
69427999

30246481
256485319

3134985319
208901989

817402361
25648717

2105427109
156833921

3469373407
85171907

932742847
164519893

2000009849
128229791

3665760577
31871669

3232170677
98938867

145608899
154942933

2500342781
133580921

74424491
90153787

2150731337
52200611

1670243801
110287349

3410872337
144586087

3318557071
98384863

1953078187
71600533

2371848397
160498783

339235147
80819663

608054399
24022283

1759181527
254680931

4115547641
202559219

3019021631
79599439

213540991
177920089

2378456099
99640493

2826276533
218674829

2549373781
191932967

2381552347
143877641

2461005863
266411011

1634861651
198021709

2409237529
95864767

3467468863
104582873

1761502129
18515657

201097219
73915343

4062132587
58527727

517278893
239191219

873126643
56057473

2030745331
183292463

2513629439
231587117

2176464463
63028219

887678287
129659669

1355745203
203548439

3476311129
1210387

470113361
180084433

963449719
85140203

3277641919
53676131

2562505613
65846377

1621394267
29125417

2140851997
249453539

854005133
246895939

3950425321
263536733

1121653781
18754433

1034762189
196882981

380419679
170040551

4233608879
113869759

2357138857
266834497

3477541307
262166683

3443537609
65811167

1750167827
125319191

667229
188233789

1077237461
176366329

2815711421
263474689

3371343179
35375507

2376146189
115479439

4055458651
187532437

728964497
244849391

2216682731
203057189

2625734927
208419383

2633259589
29980939

3728155679
249922469

2854456259
134041459

1464526337
205968673

1181295079
112892233

