168481310085969195853358867
279058553218657

224067810165699373320525509
207659270384977

58163665123917647122998667
100332738728897

59394465216423079505543717
273332373269873

102749274887477815519765301
152687582166569

255186948386441474653303127
186453734291729

132114924031015685724754991
221845249283869

95437693393712040250069417
267364737916039

206640521599302906540558631
129636029526391

300141490155528711144913457
136073895210691

180981807707965075512837569
132901052151277

93706153544858549284452589
248825976401201

280400853419321182069656067
262863184747817

100253293442735597056223759
49517541892319

28681121294018087391820577
189249753431657

36613984162142022976845227
272773017890431

142661387215916477222707793
74763123371381

128722128862397790658833977
202747597039837

303389424599075401538516353
207784706012921

61187846963102597287165243
123901569117187

247434120718645802724812699
210647830835903

225221171815302327628443217
17499801144307

83532056997076210335999259
212522441196983

241325268644053496052261311
83518703720267

232503936867003695637313277
37345172485711

82607103124214193555414599
125386432621787

228155624927858055370014263
30965518390799

155096103762953887421198149
37848594833327

243880233325206668018587273
182256991870007

43881793838424403286593087
246179736249289

294158372025675547707691943
91966066083191

89016620585736649282536271
259196911147039

232903798850856093080395903
273917524324973

159829807381857506870165323
167174948581021

194876398114505728599894691
35194762497581

5203632911199842158620709
109981567572413

153978180020669331604457207
37440834253783

302792430647705374297968691
112206496051477

108238118392586020059731801
96319360290071

242797816208530368925603129
209028029320483

205817231176019678971465651
98742466683967

306070346782237417581455377
78445118631809

36198968433033997190554121
174468099892343

134492461504000432338222221
117773826759283

156831814300231528357847047
213133947539911

245556384257116475966575391
194516314241923

211978124070740648331259781
195972602908441

234375798193883321945755081
126537090246139

257318965835240193418003957
110080666183321

226998036378776360998401643
82456463961539

254523792174842334575441273
178969922221159

87887308812214377203539573
207689833246031

301417484054951758472131607
87562497580829

261225778427996683765510687
40241164795061

265658330206596826385282819
179566140505373

60552377220915562891191211
107116846304729

298567256354570648535855761
235148870956487

97498956155450707155575569
132053697978071

208830296241780152721486877
253647281048089

196477907100766479988332179
236049388879277

25759841444417855695990831
251783660123599

151433278596804267649307257
22941922654907

21774996831603498302830669
261306758547217

212125200748396216656486827
181514535606841

40545449152593240037582619
87737320395559

261564095780887337668950287
80020788577159

161712798230846093775178897
22044300785239

98867698079166300446851043
230166474733067

112318806907285990523269123
181774384784677

64760394885692593506909317
204253243409071

213898040549559781554190721
53284578818641

160287660977822347490869871
199157964403729

128800000849732892431904609
132051981303817

237006105632784056740562107
2910495394753

86807124454993245287229569
280036480713533

158324799941340778209221441
1639812346561

207304703214433599961127393
18128517787927

141787643107045546441770259
116678289245857

79336263673855267299047039
109258248111143

190388469460577234913111679
18622721559517

1378706251341132501824119
52671893974669

178626107144320814870954449
219569268272503

188719685141405096843396933
156221946444491

246866323083077092537595737
152993306426393

132938094840403438835316241
89098422310501

162396057519578962214726783
91047528739129

174371034386390667679517467
214846737026731

32841848104247847479803193
140977586945597

88465920551307795333763447
42468825894419

70689391051882202685306349
49144728680503

135539489813996335990661677
58905511880837

294040298459188258887154657
176180255815829

153435684065791617449990731
158310260408129

295828963404341639456481049
253777109313769

262425903353097637389997073
251134921794371

293065858375207769584075663
141231651379279

184811746170208007220668927
179411508168287

11992861088316392910323149
189894715558333

306736944846007185548664767
35064340540181

300931562362918366493176307
229282205350463

