6458190644256386955824987
31798166813027195979721321
59214449341545944648120507
50084168509794442793172287
58769676254936888141265419
22474230300126885794411371
227336072804755295388225979
132704090822120889891314269
51020587477036744308337691
16284906101883446845503817
150315677313811055005501151
178092953878029692354101883
15345705080967566912012369
26363387039947554999473333
126551316449247196289964761
103499849989409002880653541
69099213139552230093242747
2415698823884910042668639
230048687489135361183121483
212359631678908810097251141
46462585401612059715064723
35667232735900341882282367
247778842596193142397271487
34075481768026639492023071
185581099150830675471015467
8831426017962096763174669
192875635774716586099771543
195561531096890122050767399
149649544614686105433485551
62572247301373240304970359
7311817892309652580258823
190952416755922598797035583
122059974319084378679014573
21214006881641119015902473
121143943842471427083217421
203052238743066598416011489
206401882689849196804163869
66352825882452555395809253
61843782290106125939415007
36477311943462484736686987
119450129673175902533358719
129581304440048327599867289
190098618506229226334644139
4399920570953239272826687
77538742841240123769050069
185688939702552257797318573
55384706632432327608730127
180412328347984136924273527
55616016644242038529918943
13182923119286958644914669
178114136386840585093551113
186918683602844255408531609
394828193456462344676021
44139721553620821822294023
28227656724497096672862911
226346117040529567495169653
221076160584049536738827249
46345455340974311790399823
114073087672581508519433023
166139077485827905565287607
107746862785990987403767763
69055377921760643707937761
30980907613228186673642383
36191275584340507617993599
161135057064398913276769559
234333931625631840716516669
175510325129451438052227569
10119336919022268543012331
41222794504913126200616581
249478240871600144121218021
50755709011982407935061619
699292698043582032449897
54569292616343586303019951
156365263672487080686545339
92785768264652883995279689
52527705146955514845635843
176637418706306792633143489
2350433260484737807576403
21024324519736205515603957
131300444258093704339413049
82382249262442310445521549
222797173155373230005145373
14593689378632970351631519
602205528025758834012323
186894329437814303048622961
11085747061250077510574897
151808750900189548831195177
75462859182703206676162451
28479252572935572379708771
93262784931073930187966633
22613371480387031130688829
104456362766504029680003637
5930879317829430060522011
66348081525829078868970851
44744696903814000953711353
1262860161014057993376217
4216123800262969419470227
12304029712252037237145383
2438640684652172790560429
53848626602104580710891379
