62269496850394517
192622330804999
12361151787554303
6196496803152793
53180271372879109
8409930151978007
2291672726424959
1564153196209211
43771035951610067
37046977246209367
17035308231478913
59648325742913249
48344644115393011
4625942175137089
45883930879676117
3010569769511891
4401099601749749
1645781481291029
10410549528582877
3546710118305833
30112521654873173
39458579295192899
6101707208778791
2761241605031729
7655869461373303
22338482399023201
12978875017123693
4695284964375829
12949897924798031
5142307066147319
26229635699929217
14083221766415587
24736215384088937
15937758080883061
13267228248379073
3678342284850413
3926272041145591
21114084756718669
62641756463219831
55748662927946893
955363783503959
22883596208322217
4232357991108847
3883939529134733
4624689752998457
11396873539821683
55827251374515359
8034497408940313
31026772875355657
10028598855491317
19537674758132537
3996810373534733
22636838544885337
39419154956670817
20157257127489971
62856147151547381
1171624824916543
16467352270615963
54723963530348767
9491088643033607
24906019307797963
4532478284856031
14957487493674601
37097455471209403
2149758728335247
3717588825814667
10774120854420817
20234325118086229
356345485791419
451962780942571
21684094991863723
959134360427923
2771161539317191
32583405656488529
542302132140469
12374588356106467
31531303558608611
15483951269126707
12549728915121371
4866421049864663
5064998847036377
9619493550145847
2069008667576387
25039629241799971
628417625246987
20549563341800159
10664844595715327
38830442153636093
25832067619892543
10049901834015467
21323212919670019
1018103768363369
19383457604267479
48460570161347
21191571882353099
37467296570657843
7137911488719493
7660153337302643
5370291110565587
8831939350233631
