734405082290987
2936800630315031
970994061146561
1056534092465129
1871950641858221
950487182090617
1359350651270741
244397395762183
409374499498037
2982819262335769
351377354626121
794221134518683
117523132809707
172047121907987
44406150077203
1950403927904171
288554254699301
886862604171821
249345844294919
487774553705591
32968200960755
2960877041182169
824269180202101
1702575576376999
787825263673247
2373924982134469
568779701742293
24737728329073
1776498589062401
783156315388549
615167634340759
999258102791233
716838863516267
2659644979706017
3112181830899727
3894426551803511
198665123022167
843809023678139
893814153108559
24626848426982
292799996849357
1277220342820711
1441440420974651
592515469738883
1550290035673711
1983900232054031
1706974081790009
166912846584277
260906374361923
966256489074841
27905897838781
848467768653839
318667299726583
517661315928487
454934086747963
2519212302513547
289512542439581
29200339341607
2710925138717773
270841621399067
1107618650433161
2434196760960929
62144733606961
379216071962401
46906220639371
2154786167731507
702964543741783
714063441967013
362073860250749
1761823842740531
78547514885033
637712150874389
705168819766093
630873494123879
2180890430167811
1791153638832851
233128801767803
21038214693857
515377952649809
1651825262772479
526465059226651
1484709322555
1540320772498357
2721981551875171
16246318927382
188230325305949
992401521950413
1648752155930639
59181143464069
1332549820018117
3251822652383303
1071481378551767
2886905731176119
160868361446623
21317886797993
854089759722109
136953404116693
765717596672291
1966843314381851
369577146497189
