16689439375551677011
203736993594671

6078447530151246007
163455370439827

5411098076750648959
118449618835153

8131652919770247719
79062009679111

17619744257016456293
258783840346439

14666860874520606421
220574561148677

16420340615091881477
78607332535813

7594389194921746447
13442179961377

18238120596925707589
226065472361257

8291841797722667231
12478910686883

6629256018981371579
252752686113203

9935981001548692927
116975885687369

10125685173465912251
196654520955637

6300116719702503877
220414326327197

16819652172577812203
89791260891523

16209905964982947617
243380614143577

14492361434094807017
267269842465061

11798387039385487153
20378186788493

17954124003400583671
131263331331241

6677126023114895017
108833949449669

6412235686063453111
232013649957811

4244040809580679873
126297859637311

11263735726291185901
246149625415873

10999205389383688579
264109111494259

229706396827559537
191435218618781

16365633148120480739
90185973965299

13901063043247753301
82475483071963

4307172909035682089
72142217182799

2897178419843156681
17712378279691

6224347102649357417
264376903657973

1099873858218711869
164665648400041

7508759860652791319
31835652710341

14605559931641449387
36385927766119

11563216184885711681
127573715009129

6691882077708123701
184794355405921

198830236108370483
123910484866681

17562277711826411617
47964441645187

4300058828175161327
77307035393491

12699375736841004599
220145847623971

7414141546852504001
188587861719337

2058974041206326371
24783963018137

4136069272751479969
269718429012059

5713765472991402977
201968403696523

4106490386981320841
170530709672317

4077538428422570029
189148613324459

3136871328966315881
83818436023019

15346717487157325273
193520891203427

9375597744482656433
171696762366287

13909274074056992537
33522440748971

2105571966626133979
241939456420499

14375243856438639341
19326256467281

9635408011164624851
70924574142563

11747684014227152623
245096974957147

8063246247710870273
66280670681453

14130746543863785259
102426759458921

2125768780303512587
123923192181277

235767510274842037
179234322983377

4509354743986159
230243628960647

8231806638780189613
173448829542497

12652686871774311121
206528871929041

1535517103555910107
57971433897889

17295888262886198509
231557124296353

1808668519845692779
21505975086667

16173657438732794827
193300122712507

15683536299876198107
242959479918439

11987480808049345553
277311331052729

5326473612961610611
49317330155047

6740119231882450207
121699361795863

4034334564883736749
246505614758267

6328533540913553513
267278353169183

1160046032870773189
148007466032891

5782038575894954251
244682705411941

12006373784874469771
266315694049883

1111544178766379051
275515533144107

15372262529142790853
191959116424589

9897081695129070679
74371362138949

15457812254889203159
207873671834399

6034209190315575229
250864246642483

15482127719431895729
98658867953911

18165379103480978003
274347085088311

4728840961061462807
68512819561969

7119575493575220457
41540631224363

11673358236882961639
100395800938717

3485600374644879121
247040306018423

6036244301914141267
118548965016611

9611624035724653667
12825308241451

4444130215405087183
273324223836941

5568995977564821517
79134078395497

1854863919566017567
43724346273563

13853185118015806817
55891802722087

16835185029914774021
208197682356667

1678730038494320173
244693834154551

1060529137494826619
141399785754571

14955075134806256291
199636677949673

6104876296839082739
201665638896739

16722198467280020129
244754385164077

13358307398400299827
214436997980707

2688440533824895673
95850685142431

13540556448402447547
84474292396141

8399663822208144119
37095182079721

