3770508823213792655339
51607

2772942939054089965703
36629

4392537654099464214913
4801

3264764556849459761063
23117

3947891393319023266157
2281

2442062030239669848139
47381

2024844580415151184973
25601

3949331090488681703537
50359

3156061571137387328743
51283

1345856097351669452279
21031

3831517916916275147033
12491

3626814889679334059951
9377

4687369069356460078681
24337

3343327004882636931259
1429

265082501448469760501
1171

2697984258543920300519
34649

275431357411141209913
11933

2334979148475292851947
54193

2262571185670247089019
51263

1586775258752002660937
21613

1928846462376736718377
41927

206147251244996302027
28123

2442373542405623490427
33617

71559351490880511589
9343

4323844633897663724029
30011

4164317081287071725603
4177

2453887808325229170637
25453

1412039068814631996199
28867

634054549655195927017
53993

1436494378758258756733
45491

3494834551871907098891
16811

3703897261270518663557
1039

745586742929299542127
28901

2013969213803064292403
263

2183424408735490361387
58129

1580741932464915653437
27751

62441626668400132889
41893

1871983589950117346903
28279

4006365254317760267119
47237

3060975746571339247663
13693

1398674824941710543399
36571

889090095169390327757
59921

3175742441536463252941
62791

4002115205670881538389
35569

2084383754690116211081
16649

2171923799603869958657
37897

666709569042058254269
55631

3575340770522476891861
28411

1145339509719679596317
58073

4630021935322148446297
6577

3078388918952330573813
1249

1690538251053968552773
6529

272008359465064280329
9613

1531887349827584321197
42557

2256044910160741245319
3779

2066668995276350561081
42649

3855300658270855310999
48677

4449936159111585260467
8663

2814539387221229864587
23879

2666312400309409858361
26119

3071112504610206651499
60943

4707292728590223639937
32909

1512920175102088271021
21059

1431647359199925715681
65287

796478694027307569137
10427

52981686214032298799
54907

2590744246467842538973
9871

2106111806419210914517
52163

1824148471894874693879
33809

2165138748511529338417
5857

693646771524877351037
24659

4022615512680064693279
12037

4018019891399424981773
8761

1565102934050681301047
23209

3189909542050767274549
57901

4142102996024963862023
53507

4190085867036297169057
54371

4067191272354864375053
56633

1072764635166883843909
53633

2193091047539295924577
51059

3903481390981826476369
45659

2627660745949338525353
43399

4359190615711544812751
42071

585773778451551834373
17207

1220305942688135960537
56053

3802538475471672025031
38729

12569886451488138811
14401

314782684623211352797
23581

1457518227077432310173
1867

2658100140179875537637
27527

3796993042803862489997
28123

3618367643504074322453
46273

214132698163200067939
9041

1988023477839810353513
10651

528096336738997365931
19961

3133030151665871988053
58657

884757122694528032993
7789

1533558264877019609659
44119

324854730987114637769
3089

3910015794727935932761
10247

