11
3

11
13

3
11

5
5

5
5

7
11

3
2

3
5

7
5

7
2

3
13

7
11

3
2

11
3

3
3

7
3

13
11

3
11

13
7

7
5

2
3

2
3

5
3

7
3

3
5

2
3

2
3

5
7

2
2

3
7

11
3

5
3

3
11

5
3

3
7

13
2

3
5

3
7

11
2

2
5

13
2

2
2

3
11

3
3

11
7

2
3

13
7

11
7

3
11

2
13

13
2

3
11

11
11

2
7

13
7

7
5

11
11

3
13

5
13

3
11

13
2

7
7

13
13

11
11

2
13

11
13

13
7

11
11

2
3

2
3

7
5

5
2

5
3

11
2

5
11

3
3

11
7

5
5

2
5

2
11

7
11

2
13

5
11

5
11

7
3

3
2

3
3

11
7

11
2

11
11

3
11

7
5

3
7

7
7

3
3

5
5

2
11

2
13

2
3

11
13

