573194257737956734165804256080907
2058058033

3979406564639177776941420744440509
3628264777

3387421073103827995921942900416581
2500284229

4300707020094875197935312201099563
3408074767

3862259658986396000576347710791897
1069594157

4741852817130800950172716691993527
4247816291

382955600423813571322894482026581
3658717297

2591023733715850091449219535867459
3543112057

324067823318647963311156797408797
2645164469

3574781748950595745776224602144159
741968771

2873305369272659492183791084181719
1199939401

3434327001727612134729756608075363
2425044379

892661436075126654918590967975361
856116931

4585748981361617404316672814051083
1451016361

1285804596893639705289172850408101
4007109553

4116994762429731796671179487499493
4002267593

3317469757520779541771418041504849
3689191619

4470686531990174091079780285489133
1481774209

4845129498575101997678757603335719
986185583

770199573685128079828082171113099
2501940811

2911770013960416709524212642840011
3341691677

498841256809769162886333026939641
963025627

3889938399952863384903133056533261
1179801929

4842971876312734080867180984555253
680058083

753909518440491527573340200008031
3330050959

2595258991652554880782394968004647
1282680013

141376019622786225477544511697853
1747860571

684385852846988987756060708574191
3895182839

3516506633997092690030505664680241
276904469

1144772961631195055257068292150529
3690194747

4072618269134320637848936233164903
3435112091

3252286638633527102151984636895859
645117881

2843860343129900959221689956336591
3633037357

4926272191346107463858156208730009
2824174571

3103080074958967480460982501240733
333821

634189201024532469089657039911841
1447867193

2941606601994464181153522380713313
1110732827

3245964556688012628423688827476177
2337227999

2848672834384530330574256265150331
1565363783

1086307557601898884903427856006859
2012961179

5189513834304482644334162674104133
481753171

4754910583705827751180985239314269
3190735123

1031702616450078404242572297163619
3887885059

1114302502158131770422949200714451
3184737791

5123671318234802769931644747708329
1258571843

737398649411147244826356579441839
1355006173

438906389371068290071128625884047
1256290631

1782753260684217899722630549438649
312645743

4764326630368817076255325991382223
3108557741

1245435930371777072915013053955179
3729426097

1229827856991801534080033753801137
1734333959

691827410396109225048038518281253
2494029409

113832490165885642943406801750373
4122315709

2247581250047083553479447118150131
2161942771

2578766288670931238455412979309641
1165283629

685144987365035766328759142312093
2635735189

5116311465971059232839264515125209
1899984113

900230826448720761885047523244397
1745702297

3484630531859106918875661262662241
1590056381

1970134715488525464291221292052717
879871637

855218847598269627159479535799957
598665329

2772783057095625578610575146058303
3707446931

2672814492580159004932091292204089
156323491

1490310608762027634310123454042561
1094726431

4679636286667682471512201290235153
106178953

896115238371101842881481111629817
953663531

4635610744813402943087747122488577
3061039699

3994563208102918671174766978051273
2555230991

4072570930242441622299729006551929
4237398043

3673540343415716813307992012042749
2628788779

5014130228142879023976045665668559
4194642931

1095655398307086869552514236180527
2207199493

530075436881853515596764061736839
2591440211

923044380012545604328702283495983
745895827

2327852808667043602796929680862627
2602237069

1264493328496826845959182425907279
3126457891

1656687791405947220767897685283097
3618294959

3338838765578840292686400440376191
1339807229

1092870361508472663115756071829447
3547431257

1990208455136678490963006720574081
1975431581

3673670029284672450635475795765703
3340038643

4504083263064814824302452749457447
778802291

1020287708688589416060518494390601
1582733699

2459754113370834213392001535935983
1658565971

188886860193981803476500896066203
2025609877

1649185673916085890564105700307639
2401484443

4708418092592530227841300939629839
1225562323

2779615460642669367182287721937211
3395875169

4312899556165530881358352310159551
4018909303

4015171481872237642560298608038129
3886320967

3580424499529962709390096093850251
2598962789

929780690799799373588543654514643
4180072207

632702648159920270945731591758617
3342860863

2856490463448113676706604886822737
2438256211

3398929064868702473774229373542247
2090367427

1884854312244161370924180117768923
845327033

816776302628952297609393481353949
4077215687

3876373317294958219123498027728371
4179964673

4901969311244115356147195976513841
249968261

3701430282613357348824224928461221
2753012993

