10678921204937
1649970523

8055398280521
1065594349

520934338201
2782243757

7741137341621
905580209

14951270253599
3268234699

7084155742369
178122631

15033961453297
2530755967

8916326637343
910218929

12065465789521
521002913

12663634543369
1078252867

16845916919057
1479075749

14021066300771
1334441047

7423598481869
1644054491

13774838002763
1242595919

37472500679
2118535061

7291040341939
2601502273

16339407605419
3310888459

1945176443921
2753790401

16871962043219
1297915603

11560955612929
667751407

8599957647367
207251243

3016289440249
2244909883

6181326507107
3571629211

15614956127383
215644007

15891471514393
3110518871

1391313887021
1312894697

15482966507417
2611896569

16011223425679
2590224157

13901245613513
1480590479

2110882802053
4130600479

9061368809377
3298989059

7137521157421
3133317101

6980325878803
2759077093

10113635068909
3213701977

9944840675897
1657963819

3796727987369
3464315629

908250693569
2736330229

11683599372143
2257029547

6042206754841
250185253

7847909675321
204600623

5289341688563
718943579

15080973351947
3128061821

14379068351863
2480273833

13172639721893
2667920617

15131702741677
4020705389

16392182928241
3617417291

12524490401303
4077817577

2534156770751
3707886019

2729904515263
473327017

2993208667199
2133983419

8400008014117
812173603

10742632999841
1823934907

5048712901937
3083217287

16412549166451
2033458487

7027374900103
578323331

9399940404971
3194329637

6176899096657
773835263

4648821944831
3590379641

6776852667589
2374359817

3332453443181
4093607261

12741446875709
373880459

5473723327313
3123968009

17332545445367
2798713909

10532492024203
4187498873

1517673531163
1657760131

1417523761673
1847776943

10261661503427
391703153

1717661109163
1475516971

14507420136409
878729843

1235651978579
483621373

9455563013593
2988569879

1509464238319
3072158767

2628852109087
3120260519

11247581529341
2341237097

9258228334681
3090845063

9410905939087
2131881467

13636219796123
2109908551

14187986935883
2859413261

14277083650171
2623743413

5409499423751
3695225477

15015582312949
2722417421

5914628486939
1973789203

13242968190703
2669041357

3365835888859
3982402901

245865149041
338393579

3852796691153
85382359

8369255156677
2093239249

1701359184029
1669614719

16614295195229
2736817597

7862089557143
3000129413

14184620987963
3743926889

11394673290409
793519637

1861670606869
411944287

10829305968149
872186867

1640380612979
3497031037

2263871245393
4088574199

1335357054937
4291457539

7086060128027
273788371

12437896679353
2591412491

7690253296933
2040867203

