4267328339199735721069
813853626071

1678582123101876728191
179814245099

360025567093894033727
1032783243377

1706365150218286302617
1050041514901

1090968375475892493089
318284030081

4255726012067253107771
470271313549

4385938695907278509551
701044825781

3405708429910509212059
416564285651

1580180722277418917587
1046548568141

165711840127885376719
584841644437

4633859432146452112697
997979387609

350894757401759780687
726313990789

3020564977763329979639
601032039613

757888009146650547923
314878355713

2488499801145464747659
1030808640041

396883829319515312057
928541519923

2285327236590747737711
657711346199

1246144155295125192019
391554413347

1684538780032141500689
353603259817

3696317033593843116901
338300407969

4279620764955957885823
744461775457

2374850283892950789619
873361761497

292652083216156939607
593666433641

973867471402025068943
630761049181

1708852010803061905483
252174262877

1439067484769556211103
792398686577

3323692649647935285437
958296298919

2261835504989715031249
56506799003

4095812902705459880899
270776070119

3322940239116436700563
623412712253

3304023087604989595169
59793631913

347714771851316814017
849581426873

709649198490108851111
752869687907

103450873479723430657
673290762113

1417753775544908231173
881897823353

4326809167875465741047
263979473609

938065827188140857517
63485337833

696078019949618976353
71729939843

4336486869660111261211
183052896811

2005499952888135037247
848416713229

1177660901971941339917
69449645453

464390983260646438691
696161707009

4246053538808488136897
29651273689

401897936355899778089
105609931429

2878665987555654657467
643683162583

1113011232689756798023
1097272007047

838722838676666624809
6072879649

410580314380718270317
200278033727

1767102852397234247153
301547101211

170170934287822525637
661290776437

413084198695581870299
98994068179

1191594516376093556317
103932359471

290532723576239911589
916299018461

1056506069509615812077
683056852123

745682121026096738501
749449824631

3437863969158089589121
435477317909

1950271175430607348343
246218205419

309596723355946711571
520369792693

4076533098155259008713
240882974621

2494891030852185010141
234000376439

2042906907539045874581
532420144057

2610070757070528286823
64631685389

4412869448150287554863
782034479129

1453474615763454382867
1017080899259

4203063053312009780261
678398391113

1493573364528794126009
295234887391

2724238197860528624543
143629020677

3051944767849594714381
755891105857

2129267574397864204039
731695943131

631825845193093700033
476817272947

3548770080258405695753
175864299463

4128177241850156580167
926430770207

1883994303686006018827
108536131619

2259107930935371901393
526495263563

1751921864934311080243
225086244863

4309773516370320922849
536449028327

3376048513967593695947
60880825679

3639304506629617217647
383220091957

982261035641493373739
189339218701

2111541079684138350593
917571166979

2039269201139743489789
119393674243

1961069620295724703529
937733968817

4097033619108247495147
168093161927

728695324028563884569
27201222911

4712739472486021308769
979003693037

587739341006633033377
429256808053

1347368711045003788457
947889900193

2360771298569839117343
333675903481

580060759491422900651
981209140217

4425119980644359338267
279414545849

2290508225923135513369
783252408383

4072782630131043559699
347975354677

1518830957110509747697
634372632967

3404915804873880568433
877651234777

4472943643848830899913
284318466049

300902903641107588473
559027694411

2478210872987340405701
563496831617

3350835226908719090113
159260227831

3024403085038189413407
182541710821

1973647544630142294409
69908069041

