35588307050733
7559180334777
147052401425891
61101346174451
33696986498398
127888098847951
53861961066749
43578129780741
46800474683559
37692521133917
38221891054869
29315572435802
17813994930083
1244310912951
1615496966161
1599710492171
21505964227262
14187888973581
1466249691441
28908759257279
90366406951691
49498905298117
78074038490819
57569607556705
134078823085141
23461261543321
70508290599227
28049561749142
55967732436155
135875082264251
57753516752953
49751434810617
76307742638831
20021596410194
8776090092579
12624972973149
35212036899399
110892821962247
24041469571881
39296332294465
43737383924979
87379081610579
26097251342746
16008651707009
58183108484389
47890208129223
3480220219534
23700119784905
22142502783542
122252606496643
29401440278693
82363241796671
60994946055373
118865443407613
74824637726027
13872652867054
18172275774865
37481566866873
169594949004871
15731625186422
49932040367877
35315404067449
8216011790554
23947293906742
26240916312995
19074739204797
24566284414819
50270349068753
51234723656769
159502210764061
105908328442103
26768991763171
20650892300578
44245401802347
27498342136853
12789305259946
51699073062497
22427275430879
36951420586639
16342528954263
169057649970077
30358133319
21380450496033
48280798195231
125546181539603
43306172746193
65937620447635
4539336959213
25704667218302
99557127644317
225420256646117
22355561102039
160693818706597
70022180820635
8587461225535
38051096608731
37568240864819
65831703969905
104419042836479
220992106864399
