3378826916537256384882169087295431
726306103676767672937

3808149047007542389672330457017003
1071985832729708099149

1406570120473847521296170864401223
3556242826577268350923

546901324852869006631206034439477
3451666405771443687689

1721637853278086906977531208236729
2994593155064939398921

3986380025366464887401431761934379
1294464064483328250947

3540441091630394550249542086070531
1594719589204231515451

359523842566180813264392951958387
891053874620346144371

2550310970197176223806009095483653
1129916900929177126589

1429166469129192037015567984643047
1830711317336756917063

763442459885910100711384195325807
570589746948350450543

3363380365136342908229083124046883
4417030374760317542101

1931930443125396199720680196982617
2733462945962016007841

2223188068072552936305442740772411
1851007752915646505629

261184098211190527792448872877971
2901180226912251927889

91222475173379854051455306540229
4615993891429034628649

1982855262269130290796864083256397
2181539031570992256941

434402735020834563616310812960369
109903794952396743289

1014896330596451566312194933588799
3411891797676110753063

2993804806644033283685336810833019
3631732933668495631637

4504974166688481847363345990420859
1733765832082549539217

1277092197877583147064561719221747
2293977180275545826917

1926348178079288289451353664641091
4699369261039146903899

4026533090040808348362185190679867
2932328542271199168467

4959817739018098492181592911915633
3043205572669872225173

4672286359487956025690628854406773
3769047626909101344439

682406642927861810458506529098091
3034044520162802067167

3160552263877397208402514446451283
1350194028638140946093

109946117613500396206677002754239
3842635918859117201743

2264229778396451834776798213741313
2454309635552282878439

2662157214500328751966963385984447
2741966098598300266313

3173855865536156206405342096170779
3769316298750498426659

4894291725424678138192810448986117
2677437688210805782741

1105004039125321346225446705117031
2424479340739353841001

265190029856711443177685842472707
721061023661191551337

3141515251824426462112695106977397
2208955609630067672567

1387241351913208077130941950467399
1495493331248367318601

1595458103617345347404934588998603
87041114595654658007

1239078816043913296811502388799233
983157361598943728083

3145329769715293462544414150959613
4216498400845217713969

715540470278060725266474412916749
848383200662649311831

980189199893083123384681165620997
4660432499237334787193

5082739021359542970432848679785621
2581155728589371731339

1222198494671555671914958172471051
3870011607352080903371

4946869003643060249233979793202549
4207201010893451231083

4233533152050365896434126220661479
1413256812268842444349

692538271874720336152181702184319
651376157012410401557

4170737876863120210382894702984711
3329204237479828056311

3945311136176898467022378552712409
3815452444243441277407

1405204397470866865517230330155739
2859992789593807960957

2518653980343733887537765356967461
818504881213734346823

3932661229323241950940425691671347
4168229139869971747999

3033550546291294662258010446099341
4571313790505998246091

4581916876547918552366665551078899
1743662214718932980099

4415192240730100150143980959138049
2604836116396852077371

2697205748024055521623980521118409
2145831874450462633189

4823487511146539942064216408508909
459968084824511438359

212754459190768154234082868240841
1155733189106414623687

3261556225620207352635367350535427
2895378584732028076553

4777344760469453096634932377313267
3863729795310496769491

2051513078865087204484934082692351
2215937304846916586347

4039279483191032673319491832556219
1494900474373281418753

110013235037706266707057641454943
4391638138713441334721

1725861527114269799172209586058249
2060421931489795546121

4867861395317201239686858150611141
3778000850195067367559

3738886837251267971663663439165899
669832029853644640691

3549384712718604501601354698352967
1954163336581656109859

3119393717713342831246783456185943
1243306111408272347131

4678867431656151484659136892634251
772258838291292103091

5141289045474360092299715400870821
1980342323672690606927

926774586167734970084566222919149
4570628040837293332081

864145282295747910948069257675539
2591348582947340338709

3286415390675473946614143218051821
1181759672275164311867

1538550441766703852728049387614261
1928968542982097241643

1271917680459700550936547143708453
4291509320671456704043

1442027418239838135046643828954647
2697232704570404113283

3807720565342155635741606864571367
39022737792311633909

3882308781784302844513123655827871
556950397139810759759

2770169743618383463021742565544291
2358842841353189632619

4718890252147539797405806885882393
4244247086185359613033

2178275099014057293806220243137939
3371325429454590739409

2009112612312236685606859485900871
4577171482909712449127

2609685897393262997908497732627523
2988511910264680295569

4688986362325954709271416522855441
1694736694665418027531

1293524963105811828448319632952917
3129559599828640469929

2583662516590709714118353104198967
1491146143731504092821

575392400009365490718340631088553
2793407172838657623151

1488443977905397318209468144493867
4353582145015422102143

350833761568185881732154367064069
3076716871650698659267

1988340129990797299370063583500603
2321606249737524380303

174281587824470627634282044679461
4495999871469229841899

745281169924246479512860783059847
2714744297960094695417

91834302130236727143719888020787
651534899899912688111

197813916108217684279628406691273
855808051061952264389

144635735277671216800106949822881
1247950369457993842447

2002485182178148739497067490997517
1175841031910526579743

1144798780849466546357551192286293
55040480946067988797

1736085607180530810277332843116749
3802780714982011284481

3960307036641937361747331018147979
4640359672410386286199

4357766596859579216075026131139693
4711234081017285058639

