120167821874764163564269
9346301

376730106289103184904147
15121889

393393460603287321675737
8394679

508485847647835289637871
14566031

286856404206087729308489
13153289

197809113771829740479249
11971199

1196491247534692739744039
8149481

733334892357760425068993
7379401

460143320682805043092157
13849603

103604559583909990333339
1162663

844349686887167696521991
5794777

978197819596702826778697
8750527

353925798638729893706797
15837293

965037563184971967706111
11657749

801574102722201835444751
14114953

785454403682996587068601
5886533

390392146512441548528381
15253951

1084972903435513760510233
4444549

697724726248865694967331
4799339

1028042778490885963641001
7557427

263178539129728967801743
7145707

475196467922476798004471
15167629

539563514447089257065177
12234163

740374957437224384697559
14024707

665728231772816596556477
2170153

987082360272110306159429
11006623

96764348611007047172483
7304149

610374497072194424815397
3248081

10554813311790902999861
10445959

794864914074485464187569
453311

289766533325134955079923
4038071

1129256987491162915257953
13784873

77362386541721113536173
14345251

1182186761058771576118561
3996059

1175423067569985800846237
13816987

25551628129796026846877
730459

63483344839186977468971
7190177

667662979633967300007041
12466163

27617681273182886574791
6051761

503025016704278552936519
7982059

527769761425900567987481
13997233

936224945589543798066391
1861403

242828757075485379285281
15415567

862123559728348136301941
2730521

377911505716829175343613
5315977

431758988627770794710219
2558489

37026411695517675633799
4441663

818126757178191152414573
9419197

1133298350227077857278741
14714191

1023844017906710600051533
8151631

590845602763038272836649
8643487

787425415504861550120581
868801

996384186058207354971191
7605839

622207444484267527438913
14383357

817829461254267955901497
6701263

481136508062735025599411
10073071

957312085447059616516927
1059743

445210336155692457043753
10436159

1010801020745652402304307
14568923

471629385877750796682227
5860181

1182118492726046623001633
10336471

365261995090338659510819
7114897

72219411168541208377307
14233951

573244848781294044074761
10219933

622408739517827284039993
11159047

729068351430938465477227
10041497

118697821331723601510773
13389553

1141150457530917900991577
3366007

13721517058809843166397
4534771

1173794179640293469305097
10103941

707957157955957670521687
14717069

34879914939287795128919
15852797

58282316048037020005673
5932453

544157792856264300894541
4587769

544584350381724053581573
2631271

828739916783092463202761
5579227

1173547442863150253056297
4774877

187808040053030695324769
3793199

773348415907705588015321
297893

197174520024868452399371
4690123

252393624926182868065207
5051413

202484349681969396985441
14043067

830281225763803019239483
290527

41416595266546997583211
7423153

942364595416098495737399
15676223

589274608214672099226589
9964021

788016772117008345940261
4808963

544181931931656638584759
13440929

982679422453836278014757
5196467

50362552250725539305363
6968327

584462364657347100829571
1649359

457213368669774572905513
2418257

588347954876534693989219
13603501

965479346107417641899899
6624641

1135543954534906800414781
2540539

870189010422095723315911
12166313

777744823730088559344163
780257

474932238343108183210603
10643807

1042597746865358316233113
12325681

731875229952530784393467
9605131

