1216932717586494977696338101089
3606394279355871835231954879987
6953368673313679184557415083781
3025890633144117363174129937919
5393435267997821436488929988797
8950238723136813603235243239817
8682833365778156421939147102571
18326611615276789915671703248653
2108646932085516308082128003789
416437585766906859180979879987
1865341866979374291817356258643
9153936605271683149144165219591
17955725892792713761599219649289
193222263293564256548826416693
346828185164685795616665745813
13409275667709887552571941818627
1143706561295687690095782641263
3241885458004841152995915547747
3715588434494863223564368677343
2557928517480343297457351742781
3320126235994131395676291896047
15458444268797749859072804174899
5957320331500818887948928867953
11852357847236463272290059470707
3685099289487502790537589142469
6483205204726173391509961057993
12416934457430518348696124728423
3354033318021163628761134872587
4993164705432451820307592381963
5877091161966120290913594225143
5422311972646530001360475095769
712142607678859614032770616507
2834387216820812248837446105679
4191697505959262998748030183089
3289952988996603038254890271693
8374132998151832731716662402821
12293927188991625356137392641947
1697190428197737332301634784153
1812329462231154545025902448253
2702987469721249677135043551827
1965265836100194993222808418899
1263702285425760629906098643303
3568721076511299578446006537343
72144094253723864151674786231
2453918658588374914528574988149
226235971116253393903486596671
1080040374807190534105271639173
107767196804344556729590057231
6258704651490603851584743704557
12340999188479217558496306939907
771032264343817459250013594329
2510745752393463921976290403433
2013518903149182834514153113931
66161367890281755279103983343
1042969473448896549327201793387
8378753614875860505615533508247
139508895974001757007383943593
2596530694710402508007372100367
295425832064346250903470009599
167030213395442294459682580517
1645079132145788539619437066427
174161343031059625740393213269
502269183929704151685863272073
1877952971275395390068292553519
1988502217619966600204008547453
8357090516272144764085461679909
13692591739123075700725722781529
16789427019767587656436918045199
1108549228628861353904738749109
870760234673154928459889357207
859808548243616718587303490817
8578780651485993248201332872983
8189487931682904329132831311411
9901889507178450992532089365723
3836671781089918353267495964733
4388529133192962429341791065247
1027725165446784184039924038611
3794850748753139916049708907579
2433804021589883797876891492549
9289290151157281393057305924019
6270115308826071192706000398241
3533672003147633777234956200403
11825674937310895471042365500441
490225329265118958211470095143
160363519214654703963813859429
7710878725635179278970303540161
7588166421790569248860969032001
1478649305472896669042849704469
5297886335787203881043843969333
8094045760311020630513678628523
248605125840254979005487725423
2112298853293435513792986402169
5841683297985978093776636802479
2616118170716570280843493392691
2325223198447846744210233368483
3465846323654602732259325937867
5739358258819182270680512531997
9040465196756490419239046008879
6465423998887535201879655698279
7183964628283336467980330010673
