51993518377
297768326803
284013053477
172649060933
579654124201
7965905159
8754927751
362467954229
734299864943
95830063157
483460116079
524537583809
321996336887
15952588277
181377778319
314418305483
46929050419
393665552633
49134258973
10102212557
78509066227
21525798841
823358912269
321270547459
45741764461
149704217771
47041518569
57223777817
31053122179
327133565659
238618010581
317359864579
10534052993
246748518103
109276056833
242554278641
300762532513
370713066569
165702224659
80659523543
472313144041
166957438993
214546896569
7868330653
292290990107
162012779371
954443691703
291080612131
61926263447
711700644547
563672980547
343922331617
353372667701
548530965457
175687808563
105405079093
159030089269
512950138297
26432899037
35480020031
107590156043
82114433969
207864305189
722111617
860706731867
816611433971
460405161451
53857241747
42557037493
504077514949
59423676659
52223834749
325127286749
297696879209
36625794397
212908360103
2850001909
581049333313
668971395319
12173533987
364502751983
147012626413
51331436929
130749494969
47488046861
637664650979
248811287083
383994492863
65099469733
11708984173
7438716301
7032916003
336811127153
373665720161
276424626451
153341308427
10590759173
41417755919
17300393303
81188770241
