6617097509716059139296913631
15162524216062840577199192487
24979042502641908328085821199
887530081917133695344480067
11097269004289291912644980351
19142849716094911731551170477
16031948135108639868261643987
14062241186003936488272933383
4054655379164055850612002083
21563871277430055921134775563
16649261337329829025559888669
249527149751328141014505589
6894660223801841936806389839
11145535103114480656803057749
10552145873676076797298239569
2121228884762380197555568409
19394014762233024756040899581
13822738978146795012921842779
5909359717817224842761965591
16963477021716880435576863931
7327893754143197122218394733
13105698840799846264451928007
763639911955165140638557711
16035124202956810414193528339
3807162598553691722181477941
4255805140699564223583840863
12387048938648459821240180669
9728500097623559412220500607
362653898044839987209033373
13569216034940483053438561829
7108997602672662500499502787
10365723082675170848419835323
21298496842893664529980717441
30699784100935590366234810649
12016969849746178801634786879
12194355694608680825007667817
11820875086874646292891190299
63065295879452761947859703459
48104690465605739808085288733
86110949556287949228843309
385586021533220833467750117
37969408189726028198654594281
1433820653249840784356819135
20767991172965838546768929201
1531885994900542722955140971
26334119879718886306740607049
6224431375303179721898072203
4492302137573887353221578523
6259161935346353555623817767
9214982329606614416011832629
14160765947919582681912903797
1488527067356367956813625031
3301083730787483616755360051
48075897149705526883893772153
18271478762651239067231773993
6199682422238646505398528113
14582265005575776878603355491
43274789047257149320133895229
46487240384201842718678289409
5199731687531812283759976551
10577184293781268712802511211
19185089135604981111759073037
7138420243802915208488186501
63686889766179813600544209277
14709344752688247553794263227
8702055893316663972444855319
32375227205760235401717102967
34072971996370695973792982141
10823424671984645342254481603
37128421242067997480603098711
52182443405558199696872432681
3570631439044255755413769821
45201878784011259892015689089
36891461244068771098959909883
13034953933995041856378461269
3752705805890024037933608659
1188083851869388090504949365
7062622025801794579771392731
24978776184444537262916340611
15894596441474359528532576251
18913436304742786778489977807
522850630498159165578693146
4793390764546111938367297193
56703188182418799892230525419
771015001615392190289591069
24551833253194347093204558349
35602176783428834894555068273
1991486429908759817929519471
396147922571058673079578187
30483553915156594803942546473
5220635131872771401812104451
7632876649763384189734237613
1001056181253858320889459667
32118399370367763554478335747
18471944926103353354987916177
429460606245346123505943161
5754808789716483136218630209
9429803927863756168128311821
44950557918288491460513733153
382249174265317856545287359
