484906938900667
10293791422020401
12598557622006687
30989867985798583
41709417014762603
8829050312452259
542458939881305
34725564303315953
2530159230613789
354481572568417
10884910049611177
15393520725805231
4253766594852329
42566298481399879
36124605851381009
21603691910355811
5414301217754621
9834585192028757
8496419484538109
4019111214593201
4685737189973171
6347282632498091
24073551637590227
5247671325854257
5233077075552211
132535416553615
224101734000845
6246251348748899
22492824082059187
815756585729753
6614497052231633
8663372415762739
14611084201274839
2268145044550607
5354854034016481
33585433847632049
2372715685846297
3984097416729799
37209880623017357
1581954539299937
13742000866177517
30096603850196729
34345623525356159
661800184970351
502553623771322
23095812734872739
15698075521568347
1440853190381371
2928216523016849
25032932151077857
21044393952841577
830901905178299
1787191611096127
34056334907181739
143451956709741
15178635974704777
19436931355463291
1145418870556877
22653750480995813
12836728472264707
788582652815893
26635301299094699
6490556294582257
20451768168107173
99166678352111
9611594466946489
535324710401241
727682544762959
10873856646537263
501608181420651
13783947943750093
3015617576059421
3772486211328061
5117390411859689
5946120439048243
13525923318871871
2634778914421211
10626094858239947
7722897382657273
5817618883039633
36485440785597779
1056462982844453
44455334731311073
12775460413588039
3153219675187669
18524066752775141
27835580850088351
14628510750854173
33046102145626799
25609402913858783
7477317309575753
24576488438128111
16266745482045647
1554959728883083
17315879987570477
1789693985990027
3516097092086353
27094126714272911
2835737714153633
498351240741646
