295043401127
210682225099

662286108067
784252308607

194106777157
511387042499

832787198153
30808548347

232910022511
893808071267

25900112111
286974302959

798824852627
467122926499

772174718039
432387887423

368041209919
488336246327

233141034283
446771034389

588408853387
338258490959

645700619849
258098380811

192519502171
145937748917

989411972387
511940627593

866445516743
68360858431

780556038923
280314120937

629890673227
920117718283

184185442873
897813370877

1036466919601
62095000909

198083314459
812768665427

377667041201
560773404403

502936348771
729428157209

384602772373
129788161541

984508353133
245640211261

848628652973
748048819943

622116031213
845245878751

212086513741
231668847181

451906319873
884516711593

824801319437
334648185523

990026291867
173107744441

1017645198881
240407579999

201431071601
65679336263

343280766791
279198668191

1054620494261
1065971732557

593388723877
869043924293

64884566867
765658609673

611701639207
627959365823

967896400369
232811011051

931792938983
708791710801

544289731813
111702388771

1089039298999
102232525777

708419069107
56953694257

288501254707
847135861771

863999711371
82899586571

697433057287
746623217027

650542738921
813565147253

673537096189
601725792893

751791670153
437219319557

1038055074389
146406949933

405368643367
1066460885183

189756793651
35414165317

142225948147
309011894137

82046859901
493259962519

299811331181
701378251939

1038093676457
230893304951

1064897609953
938650772399

427008379849
1041694718879

803775865069
218997747581

262227214903
371481504803

988219720801
141885785243

361792849571
741449594089

692447193083
265035426437

213110521049
272576202469

790921643909
567643820399

74586410711
863862593603

658613065919
747962456939

364355893747
175388308477

748606370189
337642236223

816215003971
1057125843749

902816047409
731496916559

1028790106859
1043739968267

100939704629
283706385527

836140284713
243688189853

279513259183
220018578229

67891088851
896128961141

705610234141
61401028991

739031893007
947600017937

648306727249
122200929979

119431180703
264134096693

792120800137
199134187039

158671189907
786424925927

402964186511
944436530377

787537587461
652085872883

13707994777
750472259543

552504974779
355241431487

732559353089
1066190422637

643710720649
932986043089

765879139933
463876898747

1036998311939
398329299671

123148702067
62441413003

461869288919
398211986173

545560201111
935839918723

394167774029
724697717897

696454375501
593846084521

274855025149
39817151501

912747068479
630392572661

73282600777
99700043119

157190629877
695009872379

815465027413
716913830429

317974240523
696579152023

