18117358359584414837
7601849654701103

10107574105722749731
2638158710901299

243537223729326251
19834581366586193

7079152498954931933
9541946944879147

13872981216903771467
11112825344580473

5106353540945006453
23355661784298313

1713336530501049367
56549227006856021

9038958047694879923
37163183097070003

14602176135418172177
6788504351556157

5288834633539998091
26179024988532937

9614534307432761557
349792593935293

2269349211081126983
39266364436392559

1216063243661417513
9972290889284881

7610557747649298997
38417131857547127

300847806776017889
19548507694933157

5231162238730459609
27136805157924431

7135752705901752431
53834816815789927

3588778099901821859
49083272498804303

11511106321557473269
38009849153687629

8986625155082409767
26210511138511963

14980205788626414121
7253383131072739

15543795898548583933
66163225837018801

10788430216156687817
20104934276837723

13872100601883773393
71950946400002287

29935731446014259
9281956156360009

15724716313699048283
52411928773658771

4524317964870817
34833334793529581

13948581137646226033
46705784236323187

10870793281286508991
747820107424619

13790757947762777951
54885666076398851

16423855163819845747
19238765550958669

16354566226286460301
53313716902529821

2710194776674336727
25341631245415997

2248687012742028041
16358943557847097

3075959827426979291
33364693141709197

11257815541222095421
23842196857485847

14858835062496353783
70162387852008173

16532255776330964141
71737405420942267

17500790230819099367
40330238704182293

3006754691744266129
48116576682420419

17819179036048932719
37602313529706577

2352087764250399941
56411338622404669

18341582010799118963
29173951378566793

5624855846618086031
1758087944454497

10642741410338438971
10398759425950531

17875574147721063931
21451410879350189

11891329499483661431
20600274194336699

12286002033631457641
62550206798154617

4221948463955146921
55968435673192807

11642447458152768847
56026763333611247

4485416683510004107
21993385112354693

3314256508696426849
68264313295650049

16239125112762539341
38519641062032419

16523684999089080937
55820517041086429

6681214347938447243
10749229688226937

1850970063439294223
37237719870798107

17341800741832784093
22353839033726693

13458953238028032223
11476243045681633

16107374795969896927
42650572492472507

5473459228667595943
65720313075462119

14130165039977530561
12116765016960941

16761976881104451281
63149617964420707

15191554129014453419
58829839651251743

4833544205059370561
36878748412837537

14032200707102122813
39245387567377301

11385639732904659847
53683729636750813

16729572036199348259
68507308473807941

12099547698980044813
30298402913388583

2611325202519404197
48019661703791317

13545910326700261339
70689057446806087

11477976510680605411
69007940005702109

17222423132749717621
26828400788251693

17444859330112640213
37443973690552927

1084370597925973667
33476462978538227

13338608157998914139
20757333230975069

14276639479287167921
31121339827277723

13751903303496310079
66986471039896931

4354379212217808407
67101402623800087

12780202136533901089
60924817887246367

15471782485139696239
66513337138477597

16358796693418534037
30279375800418187

11629324904973642521
7795574352132659

3946545416791446143
13162615989657977

3139728790381770883
65827500514899917

15632667098650349441
25502771061518273

14628173921730779231
66102440010201053

7871364587209419601
39394981565459321

13575204269632448753
17376782871370339

1282473984349715749
8389941899964553

1316936881014064691
30631897498090463

9952616295045236903
44579185827816083

11727117289575365683
57613841075867207

14900526030421569667
71599722850225013

4369591361618974919
45022414270066423

2412069427594960781
5895097563644083

17578276723009205941
58442780748113719

10080457766619588857
70289783538381263

2236260508121575609
56237900524549417

12398104517522122543
40714454727444761

10491672875218399253
30544395627509527

