21561738376172135846559690674805962799890727171583487
4458119059508829972357857587521496537408107541007333
22641823701033247916789497709612318510863641791449579
8469938667542735965456408538420104076768847546000899
58615243151407727978262441314963297595201140506770281
52005433513670281286383633035380486287093317417023711
81821395881426452339111404180497365697901639450691867
234783162851266582745241763216251309980764521743537
35269744787494821403639996612106437551309416884510871
36188724221337553788320235054231273347391235441185503
18989148640734208627802339770679354727162919783382267
329421063947313393312907483313833562942593989985273
4532913536332401850114860307858990676247418251104791
31740490911246164661036405780494885319643551887133877
3254173436722763251780188200295706462223783154896993
4414193323712033578941525945744488616275569109864747
14393464819199263346006543359449201809678730232672051
12835474329140893858416334138839572900651367681093101
54299398685300045026738815764397479251670196381861839
61943970651043076003736701528673998143692414337661653
36262762430225011647648265074148498323153121919955163
11374270714168314411295855930987728300945369578909713
59910091356968571350397799382320542735354315309461393
4104796844925300243689005707945942169409211189512243
5268400398786535992043688397261698444721131022345569
4213068148426429102049893156697566689683288715141221
19635889466915888417975458935829113709807991299769671
3061933584720911264348074562813411923339506691546531
18560325462242604370911059931831960908316825426646177
42117935727396800512307257475422312365776145691424783
10645451898326757270704738012308739278439248358591431
5066039984365433110114252863540420069299949649374749
11534901376604518722783546918075431382780113553323393
8827061904147676343796680424679851710005063063445671
112837738606465457246700977278713806588885606436697
25698005226201348375420987902247116113394201096629421
12790566675175617148814876217369229689063512674974313
82051035268807852823024300126680092328576159132700633
31092301184924617776213508906069332671148959334086339
18943224314936541044028130506133160140702395574102159
41854813076579721806111393593509581092765965709679567
27520930213730876427922168371552154137143160528561289
3341897026923364640692536764626002916855872366497977
10114553294045588434465799746009653255224635432464833
5792561160991806758380449402336277510493241786748163
18713598425282503482065931441724298198275380006851963
30614860923367251461078364109736594150534014283741147
28176457198333551935023560440816820439828309740106369
28420115583972969378831844448385565378867917515974091
7119458886864612367113002866946915481032688832164061
44816730358799531185787789538439458375119892540275221
73520295486609155344029247343594705185456969686558467
37303661944538161199052484304448259368747140323963453
25749537328394114905109785463682496085489614525268611
44415051569608139164862132942635749705209243442092603
18039505965667015557133409381666679587609112771808573
47569271663928083240368647930360805809026071212874397
7674750153917030202544749541811638046101249328238643
42233145447151719805704591073540110400976343444432619
28295138222531981300087460924585205057570404055686127
2332385857613082506989978025198942456498429810927821
16878718630878019473365812035769315346258764330334587
896581595934537223617581921271532507632891479182243
27115874961904255007563909640587538226563795341512461
21903792478394954000893415749679259149432390724291347
12642411701851460612019497087787567095879412894811313
43261055309401383571967526617336089243008603261566399
1134406872083202168845131148546333244825681154033909
40105794075835388142667158820422695289738757370678183
53818162453700612633509234119362651032506970234858679
1433941678791139718435748050861203234513917555272051
41855094881638672678585333246604887972444994176889183
9560170562463536233674671456592936609072581204634601
19273196127066038235760475991962348517122204974480607
64704014130916035248641083051724892130389190697726849
9860479013411385516201431204903817493700066401305733
3010058216246524371626523802034979961098540149528353
4782675422731526214916915140736997055992390942737031
1072723901180591917526151473317199420395764763114147
66749078832136876762372954068701224520238998021649647
23686125437331466932326467121310641004421459027828313
75855772475949641212716040055278263477901065265995299
15074347796849187087613890346993559129468504865585787
8404018412563093923544980551443432334628526164836057
13302535983848020232312600267657043249497617333661039
27680581250005684722450980906980257091836873136298807
4609282399759316607825097470509731882975114274911367
11483169032970742313106866129904758559148971095132233
108158090095446433648931037545141271145492178295157
51526578516118190687659849314051053116270408152082031
1902191896404402353187972138051437635599257890796099
23823390354960920193462990723486572761032523679853167
48736512149678815470838202237935064829479226407433581
6275700312356817479454899833866787089993160127331083
43983232093097863032242366345742886042894762002626291
6261792131281502174403605077928785548892149460153189
20547500246858222488616492738863505848707308530577833
49571619946463841900412839172067116889381674602003307
77704498164516152205722350489773521294004728195645341
43873414971341040366325058957344303224962902847234383
