347399011334333331228047
363590325407012124472417

270232175159573157216131
291208059790131504913531

128998376147959294486649
14360371785565463421889

86764375008139770716263
726941877629595507951623

840261144772685243589809
231910032677963260593629

399748928376046262779387
1086000811433005565215159

211864935827730105258647
90125312885555675161043

845069151782334535896139
1104076470120590495672333

235053033355104464724869
549045254069487774679543

792241136587325245606393
761906429069654226342839

274391979036541919020343
1034932143504629586460919

2228135164020797790791
235298579636087063866577

867537401363272720546273
1078118566140633822679013

911093892323557986958517
613401101400086990963339

620384693636960432116381
4468110605746659375509

347915669809222328029049
666221405560644620373391

1160403058096181693647349
973010385355840150725079

201171277816267802800643
883901858819906748680759

846268710642771154997087
305405397340474858531231

244906373874338721516407
949500200975858364179227

160996146798403212058043
373161497897151353258773

1138960390219470438864637
353223984708005611374961

1081715799112150109845331
627429472060555627562557

1127391742721763855444401
665801620229558983138729

167025240796361163976637
41271483561617795998297

234392767120080967478741
1158117092458257169795027

886944452588736493235929
831161863333717104578069

1058856315812175023176459
861970949078464151019143

570592785064732790109047
962464786406630732064139

48236784255782724224617
52754764186943102412421

291290901857341194733877
977989299053060057941399

420067889848275776099249
473211032526798028553437

1081044750096195810042179
685748462604945904512847

47404353638772649061693
516235953371209372705357

911001318290115278877617
661583593434007027733359

6537112345650105115081
737357267397499740914191

241921237190183052427109
535477469654245780936633

848033163677752375743359
392658740586946051014289

805926499438306869229829
745521178731616446273269

345455429399571506341273
337396878884250548134991

571725297320440853539283
276606619151691160859129

977134623115159822031419
1174139829775321554605443

452996678540178712485631
809078244896771679079741

199023627129393490626347
537133576004376460145429

35124545624597752512019
1083261137177324761205227

152557364003250267383897
62367080347233021675727

1040740494919155152023633
181581075720153212657009

621719200404121381852627
423028575263059426330811

1104062135279869564748567
829885826837665763541403

681272125543734162358937
657489832425584168600257

484037554473978495930389
817402916117215894085387

1195665801936549793532491
1092383177740791973712443

1126654745477460201885329
63315929819336355836581

115061804499565262702171
257723551342831347358859

1146911080614481172565847
17457317709886039050421

43884406959542701987507
1119124815018264398926103

803808732121407003645299
219923074059707927341891

1196451146593269117532147
437501043540183249766547

12712350628654150306031
604805203733156023818391

948092383214154035701013
481997897681027778342137

952481384224447701319933
446813088824945331347641

1023064957602837746557291
532543419203743023160661

962008393524793174652467
729145370127226425383233

20430693259514154708407
907370152699616735578811

700072543948772398852433
342761076199681092002053

816261926071777601078587
130088149254394242439019

777763173260933768255911
164978646344539995771707

372484754625932005120781
178431822750336651957889

301834937248514163009409
934526473269962015260837

714815351977033653202139
930330436634156655593189

388961334715722116321537
1192090283232868585218943

1096653475024811940090983
237582894136603551486017

478263784305944530531091
441632538816828286432019

975126918733048238454613
517108341760909411468271

540402524531074209030977
962919219960479258677709

110265148415600973354293
208423513223877425638523

437291055063380357572937
321852144062872440560261

670261919002051300312697
328334514134067523043701

1141644115413177700614019
805255426954982481654367

556908758646420491711107
1137329161839465005637209

581570858289376510751173
501305862416298954362393

686926661635084123417991
851115823841210232086179

857110020332876794265707
118684677802463254293589

1063596293224117132931431
843648963927587333021141

773922199853430069175757
846703044172369176243823

720767931607898176642357
587972508491310125092027

539067322445800384305961
900810852080996203339829

867917874003387613997653
417505618520641618255217

47120684996220730867811
382245942770647588963819

421220374552690061849189
346959953627738434716961

287236781870884510373861
111014510081412307524773

40514001513933488036393
615312335739457162458503

250831736646959718767147
778235779488337703732149

455936881168175909138603
696478442657284987802321

340780439747830782292717
849425390447198637278119

183282936298985305251857
1022127554011748905579921

666546352675303879247303
211392178105782165835909

1032338780835218442407039
506370512444580996831809

347950594202332683256571
331082127041806407779921

22789363040839194376361
1150579348398436010001193

