41127287
15731

115832009
20183

192798941
12277

188275781
727

82004473
16529

190256419
17807

188053871
16447

65661103
16267

48828851
28439

37695929
41233

43460479
16831

251182577
19843

76677511
45293

20154311
47237

163608619
5791

220427047
24809

132174479
25577

262633897
57283

176809183
8221

96481907
3779

145075967
55579

75257459
12757

16183109
43987

218416873
44417

150877297
15349

12570179
13903

44260781
33769

156080251
44273

89667553
30391

144394183
43487

101279839
26597

31770667
27673

19449541
9043

18079427
4519

201677123
15233

158180983
16619

146906147
27059

209920231
5839

61897463
4933

268006111
43151

22125511
47119

33229327
11621

242104903
37483

57637037
60017

262526773
7933

74147543
6427

10478737
59263

240628243
39119

158984071
17971

124157993
20327

214285151
63649

51169633
5869

210450077
65027

166093619
23071

191630801
56773

211427617
57073

77283313
42703

62812303
39047

179409089
54577

258354659
24953

258545291
26573

203531221
48311

259594567
20441

28592329
62921

138986867
8081

177181261
32257

266872751
52733

36095681
42131

247807873
33331

79418477
60661

129611029
29021

218496611
47807

253557677
59561

203190587
46381

204731333
48017

148863569
32051

7653007
15271

180989483
54869

178424347
42787

238384411
64811

125083787
30467

101256599
27551

265229897
9719

102926063
12251

128288753
37123

219441907
25367

58236929
15923

254183317
23813

149868307
58061

108679433
51427

248512259
62017

229127809
2731

132691961
4523

91241071
3041

111990233
18911

55437293
17239

155348939
6113

169885817
38767

101952377
48221

241918367
36319

