1437379114774832383787
131

2228254185963099107551
233

3798336170664082485439
41

3865832212862841660953
107

2974121282703977332181
251

2924026300956028417043
101

1466005139564338730993
241

3679290754964828258429
137

2447394825009056094871
23

1167100557567108733477
101

1959896982251555554421
251

4551106036519469918867
167

2437983468144003788171
5

349655148246118048979
13

1219126221944219616497
103

2091093916998397436899
13

323369448313216655167
179

2241386735230788944803
67

2166962786702319751829
151

3730690091924218207927
157

3570175305615176563639
229

3154842792753879407317
29

2965265106428989249033
23

3161464271422840488641
71

3700096342868162987839
109

1267314354626813905439
241

756407237986165345919
229

557558674671815880017
11

90766895076711575857
131

1798281059247546374647
7

711149285590591981429
163

877634606906454640357
137

1721044749815796969563
23

896198193701608762577
43

2885232395545340826043
251

421845792067890690433
241

1243450644749668668473
19

3501745476281320036357
11

3786354116561480375081
199

1623125344555069049711
23

1476909504956875313497
179

99797847049084099259
23

1552750967868515944297
199

2239578964364690458291
229

3862431139924375053731
71

3300092726425480250521
251

2253361199658303815903
31

526319917989189708383
37

2591762089877093174551
29

1957169782762437367939
59

3465379969112865762391
2

4029173667923459498581
163

326313433103999403157
179

914702983663097800463
139

356077980973053987751
19

2212948825471304359367
7

2793215152630745014859
109

3458343644264236647511
199

992854456148054409181
29

3176901009847007199583
7

3504636703603775287753
101

2568554187115186249807
101

410428875714584231759
227

1948501407468908326949
197

3582990755284153425067
71

1698561870387713643407
239

2032578147464260464977
173

3465564034224776542711
181

2393462184773333447003
113

2468493481933404227977
241

2435641050337082646031
223

2377720236627341239841
109

2625306182335824359587
227

4458337707026749893553
229

13164191752139183687
197

2300522016023708292703
167

1953841029659659177463
131

2734383716131559678597
131

3691364238993202007617
109

2297439521410651238011
19

1692790407093938416477
7

1231629371690043969257
229

2128185264545904451007
139

708169201932698108731
179

4528865314268650277249
43

3831657498435104791499
191

1971306976744345725809
13

3718695622562528702333
151

1662597799850552764781
73

1606506909936222870671
127

4078698272439244058051
67

1197557652355805988419
229

4374838781319498648437
191

1623851712992175012733
23

1550538491257977738017
83

2264020078975566818339
7

3404675135042371530889
251

2088973616553354623227
173

4560949002042973590203
163

1975909274403486086573
3

