758755508086379289760273
6657827904847271

1018278955202376610262687
58351763688826093

47066437533158589569017
47699845523793361

1168028199138062663147657
13790015471088469

672329072049026511786691
14248511737178063

1203999241168944569294411
29951393954327029

394795962961142722886807
63690468479757269

951612599281743498692867
21137290006401169

844700048453265921435997
42800780676062957

1177618493457494139292699
24318835595259497

897127552367130702165137
58641358819994947

1187152453807444172727949
53440063428730171

1115590378889804759527769
33008122277018599

953809087380109185379981
1819922348563799

1024619563125042353977477
43603101088894489

483468523932964437542057
15751532745517493

1133656586309128696841263
38114124109579901

1204493121461987081860477
26503084356373333

990920958629237634401219
2389946752170863

581557577149041226860983
1758176751826793

630611097974773097963953
56322989734830683

1167195555460611123857057
65829649314348463

175440471933320154654601
23914893716491027

197334527269598236376689
38746456654927387

987381812778591989729771
50229806000097947

72129403480418641173431
5862983751061583

1052498885888471347364167
23974107074629637

340312864285033922020643
21195536048600003

127643968226955580491799
45197155534992737

147002326968618467230613
61322759690409197

920790715516169273035111
26674989576065407

977077857741782466915151
20718885138442229

916207279852776685708147
60982191730099109

480853640877626191967111
61208145925770841

152549665699346854514773
9374373696798161

61448744382818385029627
59611146125635003

482443767966194359508977
33195709182445273

517965970389656965277807
22693387157530211

636829063287007088278129
61891693695918043

821084409342160415622557
62864555142287189

1043421872633047664201803
69400512288336877

378404742905147917659119
14897341638140443

1041789445611287126549867
9586876626588769

1080395088513918643119547
8408118310000627

183087852872988089838257
41231201678079767

741566666209237163100901
8224638727884193

478409459212730281265719
49764176713732939

351023393833118510301557
37016417083328687

1114005072637023908389547
39424230490715419

852755692937723071444313
44189661698471587

903474689890401519328649
30924694929302423

279636151846005922817527
23122983552342673

40809052820858784114973
23107937499905243

49520837221750430484847
54635483259232277

1166912568033354151962373
42960258627146761

812926176020143283569501
3751940649431423

245607891125008304569981
13209506070969443

1089160019461038895688779
42772335582936241

929494013825712142674709
34617821326289863

192038629091465320159657
65396660144038351

483141105355938961033187
52951869234174523

568496516761712284936207
3112883094964373

768182861022924552171719
34629889522178141

411587613917583400915363
68919024812673443

747628192299597824072527
24185884549033499

61491436879322233171243
19247707771930931

99270656513932927428019
63281194198657133

1204944897469992279222551
3277799944333247

291582244701846484033007
18194621219347501

142582308769621440400753
35868037130661947

708540812249076560373967
23061610232395309

1008040090285272931773613
30923538142279667

1103482113698868428656003
8747373858628663

813012695936261475853771
40738699978467199

237981917191821165772261
63206453476006801

703881097987339445665057
5132800601721049

1022871155001554873499211
52848333938675137

506497184043072039017969
7724876600789599

1185137820420290577562511
5858044941916499

315077389912636627908227
23872842960218159

388930390962588617157343
12521523383826179

775872536084876350570517
38591345102097323

1031365302117137091237733
66618762334505189

849862069644116978830999
25005798272740783

243058321920091557930343
6439461489911183

854678560226676517371313
50342990370094207

820120426324294461863251
67251137385575411

787679414142455878678837
23396712257389001

550237180828683467619529
57734485554777307

115010145488022819398641
46562534409744191

488291254948361867012749
7741932437917127

1021182816373350131141957
33534381705154459

1163654643073704829967599
28434050646310189

436537095283424243708881
21487096608836479

762484419957637391006999
10507285543709051

251669571981081382497797
41621356061037287

811825404621802404110593
53877129220979387

78858198740203518541427
38001328927691279

471682400522021619381491
2233160367282743

310397745460051471100479
53226830344928021

