914511179729610932496914183047554049
694267753769

665110960225750196777090467192063939
175991847631

18497094105782825975663505164793589
628046709281

1145567174380260992256735040064350399
250165142111

531602529085968496565864336983563031
954683011753

713114941863638734896298961994363941
918870659227

962894849197206695272303828866545099
280354868309

53463983788515975807630897922988299
721801773241

899919364989059833189431738784855363
929385292903

293620530909888277824063949910069797
316909742791

80106878241325549930242201091001683
569450281177

1189221617740776150224628450386237131
625836384067

1027946339293302663556834461976268729
552018422603

394104241226485343739207549249753857
416671540391

332557626757699120428064152157098431
649395240199

740457588659140249187877240866112781
534338922739

786825162280579970352830828550675973
42809399977

1036021073259893321058873479459561167
28611637069

386831932159805441544895297362761447
831524192999

961923554197323262199016112195105333
991908328559

285051197492119732242114737226401701
635094449993

455083848255507618983461944976172579
785223471217

787101932312756776097108637259265713
1098891750197

176931136709605194509896612233961367
481220665811

1061309252162911790835661446996449999
970781209061

718849848411411947129194538544813679
113733398881

462087187384658052411545842474628357
1022097748691

359036243246725590616686611150250859
179264556337

1186340789886479723488571227905483043
134030916541

656469724300961336194432638442876391
93722728961

1178597741073151548827256552032714131
728597160871

900749762134877965194384790012516711
851037087877

308509390260755534446223456102038033
694166705627

1227344795955840065990285500950456463
373517542633

1009584100711240845458605256484124397
501137148851

198805335088813650468129101937475757
1075971951673

176576290293641931996040248827599181
120680402459

695222194508109998862159890141027323
482414239667

612084700745714821529899048218493937
1042249676807

487717845137477925040064508885644269
977702783459

1079136135417021549183678180774700201
596666902913

972762608989786127845180252631498071
632055486943

467674904627221425197084681345737871
1033017107183

605848244550608150382019826499729343
797878074043

1238438427071046361216421539464928307
910333936933

1315470263422036170291903110555949827
236754513781

1291632347574842267450366805854102867
241889498843

187883567711336661223785397935987079
1001115326249

1009078873535517556590844950100066951
1005156725029

357768561130733518275776264211873311
122245822157

908133675399092893180244989807997549
790388658029

265926543782026339559175934243394453
563931822277

218227941605959731918776387544519613
341906168789

663503409356759560718655724613267939
503069991551

258108060824242929614125722251402969
320820832933

700701631351692362097588472178414759
213563102911

485808272651671294782214821809874943
907923343571

63400754492185703202606700001275667
971223522133

388708219749106912127557240419996559
455553722929

737965090672113359060441814462973249
179301841619

1252949595616291953662497591132079471
996034372841

104877625341178635074899874952363707
38764347253

891764789811138135299399999484355201
803943890641

711510906846542839413623597488846393
314281022483

630654807625721954114210208226292113
913120881137

484549232632071383395300148579135189
1036520845441

620739690866138671244134469326787713
791323736627

319203991245273344731916836733710409
644015892463

921462149140666429811993280434232379
387818630987

951298832519929983455003619043515301
306860927977

539332201940340563568158210057017543
369845587703

861459832998370443124262111075058079
587095572059

416654791057047284356215897482583979
627543162733

355267469919780820076819934078558673
119454127999

196346591296147362693364879164540467
1069085291969

1287584337876506347812013538432807711
399072630997

656749743164443140941173459351994777
339732610067

658195273162535103588814008284843989
1041035808541

1185395173935027243888240416959006591
621303215651

103083242671112071180246166070918127
220903386629

802353613994320554377460063549219517
913337436773

867254927932512700403282887158662353
1081701185051

754071782750007351615399253174146193
280196853193

1260430620062122694546852400144292493
577326969281

163836809923918770359460334708154323
325159093943

945100955596645188240497949525807233
804808430003

377912979485869821593637960354597197
54931092751

168294719572421779143558157538915801
10744253501

1252562964557772269438218735646190761
709081658849

950591742956710740950639791823892641
306146580787

1113671095318229928553095681804499993
117365530417

1035537143500757628304046037713160797
670993961243

1255771734703359044409071638059916937
911473035743

784408690571940046119468862613400361
1015129113931

949652034853509070711010126467430947
380214376459

521895110732598270145108992523363979
494632533223

879547838638650827341262941404665447
1025367245429

1289463531335234016276816498575543153
291376277891

229612415326997627413178179210842509
126205589329

761820957860777669193464354317386367
127785396911

