987664970753691612073844994265212978342727523
58127935653027107644400438966392696552349129
1044153856255316131403571667315538727341943947
34189871951397802914638620560178000974738739
1523617861184658543043060802954897471322029737
1638851625399631624349118821464031736725143313
786429360202620975991937140142630918682181207
36816111203688506050158792467347285046343509
1162799613617555540603847350226670957464951277
3029530039357496166380174759140140628466036543
3317516270668573149945950405480206115970928243
1031860191815273303150138813008329356229757219
712240594615553195474964396575995257006830747
298727061280460085326891602277863758990864617
3768959481400759765492808571529861433314550533
1307327058827154349856651251164552651362484019
1122533276500187273461525116913928046584290403
1285526284705455607170877490553186662629444423
94989941248479942542168492411038660645310621
1012937908741405175493645533254922899014459893
792082573671300703303950524468486381447277643
383228031899646487756753826135462846897681969
402112956879588621729050212343563957002661429
394987181699957435105494483578408173753789623
1871664451423458883740079365963891369600356977
344980227393131148099735659529152207902013453
2649295760196009714733838823086823226769844347
3276933600809434531367821458474576376568691389
4924944931955849322983878078204839109736164289
1263742129427496191081122210180286952271783769
1035620401949386010434115851336453119974705407
1096004491192427528690675709429147512355568759
252512957120505995667819834508493068270565711
1748602521210767369934091672002854437767038147
1771528014320636292005389929937539965575276787
423445763175165535198838087469476461682179597
3322407540654406793125522704039494641116723301
627932978369855507769537871508273674809036029
1198452578548273893962595763693261179737523779
870687770646745776095819993216267626793845627
510043773484796025514099529530219746762216577
2985630768781119184390661137943338048737394243
275354620676641442352486110304340459024824043
588934603388511995646298291915409513461502843
1308571265212394359744844722754950282345336693
218305730517905472133014996250116121454412847
3523622064972604857664145204238178484496223351
2162200573232106460090286995149534902223259259
1134097897071405281443280398093865996175136903
2629249029179491123567901086384645940510609159
5400641839826219445466635459863805643979342969
1209959826628929082590313332901225919590994741
5016221334425973258986919018837570870764122651
971147873364732500646872167690241294418374443
3033624140321798013200719416929582821227883129
3029451424725202391100095904579942069972119953
2742636567047398286521411722328762346348761037
1147054441360595163177965331466986024153643391
756770239626576719840732130332718858731021053
467012052940776225591045491990134966876372621
380718932446479970763512627977690477785449871
4442233096876856465142932959475212337868045193
562378475854915929086104610645718409926572539
739388399566971366662350257004791564637508323
117508032661629446102700134628905636384103173
4213830341810529101872608735112142093626729343
790629284880598970532121218670047844474580819
22060908846450900575084472276755853118199683
66280006308069305746626443140026124129829921
3106950143762507302120795697654117522462904631
360630307907196050252425726149216146455172519
476743123663866023808078918632102244568788449
3832087820447481472334532426313309012660917521
3703144627185795705027360873083798096152118503
1844665823873152427120693399232249772103076289
3565998586418536643228902406030806954077453071
1037816497633001883575454904971526483238015579
2750216680651176791741550236409899061650274487
4369056771787978823115746490349446583802075729
341109858728606361139865236621488433748426557
25713874270380610980724671816991546073703977
1073613767970853810638076337062017711932144453
182699695668258158371612138149454787490530159
3212908256434691087535712306188135354408982097
680813202818193624613831351836730999365605591
2770417716659654173731692744603713429301260463
334070046596621359091798696072655884633446109
3414483687358102026209214622203564947024761069
273487557486533813650797070477670738062101407
969175720564514080464427057597288725510196891
2328446936188961144122419166672114126753316579
977712743454178844601845532491597353599969971
1117585239801351439726706975261166538297166627
1277752278711925188289900290013743695931553159
1801146587454700621537658124784040785101360073
1039690689547870063475571807223562508619945513
83526778803306538689481938630264559943689991
889120868555512420306967094510696658693630823
848500543940198688809447297295890534356104863
3486116019774104447426758127441528190765678923
