7571186415371
97

12824456900939
229

13301288508857
73

6326551451887
167

10820523941377
173

13387143409727
71

12029651781157
113

1365348579677
179

3755729353193
109

11883742081019
251

12116460504349
29

4031579363039
197

5109701426509
23

950536585127
181

2337165793537
19

13089959247679
149

9950146713769
29

4595143026797
193

1820042659087
137

15734663022761
31

6593640192151
5

12388606866871
239

4604855755319
179

11426681720651
149

13352970570733
59

9457868454719
251

6852767490871
83

142992649301
173

9301039733311
191

3711641305159
211

6341934374647
97

5582447501627
179

8636612813449
83

15926017842551
167

13710052118501
227

16714277046367
233

6850521483523
29

5176742476553
163

5919299027209
151

12313424213491
2

7913513428361
37

6617721983527
193

13224224045639
109

5537527754569
107

14222844363979
109

9969347899769
199

9430796031989
181

1477104837029
113

5551199454509
47

6154499930413
157

1468731465199
19

11622846145943
73

7772373164063
41

7291004449697
71

4025965369451
113

13918300013887
181

4077641442811
71

4171477048801
7

14046244242061
193

3263152065049
83

13344803017267
83

14933722459883
163

2004668826031
31

2768000525273
137

768954436711
61

12902911184021
167

10492008115549
67

11705958065033
61

9785780006777
37

10808735231537
163

2533790802743
31

3022332468599
211

5552510391859
127

7088466226111
89

9779777713757
223

17389841153717
103

1395980848909
167

447621589231
47

3761882866057
137

9228074093701
179

16982743846021
31

296941864511
5

11081444406463
139

11886382322599
229

8123159463691
2

3190344496711
59

13594541396581
73

15126166568171
109

5380103951279
11

5308963426367
251

13493040051383
241

7095903169217
151

11501616458869
251

3422731094609
47

926864643391
23

9596514154181
89

1256453248777
109

12552747486431
61

17405693047627
113

3659179668289
101

