49633694694788467646863
678745898134260903134129
194663458172773672942373
2632097583356098370131
43912053347900321345989
385161113097975491031043
1253117320551012619343
3375107291577460628323
453003979419657399613709
154128078560916777472027
222969061045190503945633
80071884014098539792133
83057302332190936226747
25304685625891059732917
531343377085730176504379
46694110705844309389639
590144644566594486879283
49006461649260862934633
45208214703521787899
295481183397046212159889
15165656820005348278207
4881469142134659347389
77425485073362555988577
386435096773029638884633
391075571456832046111771
363531258899349255860953
261877314729597460995433
794049798024442938170201
695624881682828475875587
364200749464510690765981
474177336074140626402617
643648261129521676949047
151628923187102204935067
14422712183085977010563
45963239827138463469833
579723867510002096196881
86843256898138981877453
14117438299103174889559
695537983850401320853739
803959025577071537591741
69771022843906941283159
289583440769746199713951
122251446537517493560207
938058420132467628853297
100234628143240281665089
11353778272425000848927
2243004203238264435241
740478406724020535975791
56661358220182648156381
250858274071060034394787
47805257953122735958273
465582344812841956469837
14378377180432740680713
787832779968239537116703
463378828611575528009581
162777665133022542720401
133872336925698457143157
176777308923760616236331
986527135678475241187
360491940675593536576387
430151110484163118127327
13172458901063151085757
38724887748474647986103
131282642059907060420141
125093540947020529484039
445159335658151913908801
282631866931021565732947
703710390572705469353923
122071304002571198792929
177981062328354059509061
168159337607227398323977
58212976205678066812367
33750711044947231826753
195234198601213135926209
8545559955688204008697
22035149649756118443527
699902734082465998371587
317491397167323132158359
41027826314850295290827
278057514278518927839301
2419740254671538293951
130942146255762802162717
142133796087834649673
150652180477262203199671
509722136824859849694689
319632047389396778232727
38211218594493236108659
783819332351863673144273
632681790312372856533059
139758609724193880402091
169947338686888364753213
216620572373889234882077
479176156303908452357077
112896603133077362584753
821202382119751028685347
496500416673340850546933
394410209568785857030009
514501661662513439760499
1063877526212313819364571
4516313340118928786059
