28110817728079
40556115001817
247598423986853
28067722979381
13798150144351
39922567500799
30151349538581
200080427006203
95370911621917
33736376484901
6207370605391
15871352201941
968850405443
189657402730253
21037664782579
36625208001407
59710593570181
174797012320657
26379862792109
169379621924881
73204927865119
62985998609143
2246383913381
101041345695469
35464406802043
2169690309379
17967535630111
14873651868323
132769940156731
2477333827897
11850400990381
49402664590801
18516856724551
68942066547839
537472611917
186208445553239
7966273318823
210073269123979
76786387358249
29494985342351
52967737997683
45135285277897
39432608675323
14198509589267
138876124829851
233953247897
47723645981783
1738924063397
60470178690653
84292345579567
154850918917
81028056738523
213300279346919
58572963180353
134537077705099
65671816827739
89081050914599
12505241559841
33843113802077
4697294984003
117980862792059
139922728744637
189686588791057
113931398566033
113920246432073
156233310738293
92650652074817
68021219122243
32882244293597
70041853177757
50369230490987
103198847898121
48906455411159
1185540996779
68753884908647
185133867264889
29802610840441
3881683403183
3409514214011
42690546206801
92353369121929
57652667679469
79058495329453
65976575427743
88634418043229
46147733528111
231336970023563
18326995901867
84269924874259
240332111400851
6397456178359
11901155227279
51560660383931
6834134444437
18750089983507
14218146523549
23284874153473
126726341281061
15477388131313
8855406496817
