42624587699983314132528745254037897244201
22423094432949438457265708733451949022547
962308501991064428202130881851770789009
3049284704431799950136116214131906470419
5307656184857650751594629267419246636157
24042660123302607469901525656564456337297
791244145370266576566378170919515602771
24901981477871993404001014932106791516169
1436343954966669693674956719861578803031
4653842276795602680327603052666048840193
53059978238955425113626850599567910585069
11739393649095635466966489950877642230837
21508544251142942584912477704987940432819
52736516203873531371077891167000928405293
9219121101118555124414776504972447646231
49497250770806080482922789215455120664523
2635276817845819697409758477282230049707
913711225012783292457338025221351385931
20903942037895233752431895587230918541021
31274702564836197816415455612291095936173
23369855947814635113283740325783940724043
27425470808245480594971311182200499526707
7816649155333437744730417056766663306811
27052941113043877557784111141100063922169
6701702912579787927990240301412638624177
6702770462454399898861167032389293230111
22898790725895832575300359380929204195091
14819117039554615601031275551484154489349
39955008510153095970894238710215473747103
19047829735490220537278464816809220902869
22067690638759544147040261941542079515219
26661704299023957619626402456065419118407
6356066585046473760378885953987189760343
4816540899675613064799836120204699457287
5722207596844451660081613039972796327303
29840877382829172129791848899671532954997
26860688610679094185178606454092085776657
22133412534163645133748163500697376306303
32012462553833652575154625493502171479839
2931654480347788285722966572528014870477
970791939463128654635191439397220618921
4940578796288776851518700345395959650319
2965100021624746228693695664156986187189
76917502302030231489014464499079284264167
656330634445938861535734583181208291329
6927402824510712757091401168439899761107
46690939211390089270042986012985383646219
28410626646976564541396433045039717162397
12627331536389747538945559616693371383221
25776439512042236791264322934569467680851
35504381425657180771180458146163284447767
14332457897219362815515671488209298810973
13154195295071226343448868949419389941553
8211299946900453884867983735427664419431
7400829571318067310108178421643390451447
51616055023569227803152112981960133660537
70554306080543474573123648286164436223591
570788627433179611774204230767787958057
43779816969302092215598868543358747395447
41236202430783062726217913799311324225739
71827999972673328191710555497999005715151
56042958814781318671078473347783725086599
28716159154198922973653831991271181843
6994324445532204807173817857310273373837
866218000210472654884554664748368258619
40223264089672146383188472050919170863841
71199638678530671365290292442936407046839
12516173616429242708992616736244829616731
7443946188749000410052156263890693137437
11986660147712751568207048009108886249831
9324835913229286522703540150642175770111
11595403800218787294150574397153622975349
11772304745226369404603535536592879217637
44618953904388620582185417917831464389873
155348364990405803942300249704499781139
1771473129721151732603189904861561399221
4860442483642139828966638543743681963821
32165105503164693259523460016357562780441
4180141391022705513311332742149639652267
2576510774751430120677373468503652472711
3735888000931634074469381819552064776809
35359588574525163955077685476112295913173
24805195968037802943313552381538726281711
814930595511635074010499072907878916517
6411732267652898216373852226122848113103
23869474625629159680874719653283615504839
2280785670040103839448546275003226687797
7100630791141266378403998178543250227997
38823000594003070124349998762602733521337
341340950524807653132974450570852860841
4477752320114171367937031865389238358913
73215699073272716742975830802991277015959
3360011059017865777259629033479831519071
3243468965755463055879396606507713326073
30583313833318101678860288952547875306853
9346502408591635332910171570895195857547
41450951223260606803590413380421775972541
607724014513986857587493305541261872241
3706455938711157505512353832904826985377
3501541667874755369044975956291141967799
