826470029894424783726457
4716385095849620591

1027246214038185552213641
9678446515498238383

426194119972956621678307
18423656182934001977

598313287289001845773781
16943450672747895853

469397955731900397725213
10332200639709452563

267686149480216503241637
10683189627536114443

997886585492323075244561
1924617254147147533

311005022797619889963967
7368994389096648251

1188616027732658911246363
17965933189725195989

844409271655376477423353
15484496608027884347

1116972226572524936650709
14752344973200997763

732444577392681944024501
814237551765535441

664149625767750461771581
1644503511961156741

848146908935179983184483
15457129308815889239

1011397421499687303096437
1919900519143757309

677264290968577191531917
12852752881974248099

936903689652399055451833
5077730665190062183

1049335257675136699780619
1972074702055790093

883662726793919311953887
16720543616209251001

701698800486979145664019
17087405597976768641

961991180108511276554381
6824897866723471153

810939389006400622741621
8005255960328514443

379597984536078906279581
9447795344744284651

141429562474701064444889
825923146459923791

959227117694900044557503
13818758736651712399

1185511401532011893781209
8514365441349611983

525258581059759996197893
529432383277069793

535224128702850294652661
13558966595119581413

77634046213259715363161
12655474362317675297

701884463139967657217923
5366300746364856887

759970255559663204759509
7071765653010924221

441218038822541394793723
16225902308224568581

746766359142038898648449
8683053254734352147

393955948711424488239379
7260111239362893581

744630743897088268053389
4206587551495857877

165941394230080258244297
4141337446726892857

74005589617803421107137
11187509579981264771

573400640345065990661179
4236496713125368883

1201732632461688432865693
10372307617772416021

937973790179189472237553
12908819622087373837

1109949298256380906554071
14643154221886944469

1089369567769133968625587
14118383481254464429

1029376953045935518654639
8219501305589729123

273444143474841930218869
1470930629637382469

141801629164601451501779
7202785491738986309

67612663307105038708259
8708902751658082733

1072528903396481699098807
1492487542430759411

1059054629899068251947733
6068362918993768597

658945395793595345757467
160413506621196601

224221646585517026646491
3025062057237087611

1039256082138596448996829
3995467748506344949

762940448404130350737533
6652969081522564301

72663761749992002113819
15810612852233492669

818834497681294534910507
7438006109711913647

299806187817455120102117
5241187883637818533

295687905190297967799443
6447542238302672737

95290154360747731833977
10675183603581788779

185749588316113880662333
17177091748280669707

979216594236530741461039
15145195580693291521

1059668537570015817335909
17802296532635971483

295715671627784301067847
1056428732611725611

172047444222569962848553
3688277304188282569

1170443615194279592551211
14720115649103021429

1034838802625535356630257
1504413227489797909

711534486986999884075837
992604678597887189

1160810828057730563106611
12019937772416740643

80767076792679186483809
10139858968693720741

95107810539312385946057
10872346873118721103

167017556230633686809389
3175799251648569113

195446064155715193001131
8118328785381814163

591237456994394713700831
937457859400139321

636813640760330697301123
4534028770536539333

1197468260900587165745209
6753138392933853887

723090549424295515733947
15715195743700628521

18063452547562004578253
14457132999554508877

644266164967943088034787
7004966183880416879

1047179526392791150927927
1961024036790563491

1189398362911592450350241
6887085442010475113

496887597834116075589623
15367352283595502447

399202821819710035144331
8781809603993817943

470774014409073445375051
10395136038376399559

826213211018354458075613
18209321290417130717

590035614108705971628061
9584142851863910599

339949239285177530412857
13552679349783706631

781408147671810985068881
9476028526968001381

532608321060066918835031
11867030637111425137

1079861032514987677524023
15124097343123034073

996862223650226878105501
12900790730981906651

930867907081571267212021
12222719688113687279

500169195021798161601823
2310396194316954089

587345612414572213945601
9772811764205246441

861710811093337804290257
12962064391452317329

418825395524953484798347
10594435882377847859

1059339226228972587521303
15781982870361911023

244116365870343865910677
12202679832935128703

1003403171739018978317279
15879055721621628839

1203597239414902900042157
4500902129043620213

855724853044143661617253
11980672423117095539

897845815418087474519201
5122989417456026033

958049920660854348671417
16810791855882050449

