24674061446691508800925832500022390716742372139037
53027275207418134359890422152012165968781883133629
395510510016047802711122126609204825600862736777
49255476773420082518429065890806568531710739016279
208261089797922648332785179571178489381990860497553
14784504819410137911750234898853397384629946915029
88444474100795790850950881186260673379853806229219
34130003067262544516211497289851226455091737414159
54336373775787810055397054737450203629045634499523
178437660231601173774805210159528969809423864090773
169613121269573631496261928166078368531056767961231
200632150096814546174296031668933365424498204053977
70384768390408582845438767838027103307465721666179
95470715178315622893904394780988077358093372827231
30916867753103831874836282042043603331313099210387
34011816331488288328166913617577371992174696790917
80058227607249431000528381187986660280486021437969
3644948645043887838600363743370436886603020700729
142601128857338242183887604859319712984659386053649
260819134988955475583972241871368968090322375325157
101321522178626544998518949294383229492996276139383
8299902154018803340273009228873448128179668961979
33341556709668937308770530606710646840745270766511
45641739919973932628722265467348506116512430745937
72222822936800928894780481754366769840351708446459
21113518272292355234930912441702471703397955930129
10150246823193516767021000730358279085955693514813
211944986723551848858445512872401057987467797467649
252048682207238879023378300439076780991188690851807
70658013370010055977853912768560063053485110210681
40051445499648438059497363162528041582152632726063
148116961264528640026554638126728168058333198386783
39106586907407831594238262260757923656265349405867
107454791199979138160948398010058927563225503854799
184027694241354271809102405558087048862485669468361
64511640962612407714788322785353766625982470844591
37945638224055043505139740312974538177242508064661
39945149246772589819902824162071283462589991233943
107180450980142527949583325339624434398603224622149
21092134426481415635204564832234298818852378767209
67723861089277904971449562433216166109218892176299
53538564477792034829601266412153240941206689605797
57150954744096346455749714835562165274990054438179
48844548240860204592252424658061436413549526200059
32882920543785582994540007512220940702069994723729
69813381574397211439659396421863424667448566465233
37550999508735420286420673041423195069728070054799
50894777334493304907007123716557250023756722575953
49532697881792786304496283837049446090327407824887
156923913291470526862665896039110440207367295068013
108523189795947510723565945509341407219595646159157
57337679702428519232121447424476915616955115707
17623476187617357477372281636827287105423284662613
54184473191858465834788543703887128185743417100191
31007749303702107324583236971880710547337063565917
34375479864761605707369674611412384912425086762797
172142530195216740962780572634806017184320178339871
150969250472267218087404647650950156347174681790361
191795034459630132586601786978775571822096050647599
246694828078611712527528436236877313569225678698613
210720390942467231932297852800155545346951854977299
16822399472114771686018414810037244519810397604717
170522343550678410933046931946155237564302253735047
252051334571840111333392735928563608357772201464089
72833205022555225728567923097421012461716931852391
66633213780573590338070629375072756816556908901387
182596767552309368934085101874679922143152406309089
132745820969675428708469087995984575878776328011249
92441586008809373234652497421626444686008959169061
202788454740732724761683542034622866572926304502509
239131913150424320580999468352704686012257719173401
129643609049582432249076926244731263307139924221441
141142009006399123655645812660748303973227868090731
297543859026687794415457597037544564282298815912757
91254419325028363343262819764605689092219358217207
82450037484169828423361283115783088537080852627229
10895769621191866133240064692781245893235451790763
182847825972345426440655436373172193315747465372291
30916060187306848946421018279388883097420846868193
92775485071820198907098786426304676018034456656693
45375068967531782215063678820490445879602009412427
35014597091072751360611205299238312176573819169869
59339656314861424390801273818506613399456415199771
20660987628022488126901344381618519797529363020833
144408897274675975379256972596106672775790223905897
109306455494464653768067364810446769480288513740009
108331965600501049445378230434373353601183283798611
112597989443791816636001585328472812442901002069819
53305686607369373888789672173824088328258233337539
67531433895355328587364238146292019533272170817759
56364331607690640026449987082805436668786241240457
20690265889878955449941186327434546966756878300763
2020708599933855305346302861295568981929400880431
106950548074070311562612830257674340873864230600987
212495590640901755846789451516876175466089912574531
43008863501263978127942381943081722707408473824723
96847583728659389714168779099266140493715587891083
196903511167302866243827682268616233862310556992527
4831475126858320978460687877923716840678716310583
50047373290895081250353273299851977392248114603487
