11369450760877947149420046399411152196216379
4875682354750410777452497304937339355588129
5936404743485018467787114308970567370099469
1062497578288668170771636208006643030235269
3992855348133805051520506353953548358392811
8906427454877824829300356086140378377885417
2698583815609199189864502865956459906234841
1957586209855567295949448971316227480121247
6353066450112052187954187085950352296552943
4284813451775959403682776209127761875560491
7962432717687981838820743882318595480518139
68156685319555400616579795987305728706347
11365686657486587566508852736949277230570801
3451026312242783257824415356432249676991681
3416670891452522323203153837225509642287247
766424564676799504243842380908703780809789
4591612126517114002295459801907737398543057
5990075948641049242570034924229117114722609
1537154850115499480660610737272094833799819
1790149995251179034862884818465144641291377
9105832148474332838303708965954546994781389
1184116102382680906177528706350403887704299
11584384222895496986110392930745464069164449
3916828482129772455318132183649781028872599
6519317314073619935179151054346488505875093
514013592704716433350008269743203895286569
1723710709230544570817872702344483305610701
20081243046468556088910138485113511095826207
14242091597794571939664516496510563223780601
174926742830704901879792594490867590974963
4427874638092660099368637615443160040235203
2316518827980781087415933147501881446372203
1343738712916420728951568999814969977752259
2434779000080249855065862608877390759500777
13044079007476353024231682951445126254935937
304548895523387332204085240893543366980517
5246989852638088843396983421964858420236681
11991988938368336428309193737413411403010507
6449851239856799271542258456239394696817923
16762742446250154352763322710705927037563969
1197405527995620170245392658660496516321327
193438102451712902916370800402260582509043
18885975961033537617227644757115337866593737
805805907637137188756009741575239592979353
3744719946230974729706055892990603771683997
4672228308864948308792611988604881877966493
1682200446457778031265805896917305582628541
3589646392592681632663354795199037031595923
8856979070021882545291951744717180107095851
7195371299586834703608116457378804228096509
711311579776566726726474769008332773452191
645006430022204558743646844974830534340689
7117555204874972356638635256520857750175847
13691719647652375261580942665254966935468977
83282684669216857047150651710700814881553
943427090008020927983370947312837727154199
7650672715071052220121675055882675731259211
919236899629470472281553682712887443450307
2138798808916186126496871551649859167621709
2601229101091839220531021667358394667581937
2618685243713504838878461073568488758780453
3947342098674301381815177522926203218124127
114740188917461326273220528331978948505051
8253381950779680391586019644707381767043421
2386643186197375498618282169327501880786341
4269620150864148921541277451928678998509993
12413205596722556305568802601123208206225021
2111641067411262381667505706916919356358327
14203343573165209343523629861023217066438831
2527083002716364969181158969776084914883021
11283832221888056404335322988535589826322091
116084768829584814020861535923901859302709
1363232774059232958376145818037906878660471
1043434623439262498515108087668347988958939
321230599782329221245392603212686373765471
14047272931787055421990431442913832223966793
242062063394108347857562700073020118638189
761976039680881616065785554107339291989059
349178939557252996089161821105604914732643
9641986126724780705049180980767889032202779
13971140204722743615287077762361760061545037
128307606175684823687020287262702503941971
263517231361882496837178482715905106673837
622168747047793771352455968539670170405929
3091975644706532372525864624634935548840561
279265295843601032412287527156300627488961
192269956015536518956480881415753008518717
288063343606145204828284816845567527271433
19807074487211617610243477049437328966034217
1698119634394248309828306563179327066239353
5385930032682213158213665129693356931136201
14577890797337223563656079042345099838481613
5729142377500055888379189059169710685203009
1473301597778485682450043348746536804686929
1536642032603975420053803771271143839777869
130620111011488035803881394463361987738751
9130708214586094607170044848419468915577077
5102722525665203953957982327491380581993191
536377308130733818544657586839104903071209
1933519580817136926136896649422570926702399
