838727755865419093484281
134203940224579

151458217029105822881611
28107638967839

231931022159623132269239
33265655119793

260232845619138532686421
235217962922849

279924489443083588733963
112645149935951

571190690148192454492441
201556705487461

710446129944307762140727
185750104599887

379670179306554481842667
157991736359183

771237496956421449276149
125889942875701

506388621900179545851091
186340985008261

1001168201356604270704529
6193649642273

882170669430552294769967
32873421839693

6229344488673533773369
203437628600263

1055677385915628384807889
17329264021283

116164607831529134496371
262037805559069

9553158267719064047003
257103818752283

124365647596067656312993
46675697490887

677216442500907565128137
175169361527959

517015475533103418944851
88357897691477

878089061197939565671289
108485039733677

1207777430630235923891291
26381283179071

503901954142856215248649
195064620829381

237803114330291343545477
159525289663847

283832333910125031919603
82023539412557

1207688560102954670922563
188488684542001

1052927463530828773704727
110752978629199

473189829108738968690929
187480108339519

867101572241709885797987
26478498614311

771084893522665549528003
207164427480187

539169279059158831607333
51084923449933

442406348182825360278059
225767936546531

857699619704724176464687
16519957727579

764216409969180329194751
118921625576629

1121535083153834020366757
260614532378869

56576781674519022992161
28553614038259

1195783561534688095734593
172468729836929

1050871695470373464683783
1832263913881

791479851381589066525981
257153617369807

590636085889115349193603
257877706062313

85411850619219495843529
268405396821719

1075596425607064012735999
126492898651481

513543632740052835707273
178943758031527

471340814257499552446319
34154758528049

137459309578158254120417
190578704377769

1111379157489863668083449
158139259626287

1046014896419200995962249
223124516155393

537696678069977857861909
84095566704797

60291453262375375224721
17942132309447

302405483087187683458861
97084649778463

240967045200786218120267
12626629986163

921063961393616772131573
269481492880637

513686248291583784996611
65734459353163

522977445623592727876501
247400559377107

445176335713466356456559
276838511852293

314707353232775106905201
194369514720527

902990762707301276886547
11563560571457

691695560088061492245019
233897817008263

187981457090666630911139
956537108411

945266253425343141294031
61060717274737

1163126772812234786005519
120457336843513

1132540632843346302739291
54403711839931

73791771627318918177757
134355461055421

355061702346939891211501
173671901483771

963585390957123567937001
200156744722801

374048958477283979447771
135914166355579

273533959359691301038297
138861747838553

876914927384479878914339
130533468520853

1152230765549350265587387
72804981447587

229092343982376000484157
111659365072379

944035213158645063969703
3155848114213

169111868638474196533613
249572862707153

827917104663676792267879
219206053344413

514964146163840187886459
230579763530569

89075988960609333219533
135465180902141

821277675944672998958503
206488690991813

780823697487626066080841
14705026684471

1191276321506888607818831
8505849321581

601664817614287011141877
93249053063027

301325716313474686860673
13279541789131

767042127258176661250897
236424734831269

1081149458928978001314863
187373266556257

931489310788935329019077
88771689518579

1010079995840394691945673
240339851641627

75794077037995059990047
240017814576653

83763004567376036045867
229252874567257

747766024771924666570921
238496551994669

822966165992990474632781
217251254473157

274808822548146944812823
44681803224647

785077276306546002849317
68361497108161

314405675058659316477769
129279048227051

79445920926573472464293
143617506408043

1012112535559088984490263
263896963532753

618144966775679451724019
145157525919071

774027662779495395439163
72702222307903

390400958242266641785273
266507943321593

834137761081008136218313
185502901097963

386291095821969638755187
263957771902499

956657722944465929383673
271886050621567

95354029767918175003349
81379071547687

591911556842410898839979
11559394221497

