870648942765182519017
5821069

3360138049724673540919
4981747

146375189409285193523
1283879

2955152654761033501057
10534819

433640173427690371459
5049841

308205348598689195217
13542343

4349017355666745051337
9339053

4512513810967975318819
11141051

4136849330926018257563
10648877

4561256305374114007243
12612949

3085750330494065992217
9588983

2249040845679490658993
7969333

2886707963751787446373
7050941

4519154686079068087499
11612687

2062824826789759287877
12077017

3048406425632484653257
16317421

1030863646884025899031
7701823

1137459137814579054857
6314911

3333220027660097097451
10937039

2751531313827001473487
10471841

2220501046019863730509
9448759

562147833468446304143
9428197

4240519445301271565347
4602727

2536838923289214807397
2553293

3831116974801033026019
778763

506305240393050698797
11911829

3252230685141275554289
8952509

3397853933927443282433
3037871

4344633845729319510671
83903

2525977851425032744213
9842981

2699221497197251657333
4225069

1736885256027420344179
11623643

3141236005220747042201
12118361

2397666404181052392139
6132167

1227525950640930569963
759491

2240862222451148320249
5084423

2794727967911268164107
980621

2441758162440702594277
7438619

4459301404223909928137
9538811

1510821695331566712217
14535841

4202542298024923115227
8663119

1804383215069082926413
842977

1395127351160955432323
8393263

1411308651132837851497
16430489

4716523712048489139347
15575491

2888044152734248782847
11294897

1408058637770767687559
12772649

4209870846825303251939
4457857

3404870850801349645213
2334301

2260040944532589046553
3567601

3287301037707358644391
13325537

2273567137633659162247
6259889

53430856393419583259
15016787

2834254748308670743283
9824779

2125827033778004533667
935513

4551658334560144825609
11789683

1638337572971981928373
41479

2077836662669116431413
7343543

3707628300130375584949
10598473

2552714472321390865993
7545487

3993079429969290471949
7294163

161269816065980134873
5271419

767645221635849344639
6575873

2675163985288810159577
3435391

4500814194879677410193
9077293

537372807654326105747
9041551

607890527160622307531
9210941

3554517921355477235321
6658921

1116496460944372308613
11800073

656831648027236695331
13294849

367820918050871058097
12672161

3997857340681451921753
2095391

223687035402998803681
2547833

3296620318917717994651
7655299

694106658357119654963
5836889

957390698804992247713
8924029

3784690984260324801899
14559343

3149333404241263408583
5445857

4337624795508025122967
13794383

3130705701157799231251
6432401

4685751285037657195337
3567337

1561514881000827557209
10863067

2538145864065616187821
7790173

1396197490738147022741
977359

2983282336570626911531
2521829

2270465668829875593119
10886299

3457315089692325403979
11360819

4628196653043576886951
1293917

3773063432982885093271
3212029

2498546708326283885273
2474489

1817656235918994569993
12653633

3919086981025435778687
5793391

1666070562625698283169
9207577

1299180831349002741911
7549601

486245938289307498089
3607151

3542372349107792859727
2541743

1345587570896596074617
4193869

1202450132568880192259
9688369

2948992296867893354567
883307

4192090956526685842583
15909167

