157127833
5

218439791
5

38765767
5

228370193
3

259395637
7

166034159
7

141597943
7

159558799
7

103176713
5

171492389
5

94220557
5

140781857
3

225691261
3

146831203
13

265000361
7

202231331
2

181820987
3

26610047
2

117014803
3

234930239
3

168369953
3

34077551
5

17957843
13

156362473
11

183841681
2

70626203
3

152471503
3

265258783
11

17028911
11

30640399
5

63294001
5

207651287
11

59318983
13

90056003
5

194208491
13

160635071
13

226447297
2

182811121
2

121628107
7

254248129
2

134426221
11

83468261
3

69868391
11

74632967
13

43202563
7

200364259
2

130596877
11

136446553
11

65432347
5

4594223
13

15809021
13

17194799
7

4206439
5

250238491
3

45683371
2

145004011
3

43493543
7

28082101
7

80847749
2

232493321
7

159680947
5

6543479
11

175261699
13

87023047
11

48029173
5

264816989
3

113245337
13

137576807
11

105039523
5

123842041
13

255472913
5

84296063
5

124688873
11

251163971
5

104242603
3

85589899
2

231607127
5

201205639
7

176853583
2

163646569
13

25320983
11

61044989
7

4781341
11

170155129
2

53643157
2

21602059
13

214316449
11

210299263
3

65013257
11

74064097
5

219065557
11

14609641
3

81864847
5

133241723
11

211847483
5

61312379
2

176196133
7

172012417
7

210319079
13

188065069
11

