187638967652224331180316110018513027
113851579006514803466406022407642191
440866612371004111751250212168154271
11577382597059810579969524500716719
181307394793282472324655990020787071
60964611302618487775584218505819521
237136115095462480797149980219039409
806522772157485406134593814195175489
209641833791555380443137525836166641
2432382572874985682204258492416465
8684909529194107082918555233679309
870570310184822323302040756864367069
57025447887707087776541108244763643
229548247722383181675170474727850927
12578554687040660915459797940132233
170562405740652389441495201170903981
302235491614749774709178687060660249
435181930221638495906863131251366951
78053151257583565200458791216814101
473887470250594943543829628522514399
311350128721100638791928780712148541
11679886666411438546863804151664489
282120108863833514532392296491968167
384771212129043485951055022812000329
42019681670567494919529909401003527
66374451957577905024722702561713637
86909557727123710014359848271373581
9365187676731168613599753744219163
498891357152929608031281384391913093
68093912773875130635812724777343969
540083046852522055164146504301329
461027027112983187168553122189805823
329310998190056042484202194469718083
9521233219120224981837979666478729
27118224316921199386026898757482
231433825702846186289564534334002143
763012432166319419435365838347047077
388460630078654426968353028406130749
20359277216556872691685185121395527
299338806285374603485481559371714267
207655685873108576778553597365044491
33165138301396005049407373626294971
72200057350134185981848487286031973
212086921266787523989216529123123459
4271742895052264677338147242944769
232115951092290904664964970564018831
430911180532736484366170894891522573
361625703944825691873497262536919943
128015836990578088714767461325162581
445818382214052553846735944090356171
113244235707221324505306220385524997
30956526067843984894070041489793503
1536889215179931089860321291116865
330535295201911754922715112126409223
158781573640392363512206506615514409
906378362250859329094885261006961327
136363546189153213296139653491079241
448933379701584216994168937465878363
217390746142645791327316809649476311
214686159123587916066988395200552143
202775837643098159903706171380598779
66021484499478979625198101858953847
112014917023090773495150524452317631
1030891988353519789576673272689724739
385558044471181076342208397711446323
144969170668120852863472869672345169
527699065318096909607932631334297961
118475070153175079743032072573710249
424122931582267793726439259524152083
1516561534824626373081452283711022
350626240740405019720644472278251779
426235970486462089956532586128270967
283329517006065539203201886983708339
7372777598023462971656840572136613
257283562486882924888384764510981643
1155176459928766387512659592204875827
1011671993089081706660079851609820277
637742570730599867374600710494653783
225411554735143246205158645246107
198162603475035694404162734345380961
152917371199989018656296113950141309
425974793779265184570794019611264543
656958181910249778774860619765417829
47788293749421392825782071110297909
17076004549837784409176512621082231
54869443041726777080713316900146921
332429765763929337083808009028337687
53314047844131867418907152559301787
221633982445464832302474005144341267
289302880670800034783142058328228567
38073337711693120191205589238843113
144657431665251095713724225235024929
546808009689446963014490574288006143
89993638426587729815244277144969789
307805057695794520838379566465303671
677518187857501606235660499372796639
224544557403744799591655061252753523
70149479643697952497734714270851341
4661684966572394726322501098392145
326628408745801394256253107132726883
