107296982605667797223228219822554615301
4310057635035984647

322731862431537515185302701562821125633
15464999250349443469

53138887937224246275977431304063651909
6949324404894646241

217572209002198917946534059608286981583
14789774526511437569

114801639705392780953868889556177986599
3781274025839352781

244729610659647835643099520837496921897
12090369303116261929

51286854433054810495977288356189828831
16342346869828507807

72599891643832825246562442053670954101
4730953680024865471

181600196139441812868694771272631059719
10703458615263543889

61398733649380733908420030728362935849
10024325644315322687

241945576771089940194453699066324182747
3898124314934247649

308627069252848244772032127382647683819
8614760704912529723

255337483390974152643611541120688365763
13572083164488489713

210606952705444263025598666801731848293
5981489452008155731

195695128329037267710832935064103132713
8665346681348284387

215245116910339877270196023282289388027
3814474337046767627

99657777730746247514406574507502415031
14293480671783324001

42122560812248860316208588662684458237
317832641007372671

95973164275449697620965783626283230853
15056673521880460979

75306583837802100027637444919916807251
5897744042640990011

59775521791780706708061190203231718267
12957180298124439781

57380904648867598372394372187642996709
7297659469780896253

268661359425088717762424462290247272943
13490591075839128389

300963824234118717587398008907116273491
3483152669550831821

305352494131734383390689455542712116479
14680271590950986459

140272110756510288844812660342991028851
15305720095022046853

258400182578737686835945635886139131439
18224803869484148837

125731671710657112060325045368324149587
12209587473531645103

143272999154320745765217626311405321067
5631871968187989521

282258341594076761530483415564589841373
13602541295526162373

145814157997160649568938012304389143441
17661907563491025847

230095325774982390927089070379202774681
14246823382479521117

325331939474825159831899394127656957477
6067516481984772257

26610564915684807763251882020113540031
17495702393081523659

117399595237696582553948813385125167657
5262344149636343321

201806998545353503618885100428226540167
4081864495569608903

246879330453356977807291464565711001899
6600040797917239021

200237688179907558432479130445891772791
16411248004912663993

1588864822430990966900818737503340791
1353691947126298243

148356450541308868415448801557615335931
11185321879185229057

40096819268701937906755920437695202977
1525589607780982973

159248274496193412412345988457126210077
18320665814266151407

98654350484613249148609719527803568011
4685909142997226083

23385843134892425763334910357036808179
4102195921414676419

264935559464836233161044193125818389891
5535457057444868959

74660947617884007837101035846981158943
8309563771298213903

82038954611973990095663276790714416881
5078007085559847359

257635495175256840038067197472163028519
6142272078094405219

143542399205620449750247861097805733409
1023388235573431661

255785662032179249049878378715151571311
12520785157083871277

86272648404094918897293332299771653719
2336998574904014699

259443895313480670595938198842214137917
14335101203338611329

115374908740408419843857452651308142207
3418936351401419549

259807305405037460185990269302970490651
876280005773846161

245591411032599938258463762956037953779
6445549146666744371

202812986748997739081043190955131356409
16986600619062754937

280648711557103558153098734692870516129
17099905772389675231

246583832813028571036386470909122100197
11313339876040336909

134863201458952070499993186075327798791
2768317713965827339

241870464877988926587761072524759551637
10513342047032407651

320936127675054103575977929465648579513
9883210160395614169

93010402068260451612285469635804869807
6984557926604241329

148272524198724414804076660918357369687
17192591107477408171

263900028948632300684246405205510567599
14445931349034859327

113426034215515842071785501148695007047
14607360269088015551

72078136611216721919695723425819017833
8672538175818345701

102156949261921549561661659184588091079
637324006272002249

55149492667171528666416067373079511697
10514590869262125637

108674146315507470926566146620861929609
15084706710274760521

278354028148759112791928577836233992497
17515698550346972273

25629989758789637921856888594191763113
13711823484344418431

274804913849462801252430732688362077051
13341416197911446947

184716964406357779406018617113022313321
6698133292874846803

176248080429575828510419783617959265421
4369928061134769223

22180083666274455629314466222524679191
7033395808527388007

225381100401579356408613432673269582491
17576268191407756043

337426003727898942288544811012925881099
12625398954948725653

125455643786530559465298098210328913111
12449505288879359951

154362696724963460690003791604172140749
13574189356778812639

239025674672038358375187145612277634989
11146220979392853017

75497967702874042765004438889922567153
8932652542256978287

253411258424096010991907762921672688071
11764834937889745783

253877426208172464056200567142115280837
11354835286199218589

272937954899241584520427589130200813927
15252646561525271281

292350015600233351628979560333788414573
16850754013483911067

308712064699958507837582183222403763931
11957613138004763239

312189876207550062976679746560073789111
13127399800001725937

52465507764380109626432847318506539231
12870546068847605603

242716935648428187330330417360966855071
1055137555144342841

2295531022233171871456223088254480579
16816038145589999083

221416580165543596435161379319539175713
6786955191247275427

68652831211802527661435950965247156847
15003056888884377007

136467437897769205819376995350040281889
984833448354539869

103272171685560949576914499421208706547
2415501908790517007

99965578473474092223842929140218765711
4606815158765598871

168057192368470959229294049801312548009
3379372282524662443

302839015376988937966230319485947773
99624315360092641

125960006316745306568690736697579289813
16919607708017574419

165760990333783622429216373896763391249
3872498025938633171

13345866549909533542745216009245467173
9399527337859780613

