50345691160449511
227

29326977383552479
3

56413976878268159
41

707350293524449
149

40474506952452887
197

14428224640831237
137

17836926018504743
179

70485655789773659
197

7698417192348173
89

31418506445758811
241

516033324719327
59

42193858014876329
29

27242067700257173
149

36714823716115651
193

3567074809575811
17

1438539168653897
47

66506180411998531
163

39917177420464471
53

31492150449656623
41

69829078601844937
83

10287392899123411
83

48037591255036547
103

29444448607876369
191

61118160038782597
43

12939983995954453
199

41291559406005079
167

12300923278255319
11

8697836832046207
233

6977454501222173
251

60753888221746217
3

49934934037739951
73

20971825930899341
181

21479188121303137
151

65521382174191877
41

18553680854550197
149

41910739710500477
29

25997359747486793
7

27475497376545821
103

13180187587246289
163

63798580944391847
5

56614256406902801
109

38124174430763933
211

4066659057687223
229

23726105938747507
139

5138846446636967
53

50603506121668943
139

21150921081359617
29

4564684551814147
5

3640958830543147
167

35719357597775053
211

56579854540794979
113

32807718994113263
137

26428105379723309
3

44036559627215011
19

15058434474671879
197

68470466780783647
47

28464897697611511
139

8915425930847507
37

15081600223165529
37

49898840229000233
113

29248676170279627
53

32171214548201437
181

61704363133239779
101

66698148102962839
79

12669803450108407
19

45369318349277539
53

68002302033912733
37

22908330411277867
2

49729419390191287
79

17593032295140053
59

58819937559051337
11

56867837349889367
251

65484082473395779
179

43121309367466103
37

612066163220221
109

66545870067671933
11

71331683645546321
233

13337204226841487
41

62786885686255607
241

37181361411016997
59

54488070243735533
17

43114857162049571
163

41340474804479677
241

29204026552488017
61

1638565500110159
41

64976653185394843
59

28874147088886943
101

66576126718697107
13

36363138974161843
31

52315320235694291
181

44980421250224869
191

32349526963302343
101

69649590139387043
19

65267470874688157
173

64558544098135847
2

8157693175349987
79

19612104341712973
7

5956839647376439
3

41623431734990207
173

47662233505520629
233

