1205344221360837998261707017335573827
35363

484603627173595523270854503543298157
46271

142332273626839879929319757706222569
6761

46819154361832669780529659815626011
65129

146043424727118035153802087538707499
36343

533297698096901436681266234646417859
45083

178893091876614645391448829057091477
4423

559632817445490559004000605256686777
44497

397109194074279705190753862278567543
3617

141898413781614253752709182323567669
32797

1306992591545075377826609123816240377
40597

468208576919221292504546322772609669
25073

720530107907371363937974530333588169
29851

882722933295507948564315336809348851
59743

976912270967315367639586362718284163
9437

809559064634305629330936510941187103
61141

971351573109406449469133238954010339
2713

244765932229516017266900087120640607
3733

596080356950447225539134152306336609
35069

714801329390812008694614211877839141
43753

689966518491176378414683367062795333
33871

1095397643816970108038954794192614911
25037

450501363341215938258914013991508461
17351

434997686370115893904007189803991959
62191

952081675320327877253905427107918543
7039

312731323774291974938700463415727767
21433

1064218558623220364144646529763870623
21517

741957494595434616784222477919398913
19973

686146700385586645788226867308057113
58231

839148408982343739251881792889960831
22699

422275409762137510228673758425191441
52259

1215376044993570571164079065326408311
21937

1025668320969255084779552356622105819
6197

86514843814337525637200009343931519
55673

1273582817014122336986782336962563171
4493

463000998942284404117730506891615847
64451

1238790232471479693085763337826503979
21683

1068369577359832269814556330583452059
20717

625768957402381933560502482426689827
51157

438279934272355850758404331369115693
6689

999785725502707162343142574044511451
971

774506787316002014660401370966602861
6379

340855273206661251717863623882858511
8699

1324770539639865511944583532820297347
58061

218703976823038607642697295295304329
3001

120835926398693728428742890481953283
57329

766468132235502228770999655481809407
60917

708017709945337666443951280809423011
40127

351061512313095930911216870546675509
35969

626508507207598784514117175086149957
41143

918161354719728484604733976729765043
38669

293163245253929571386521947436218757
48889

1169157878861543537769875473239657803
11251

470750441260130360882186764629230317
17443

856478367239679123956507166027472567
8641

787778804102031834116575036735705097
65521

1244761138309900576438729879256972111
56681

271933600492224684027729504891752243
2099

893958241669942462491553887720963539
48973

1021785624074709783339145967225297327
40357

1249334701140544556584463421599133907
57493

1125654464313602319301795114141919077
49787

144302307307532276249516743674729557
199

485480977686694301879212733900900491
14407

60817103153161037343576119128580233
14243

1220477109253637964110461269257492213
32957

1304572231499178616730312997103842407
54577

427362775853765927168799014451628013
29287

485928989408512331748296642332442923
15319

424772676130009977965450512389130949
28219

231035799738095848039036202042619751
40361

1233947408770755272336977162621434817
9397

234382000621704848081779432110077831
50227

1223543310510560796944783445795691019
36467

1028797119141760291008610925195362789
151

432805553315697955681209358627305497
4093

382320654734692034056999806791762917
12713

544405421240707026717049913111344427
59083

147172530754593018811792160762934889
28403

176994626279551426851506043037964723
14557

550934670539984379069367618279319389
6781

709277046005760214131099140996776441
49853

540571315798326387502202200656803153
45887

111894905329072507759233704916638599
7283

241596603777568793713924873812986477
26539

494059044680089410321750246378482303
48313

999906036843535221152365749672611437
2281

490070452836031912375181046210452773
14489

768574438144696813183734855633257449
50513

171787091356219251702553825148894243
1987

275910550256588290587037517123004397
16229

1272011311406951419291089678468897601
57559

938288483389518508031172586841617291
3581

1206198945985668670836517890110715257
2689

849135514710222996886478300595493109
36017

1299388629027058992480212925190490179
7193

934611423040305896227602836022226691
44351

648584860740647660178754861836992393
937

550491005303899822592062057463957669
6733

761701472237275477277567099475993467
4597

