634915622547515226880938096388383048508850960681
117054106769758329993861972773568321164897678509
11617039084397885166460152609314561187055599509
286580974976534709481175991894571496150734552289
507511903523304186554376802963082457691989303343
655260396734865504275134516690237013125227733607
269952258642097297423719832836916723965954367591
38590398303078908469805439220034018075894307059
836371822619439136459352337234687386842245388789
93051206928809559323770055516335726948127583427
45616884338734537668970574146982284548930220891
744258157101195443598654259198296155607452191777
567445316737217174098902173140130045802215681587
164212021266465895282800737327550935973783538087
215961339908325409882953747790640219582131027769
395655310258042584216966344502574330730019427159
33683513084037281450369136753642198941880652621
29642258943947928415793582776286190372210099523
321660110215426134885467929967520345170824509553
954139984845399565879635378661757347356977105147
181034433491103802300008287750001310615074638093
357342519021980182516584633350012486837231158643
864939819982605921675322965229080104613643095461
85142919410093275460996609568000177133791723637
1030299079002337237649736159070878497004052240939
81757236544921499175253565292564023447532093199
472298273924815251602705689008458567976608230687
64362472854527475429884615576817757484888143483
159006343398458780683185447614733687972623714263
61526134041761394503891209369953813074918859751
858722967954872203199855453430968199758961968101
766571454473166985991804595924834376109238012547
214156947092303147850542656313845992128269111691
458434812148826177833855997965103883939412887079
505940097755732078539500149777535680857789617847
213908964398515572284396519896594555878413091461
21309297777353923642120446422877172069818786079
335385086363253068166289098539767945427317421441
637945081530730584629726968293062214958539019159
476843094733537675830838824430412240127811346471
643884815740778017454406563492534507956748585513
614839944504982380348611855892609270405470186953
483116177080097697652290843168857498967029227393
483393030524371701071184493863845062253613743749
1127392528964697638101909022871208815989904462431
311443522609848162698454837780835389888016065887
312432301244286182508342998044571621073999482881
188093119186160883856924306253447995810933536671
1014282415818913285695385884166506222300797416579
43735711897353432502099454475966508544320751827
717778557009632522844644883507793965125831170921
149964440426822537147218057474321359130403629481
74613479437203303829758350398144200054298958657
333788654539164726555472606869274484815229183389
82806443060355043197939906495275312542409178077
149644014606267059960659962708766051529158263449
441076671240357400179911247282415631913933041453
61576304083790220489943057281983048896808837711
177077476639809496142555961007878952029819401311
132318499808042243766269416865005013032031850131
1247980864671057918948180421164914019093656047111
4065512687795481210347984416859703571302346871
716928854657419988088885494978365914103143573841
223614375311538048744575696378891475580166453819
575864073632484457646533107668432100112913572481
502245380265582416007958959111198120994913323349
491206051648881715396053203224123370197951664051
205572443299576351837910481089756370929527747367
357360189186072073298516157811647174114008128073
291916442530502420070068667163586494409058476077
199469635193778332676835703895822178330216073729
505759253460028900520835987323870222377154614661
261468865347796737053228518093994842966935654607
42438165825678380343481637418294889845973585327
209911252882959617389885330060673149954410609523
513839669346907588295911817146564149330559217867
223119304406088160260560406251440716073161620059
685204848374624089673876181918079634724658710049
736489833383008885972055607520815829634803355741
22771437410747700549318887170958968841685523883
732819593191125797314817739168217842581485098641
938110683285918589378339224650313777500080085003
211288540608187599720250755939718080103140844249
727680589869436891186303601833345072073689907533
53273028669372938134012806852150975000498565589
760625216268071030081679552740805657521951611699
20759172927945075463871949431752839477651618947
1808201129965805923611823515734605638638469301
888169424721446354509223526391712352757777694089
291020411830551783098235674206950210494721288467
130706598812105420974198088042337397375917787081
694839169931834293387381666849392332173244990671
1144602075230323891786832077470834229493812079191
796276099020069452628911701473085481468885529091
361071356284847486728487255020848989885244876673
258146300698363177726662952775268891946438974317
901859544527943972123862661978100041399684991763
375719084236645333006189701269761067404790330323
28978370193598847811864917888187554994949986461
97349593475357679937012299763577553375235312337
