192848261702812093024028099
127945469815617810351263

120149487258532465074433831
441344165650214879969659

443440221982011940982281
891913927537433902598017

41325317558054749469597623
1191895905076225109592673

185761938241454664709939729
1121118199828553841277057

59980982769899293957592743
246486538510495309037603

200864659348555039317953861
440318741921247950582279

120087560070440447743039339
284209313997575712134381

116629727657072339767907303
465887856100921734796741

214259793833418019456160987
832809819514398874694479

211705901086873260123578897
801173327709807638257823

248884158543921088739192293
806126638475500185564389

93063371462598065817486571
756310106588992895810249

264899123421460203339488233
360404043415499195411207

54430479045845191173484757
568006534115995263067591

178609417218721134664437779
190425660982019619318023

247266151191997891288807789
323773501635028085309621

43223150262156798803800849
84328620726082355902121

150744463373515426141891237
945979213206659625313277

228674397656304952578519259
1140569900531513377525823

272075547487165207042708639
372402162246521803462697

8771094269206862178925649
946278981763735277924171

301811005081320013251881033
110471640027458183898167

262656347142508373191984507
173769796224304762979491

179315357030979429390990289
402769869422412873227531

110476173281583415722926221
191113772727064742899349

283379771249049878325309223
35818529948183620494331

188366758476619079843296999
1125171916943399562779351

249139422570652934675713741
1011677235206567573268827

113233647435953543249371123
624001919658864366597347

138667585504410206032936711
288830625801692029108633

197836301810822573023160251
748684442181712618223533

268076510261822689982307869
145878454136893763357543

176984251057344565226377159
607143237649788246795961

162558497425862361695972341
1132070590928556729641221

72855048052554695147367727
885479355062346677064833

77574477542401269646605757
489151063934841421849273

163840632284797210731908861
243804901688475138793763

186525374517583568633983909
574615926960858236259361

165914661325634850599649197
127126404972039377188397

157660897117657640635114883
429553949821417042362553

109794456983885952994493623
487625386094396853041539

224789486268531256298320321
254242116447672252438499

233895049513615647893067883
208831047696102839396273

39977728103482788653029997
822530996725671396328757

249438984681437108072933009
279881597752480842627137

135875100091737996612833017
276364098229788471759047

47702064218338345991309467
1066930292608334715472259

204850324621597195733984683
241799460036445536770789

297572499157226900409762649
527346827196411788650037

169115187337848006473404321
641711672998040686141717

2320677256167454823015389
24707304537952158015863

49722612852022601820407371
354435842703315919905503

146402155763145098000872927
370107071917165892576833

49829988052272261932864309
622270855677801932511113

52155713327091121197990403
659093274195638887664399

201042368432346631839832171
856250011067418051228701

297561318417142787481674779
507355093314338996909659

286406548531697765767132477
669660087881696615527387

278214650657144645892948667
886706819701683838301839

184351931074922663569645927
1143033271817630891314037

62621268322007584533007291
268637156718250574794487

186749265572532047111461039
913108509572418005032873

273912864448151630098639493
920188013365653221552773

266248466504000468184074629
273553519308104197392379

211484021806771269508173187
315074459107151972368601

182354150390468734621058729
1001330472387500511742841

282502862496993949461605579
469891950107542530327731

121564564186700262718951699
760432010983369438187239

266846408171704017669250411
759944479410969640787719

202930648677708771660517877
1178392296622526552533013

156139006547954150192369173
830308914574563236083517

205969753910520603135448079
685255996701901274972389

288519641217601014449788673
1031277655035903536633909

177183593415595675034677697
515027478368074242683831

88262771890292988976414747
934142852284900463092007

83565902575887437468863897
130385351983690427895779

202581376450321044665491469
902589513292131917945039

39883516371834203867859223
775158837527671324744391

93595636088091103650773071
991237294274072903085883

292037143136149912386721189
155374307802954995421743

216041981104658548643098231
162073116123252055595099

78871574108396783496749347
752357956407821173671593

268802326404129971907670277
76863128025758952536429

270538260547736425034008931
533783639261608443361987

99925121732057614663500881
1093883636064636923793689

204798642303587098003568003
528968182513207943927537

140900942547723896259569521
799128717010919076338539

201031736788265120558253227
265160553547388946486857

90851449579371368676223219
743317076480515975330661

214918066844304156039263327
262259624959884706535191

205253081634076415160463609
100803679658098382539507

148605229302506644636240087
13597829695618728663913

88894641845775575277340277
1203115799258409225361231

287388358611430550917726793
739402220979350348365867

105609592266867091276354627
407243912016855248224049

88839426847092523472984147
1090141924208383743866089

245038834702198892924051341
803560429131994737249547

63247585748001515491505033
76389874328301692668351

204339704864183834100049537
244922411550704275168351

