199611002251187
280514587

75360068517191
3606670667

253211799370549
828091009

219078662066983
835169689

92409645413207
2660777863

93350325177209
1323363073

229568749166123
3816764681

79922401478509
4213768001

28939326439999
1554994667

197282723378567
235299901

196671295809073
3321047407

146714679639571
520571357

50877419358053
2332230827

102805598549243
263527861

157915390793
3446531443

70598713129751
1824243133

128531519175097
396627043

163917288376141
109379773

90281647028929
2262457381

12648661045511
935559491

189047296989737
2559820927

129040130612221
2809867757

92436918166157
2495636981

23876517520019
2907695893

115894466506067
3453714107

122150113448521
347514911

228941135061917
1075136507

180769229933741
283445447

195474996240467
2801900293

222245690267347
289053781

18422239305779
1125024157

53525563324187
3011397559

167513501807423
2093166539

598801055813
3843926171

186793882362181
3972845171

249232702412899
2893613551

254065049604449
2454884657

24963942280691
761861447

80654584250593
528063323

129629368373861
1158400979

255197594020037
1963850233

9651453830929
778177657

222159527370751
1912909001

246718385163307
3060191489

269548037570017
3077279369

15749734938659
3613581919

128419115315467
1871801069

281472801290717
1619419093

199954069696897
3727506997

279664270205717
4137417121

66735726271583
2600000657

23021287421989
3316082351

119265675553361
2925365041

70709810944639
780050123

117332953610489
412792817

16863459236969
2329284491

178826363489419
1440378613

165225194941913
1999897643

148053157935659
483388771

167545994662369
943067441

68120740604663
3714017507

121392023517521
788832353

147821644258177
2195777039

231630521994541
4079097119

67334194509877
780851041

162135027949889
2756284931

69351743287087
725727851

92847942737887
4047500687

252349786167769
1172208307

93770095259899
243974623

227624014480657
220115947

269134517879593
2815425577

167040820844353
3945965797

88693246271701
2784500969

59711647730173
2553675227

206434676577721
2489681309

177070910033011
2157110587

166005394676651
3355467043

272591102305877
1656961021

32727258825463
2601984613

17763588107569
684131759

26801942299859
462912607

86690572104743
2341975157

184885049657887
1004346709

266270705294827
2272700503

110128318015717
2837755397

270452322970787
985824809

81479354736407
2785334161

256303643128969
317698739

12112701559943
2176633337

246443897736577
1266762071

67113778847041
401069509

22040767085237
633688547

138045221816993
4171594223

49091632500649
1293082159

106095129140617
4135773241

60298260268003
1041337279

209495333724767
226756571

86251682423437
469982339

47693206411189
6045701

