141554940273919
5

134804566737721
7

135469021808089
2

264990940088239
3

184335224317991
5

109345810441411
2

201647016596323
7

58031333028659
13

241936659205793
5

224885717536451
3

61558297119947
2

195415829546731
2

188617810225367
7

70379468764999
13

46802414097347
13

140321831469377
11

41253169060777
2

255365931382189
11

84827827108403
2

103286308587107
5

45108995029957
3

100701184216931
7

93219765493649
2

261088954301167
5

102696368692187
13

217326673241053
5

97165075425703
13

51774116923817
2

173619245528683
3

224888789148953
3

183990056889937
13

33701053776329
11

55938875726917
2

169039930006819
5

151730088455263
11

108547488637751
13

269124464200157
5

32433247434317
13

157164158355053
7

249437872056181
7

249154940442157
2

193387141068397
3

43485734889931
2

36120796779383
13

271843613987741
5

2837300736349
3

180764315081579
3

171226947144413
3

204842912390489
7

249452581093271
7

43078416206297
5

75373029808177
13

4140688094903
5

235948313341339
13

162520613538131
11

19989013738847
13

227152947664231
7

33374967602677
7

277819714752311
11

34383263933833
7

92872491458983
5

23911550166139
5

148559202859139
3

99937483139069
5

279116706101561
13

44253101117903
2

120792317034737
2

118681657251791
2

207405778491077
11

115814799130637
5

152007520675859
5

265279674584293
2

8195345414107
11

99664685779679
3

251313495713659
11

179280875363017
3

10753797148333
2

249216774905171
2

129235734319667
3

220037370928751
2

218049350017571
11

31724575132867
11

276771273476141
11

234928761474133
11

187770886839979
2

57145979634691
11

252241311112589
13

61965732675557
5

109909488992969
3

99720662307199
3

143246353000061
3

220360798588877
5

192804003139661
2

228877482815353
2

144776445420479
3

236026265555737
5

32273929859177
3

246772033513211
2

152018778386459
7

255324274020901
7

