624702331683971011
86959166377294801
259404929590086251
90017149875946147
228418435303728881
284585847348126481
182363915204408611
744704889472141267
516735979502840393
323827953731002829
910624117093059253
98447781435595117
605479567356291923
170294100179590573
31720905586832647
40215465072205949
604660729261388599
378294691389448381
435156986450664239
94462397049723691
549335328851191219
52912382583678139
150738857185165027
36713554485666719
29263853167043633
69204094502579287
332938674076948663
522118424170539407
192242208304067591
174881141936179747
590010118321422511
707545001492165387
48406298252898023
1058832081528209231
204968197104281657
464418478152203447
1569400988252701
60236682251490617
23547043951678151
537297584608919221
22962853190226841
636890977590776903
452529840262197563
2666012144345699
112794614986429763
624282841250925383
120586309677705283
36091806811932139
84998300906235679
396363207269584801
207555033029061659
137324527873141781
40573133469081467
204271684284197683
715377489722024257
60957444033202963
91652770158736001
285902439069255847
461462808781334123
229319317382663033
762058526075907803
395739534395419979
486892970796024349
149647401426231677
171595754013092771
55412211146599583
129069192144306773
284604720092342537
62178791800375741
1004428047679788323
520894793584483663
691906327129639663
312826123967100617
310275375522797381
470320046066381659
201709079414537159
17848760692287913
818386136206684663
787600648850815477
968923501799775433
27142080406330339
158229370332598121
367184980697311033
192102310883902967
339498498180486089
14126100614560729
247814833845168959
532890666195739661
87425056410711911
215370095656470553
480386693804790557
738797429040810259
96983225626822333
356547606397840009
818060117710002061
474955939628033471
655528073741573761
744391617698783137
106075610329399897
618023878936935953
