913606882382016607110382754160378431
1105412323631704175501929

715763800705344065095297668030414829
317667547185483884558549

257151395334583081318904419241311007
1192593464877653706136333

391962805658940283939763473414150823
676094902013402621833157

683996965751147778142182284505851957
279275228108379132798479

517094704463985610993141159857064141
148741104947260996214843

377083957553434996918666622849088407
513960372469622213143919

904131781784340289674437107937184697
1027733521143879593816639

526006913587974740386578215132689151
738492674739442794652889

886070498966511426794101554276980923
1016295548617894038360817

1325265711114626079797502080538013333
885260595162014133297751

896246889715214028711315316588696573
540096888611639273666371

829252417709761938527135731837937459
198440211340506664576937

1226705853508066932060239879329866029
271429399152750425292179

574196002497652231382604659646680497
977062300291235512445543

234974802558711129751871341508760709
842277910728538645827313

931577969273223258955938768011846599
1000818180143233532536283

625857683206427685584618551964377373
1069039876062106584446023

795890423201252478529389478889602487
230739349464341562012059

352465484166657180850707675050709607
164132826334623293156809

1117285514271308136316846712513496311
113971492355589285287153

1134610164230288076501096890719641421
946998320528560600997413

685358237681173659866308621745073467
1100604194621048307759281

127489959314867167858202066995311953
503427993529837245300089

1086538809855044679479651373945838739
584657012904448015633547

811101523293759506018628429225062473
773734866913339622433029

1213272611254968123969801403558886113
734530350577799381983163

1097091703748357161961167731771997361
1057779927561385835053381

1028072375906030763537200559644239159
135286400794277480059937

1039156047523476879877358578023179419
750235633404106136783239

847125862067789033928909292675378877
596389115461894022583593

659534803871174957875434651326616137
1190322571343334540200107

398780479960746173026000978010222899
312541700946105120273601

896134334664550673570617922560552831
330025846870087215142601

10114772006658091827547960821764191
1157891507963848761059639

1316396550213398777494105499332875829
625752791628043149606721

1074147599009603978979782876843560669
52341701174112303566923

249887648757975558853432627481940749
1184708860761321260788679

431664312738766897981908231610405313
622184146781788770644527

736112691306506947275437955874421519
922661595193637347200661

923882487935190315725269445046447701
1119334520764600275500257

257598631252695306172133428999787761
683762507548470794666041

192073669426289658669447213212162563
39873295789509870350539

78139743075254458129525810051150439
987734205904893161120741

986791344504754183630275339293690959
524174574864741379341761

384176865851866166709027066477774503
591742831685780649589619

1024517373656378527711405288086227429
1148563758505578937845511

769811777227565506051953696986376361
36803974444726582177207

786889428979845620524268037115748191
589836362468464453042769

512598513649586408490681440585763221
550908420653148318100337

636130811047648101520140106459158359
261402633132342925004729

1068405872679320222626138011545618741
1085206873940959457266961

305188367471834953890551065461955853
732216228168700763943053

624891840887960489987317927929280271
642946743568200415632371

1158822588540104816411268282509934629
455309125659888504223781

370383747669774012896346574481523031
1033113617055319267848169

79296280059503790114147416613888673
140282981784886584788873

927638545096344322789958814608724181
97121425158993801169691

419451029122552970689723180345664821
11883606223472768804501

1042844453240406410777512297570195289
644956518518365818563927

1006757613426289572142770148527749191
248104279012578714536329

1153590033909062954779125447017840713
520279899072770218185599

229531152945861864423243836707403317
307141951135833584526047

321745762754550904398748255745962459
146635402890067986995003

535140692134087349180174337662096863
337131982356720819841033

49287917456017723435356342725733239
1097089795026970858110029

75254464945375781476387182906690971
382276619202405647985833

164372963546740460619623406217982621
932593057052523066206239

564175111698353974763912188112020279
815281682873661217606543

789733969124676821960024911406623049
287772194240038510150871

205614341163222923893193859861042467
389947949753168289488219

406042468488946399352904504696594421
295188796117522466182147

192826465366534333244342137932729521
446261718325483273177801

57249633899463327708534510629184529
224488708268396758150543

657691108276562540660623950887076419
1199682427030682050132477

1142556933880638833095068974748353521
109976176741280837235233

1266713990368641364717496188525755949
1041580201640768445826271

258915209088251809682204928223791749
661995444871419629841863

1229984472643391088130829898050757223
155549938786248339931189

778345740128471462904915847372333253
857481115134070824510643

49218450210689841891780359846453677
685923513275997172739851

1162273105595467029609337914268186573
778524129234344341203349

119435619044962910027649343961443553
667808484632073114362731

5420306279432994026150426298966089
88465261025713078836881

1221942519183695787797381726939766107
365674949262101868557081

1192218163964142077981551308527837387
629330869550623929188603

466919075575051241148138005866518343
748556513116129636061813

631689310277309301846005472311476093
805498403015944695244379

59505399864573014564117771571491017
95913816279111559192769

502547784515681321498689555231167589
213897567112711849663181

122634217854539423013625988329075073
992725239225782949274733

227527395192648510153085409934016687
658279416971141052732317

892877179986163172174490617330615717
96304635040919746868291

239209604216453987361653257232425661
565505506704779190879677

1051663697070239083494938199770170507
443296311461840947301683

559680724864242566672247240000709661
458910900877813203782033

79568389063839729945306337249653173
504244097994625544378839

229906648873524456869460176799491083
1025359885651801021796833

144683829377969466359401994106757093
560466631222794199816151

1120586975575873441543010617405719979
1110367403957523455420167

