44575566597508731246948354513779743518739886699
5227894740193389571377607022724051432382461739
229870665768124082705006259114506656624702122611
862409814462093274365233539627642590634337187883
317195398126820479812702714562868503940688170591
1077473612043050311357806179045154186138234924377
357193197860467166267402100240952395919167944419
656915587589595180608296437952572688602711969193
76506585362874347780781322573584106453735934861
255996629403689241506443873658000828423140362733
556572572887926986804635050242750701651958767547
258506223219696926765042833982534228556236121647
30287590995972433364195050106479501790625028859
65415209640723640589150666610142557802205106629
149237251628628435169466146874806126933510521059
369813585942246160160587420059648465604476162157
681909270042751220343767173033434514534987873709
97962879302691705496372152324144256237571571577
288838538143492404383883310429289819745647034349
81085740430820923270107090795653535415032674903
542711407501880257927811522269134238938134167823
1239237701270918232259511791024871116407003946571
359207231807807385763475743880406669869835829583
254546540593178062027014541426592580675979877909
20834968185157416154051958244626792204958423421
23906988251161247888852478043465256460995258651
57408305069282250953847464664779532118188547423
857956362781966281899141697451708683503649774989
16076175998668374095398235720547514148243916619
41627752703824237944141039349364348849442386381
747011188988015571933475480506208110371639731721
419701592158277540442097859974418829417094593919
15009699934597833334400486708535554749004778691
789239851704622710947776038496771838670270495407
343651297874241675263401863814589204379733411187
41599391666582547109408952420837663956584137231
171106695891265599205630621521500651118340764709
161316169416364383035908763411290349346273375739
707452016238583808715103645474734481958028918257
942489175488587236848591462464862349899028425169
1135625210199476049538060629978178101271019075971
163061919792105165572423193004854151377825416783
363415243853083576588139525569055604406022087707
67031238265205457250819731219564730326209262967
495274022569642953136786619738574648076517566393
50199546711334303868036816366141963644035926617
19096590624199612197773971088029918215554728369
1257774843769703111992705956118903952802738728753
2028337653345757867892498200448706740099743943
239241327428205069392070970620797503059687059629
346781167296238491181527492635885837201504139911
260981402259747505679261378422297818625226399831
744957457844257289131884820983279972587282111273
312249202298835295381467797590434569135237662223
655196506834059085260764035830331880680272454027
1367476490269439063581046452146980609394546810847
359065097663230824659452969714191223824664487773
347956223251211932743829237078102660349617566577
407696868033251400958176480100364827563375855677
956911467998741804023158973389793084156315395349
125671887372999029800405746640119933965901668551
307775993486541472418118719868643662052330069249
155786620245358285403337134633707133252649361991
477892891162333524315133130008567683158482475443
55001846299534431019447573158510024488112958217
240164354467571636337146494878574154531735489141
418152931835095295675942985757488655370117433721
178743903132433414041653230331667135649307682611
593906677782109353493099724267549193345296472103
186986755870773268596116474182767029554694968811
830067625296688759786911548442974812898414959849
406306038406235363240911754899768001218946612981
346320760209159630507338983434980512214140954567
153609699991191072897240841921738660137745509283
955784267527091379475622998827700296264757940243
777623838119369866060020760920533793580669564777
142172850517581082308529798265892694727952563261
70206866399385488852638504512067794354523771943
601870203339356542934223666888782830074292648619
207591724828032434000436537566875339978620267853
171820082078153240636992924967117887661012232811
264918551292779481355470823915276615703804457481
297968937900998732430310335189268174739927070179
513906675520864621786360132004168447754898186559
205316287913273902197554626781190599202523131653
1449303548819340082431927365295882585472883889067
516512373718447745201160654183367675495208667451
54270803055108399807006157951824269074565259209
190321872152664837062283929226132909321820869221
156791270532259058188938414257850061949994201887
775771198732491035923395842535724207050415698191
10934246559248914210070137192168819501435176901
157212344645433303915935080715364192299282722399
201238767176135736067987713305925827763893300737
289084839532102841751331413568017946461144352039
88211336647291044786109197126216187281185819069
224471952153022680234337725035047684636747605199
245125119717349664705997185307525422319330152053
748966771052150216012814052819140722053375110611
125960035794490439715746850173123504790326883229
