178152272963
4238146119
107493799683
765008784787
164365016435
618850137433
165293290409
109923660778
161962362401
228042215395
100460566586
169515023451
46141971734
12708240845
269699868179
726298474099
397096953379
166475277245
332374988777
510512226913
183325263185
186663285201
568258320421
112501914674
195304603765
244895872415
419533836071
11843849194
306208271039
90596959733
72088262465
219631564031
201084443583
89442880319
56441290055
45772788722
431900597623
86614301127
204316750847
21529285647
13372776411
701942541949
293349976591
11053888094
27611848378
47954420678
123188187731
726851487401
246729978455
134993439866
641749480697
175476816065
161202336609
424882809373
67208791179
149275841397
303644471683
127634026857
75133781733
580065765499
7253675007
344504675081
37291575245
64242514918
861285793121
50895233315
5102483901
423656737669
637934334521
283231550695
178000071537
545885778451
95980795594
37966915715
543511921979
135051662318
31717466098
175514120601
60387439053
12637953229
229098225343
74800242737
121474014215
167706363185
749392077551
435695707433
326698306355
115872667178
670124214749
217047817715
24517236554
15550967967
320628860827
359211686251
496491282353
606837077093
324364358995
172543748973
133097878623
43732676462
