56890673492299
254905440093439

244920449414923
272585360478443

269285917836473
192198697400197

220132676327177
274233232405417

217515365141141
222444567032621

177561146740183
8051718257969

896255500229
254193256906957

110046257725909
2605699549561

208712502074957
249740638403017

91620337167187
123647687630911

43584847100687
92850636587713

269275619361599
45396668170123

266962650602617
29308483327313

163086731989703
248115190488719

163646497191469
143992731557231

889740368981
172303867646203

60037430246009
76376755788239

183918239903773
179156489659727

171273391169311
232830409720109

85263429928543
125275313575199

154561734547739
36100617492959

11911014764629
36202216963859

20240785645987
199715556424999

197898348472183
201911924220709

74476728771937
51696044608829

267734371506421
78028543989391

250402445082731
74604139527259

17465111822227
269604158976407

1897525637977
248519956984319

271105831119349
42634570539329

209618064641957
57309643933897

187229012413561
172077273962257

27018484231577
138485290175807

244396618386103
92834290804301

151920298373699
258177551498311

146645989539191
241584401900467

275017233968621
145241036116961

253125007036721
125549259984539

11083254074653
250385201090671

157839914763359
5289362042057

278531643650597
31535567778191

243460420731277
254477596429109

116700315284417
172512630330979

10511067767257
35752591779791

176968048670191
212202309068647

110215921297987
130985196796651

94317156779581
137804048838119

207230714141719
271571707231051

250327270968487
277291504658459

93754454912141
249057458974691

280864502984827
43623846214607

62066503054727
204936454077547

279915144915619
86477459863741

188517070705571
247647499384693

205804585144229
130331401093459

205291141159633
137868807812431

243664542642827
208679222214371

84493884723719
128881002498761

159393538203883
180892373892773

136665018539789
23211449538379

271586831192087
97304929889399

246120745840997
279742129748849

98472897091937
154964255299537

81828933518093
137636924815573

140479165057717
277909566399797

25009640434643
69030095023129

60598789897097
15982998960911

91049967771799
233744831635111

47098840525091
29789316506921

108139499540533
241871328962563

178047324030263
7953222631793

162907743467629
133776327843607

118941496986251
75111906051053

213172809186107
106322086012657

155802830663533
265861458791353

229731294454829
22424873932543

56259861772409
84418246077271

37834875898361
50925943118047

197399861148461
58993717086833

125507772488311
45644952930191

2400888562883
1306322279309

279585023367217
230030122349981

239645736724991
108991829863199

62855776085393
194209057119887

230809915408489
52105165399733

193057696390357
150279478051841

239492194790963
142371397531757

154789307541523
164003735765539

60992343618487
72598781046551

276147852678559
153282327442243

73053106545901
27197557014961

121911969225247
7343707473383

62303617629679
60675264526889

81645621877843
52152670551437

250915541678611
222363928288657

133856000111521
90087218650337

93105702037787
261774820659731

142469405505991
1676924990527

46435670215411
251581066242071

118330085518121
214986912198257

