76640484734962195708341402078367803839
6192526571591186489447555691594777629

338873429807669665299214955069505816563
68092951363063744581808301191671471767

106479382737160682167661594224943182141
332603831318146999249117725796715301821

276215197623179407923528241683954403679
130869766936245441739462007697839349061

175603197613700912991142354148461711883
54935200825758263382910026208034504327

159237522221437744183435911199985548933
87362276374519039818124627538388146201

180863271854360126088880181814995271331
51579318787116844768953848448916365151

255232791283398829471657179574071674047
64156842553366949701807257084960364951

270699308011478967723977011865810425289
320470115336022880935425228345977106089

89857773769277634161679421233591617809
286283042079425556749677436575699881797

95234656255374741245538291531438270013
28702725237182131454597772566081775137

146483480004902686317861431519982147811
282102788369434646855899951236556871537

197560632754189846549639579159634342077
122874864563627682406450798696682796851

4848920043937565955070739872071601333
38177087771148530689260652253131650943

154050427957400709899780641894790182067
170709059547702948119597857092102402557

275772865689600291514361752332365498539
38153362578638777585116386819563902187

331668387351914807472778936730773700257
68945702478243864793350184593160845949

293740427158937906582280364251070532863
18157812393933094820053778767668329191

124068100316182017272037996605328032251
234312315161168874667594840763253360539

288273860068450300579798644579415458929
217487934740363769040593106963178362961

144441245722651917261829493552243505913
143155619213492843458975476822850850857

302954510700363102905994487510763039303
21339530479576850755146184624882860473

22529889082300967301373341653392887239
190164069473802726519564921625196378911

251319033071010537388259850890340628253
297774521379805106747490191629123294369

216613138456716410020690458469025676149
40838597033144483665122643144634657521

109245005631923136969187390209005560889
313561876299063475743028242378983746799

309096216541727804319821062279594151237
226329082742648131260272461605192501077

279898007466309174734782600270635012601
44077283388851923183811003356234082593

127841632199553665043843306977023614443
188161394450240830107486292242015013271

144077516741278625040550850342663952413
173689037683640014808010533743041721091

300060751129409519722944903209756883799
167386338628567696906488005042629781377

59725399358840068245956812046044711853
339275076014449915592846410680248525761

6619644165375131447612329778494101989
63539194209999162822602537509845791477

267154838814870550907734840899784812869
183313819559472187892275711931670973561

303670976776881283218975941330889888101
110334045127096034792834254553292455183

277907814361010504800635275645524700627
207981552724340731009231731412422959

5038300233923181864986168218669656011
277968068010370441950730808365981059661

298071016933178597205444470321904818429
136986639997194779953300282350138492601

232981623170627192285723780420627730967
288874656794928407897787871588142103847

154167375355060584820119637492204215677
140513652270490872075155524667372771353

286906752968696073166206894583420433933
331266898778898234773402958526897112849

167410955692903990516791516514366438949
104351035582191726372481706003913067663

267755465769151792487337043279987809317
117014526353698867295512254070730790031

14891255421593959730589802309869345187
305405078492666058930754520660697132941

65500365607332187159572476564918458283
205729218522585862759283294784845540141

318529981950178490800433103914141609113
265800690058549360772224677765567650441

197615564396168876956145060140409963903
169592294495228260073706526345334909701

214261901012710781602090735510660272349
303134716892456526226936318259474324329

319351354599656016093622832765047135963
118281981179156330825061404618437346663

26761373130043501108194065290067699953
67148796246116686792466894192858551961

17968810212958248887217913598745409127
84441997590773939155166286611904775201

289059044096972490546987366182468516803
45914336213857446450162148044385916293

169494745881448712580021439833990918617
108364691468773051594512495533982228617

246588456294573149075405141842613059223
111112554647137227386514136249223652619

39573432281172656457348751820437923703
158362329860492325122014257907303989521

283774057811687439428927961899295114653
169631452915552257866645094774935564317

85614753836541518891036577118696866101
75106102772659979935055859513588214571

313308520324266956638360595950249639507
191555219507638336749434853838428343757

268109080615138653572927934830409790127
292600125227809434527804521868068915409

246655445686873372962758221072566937883
223733205799086037106126499213466683197

261325797352326099904555042288722455833
106879178658924188771779860696614731909

231340251571801900131037310516909297443
315364881666868733457283216081996532617

60043718369882254461437067704913266639
254477138196716048988036748523458188541

98725758509412507294987701435364358169
286448197986029357962853314406912101993

45725607696936705221907115532902021349
22524230211889101781927413280325661173

339518482225021865373608910999942128363
162747261144969925837020141825078208097

178286648197778706971738062493572058863
271769735773064264589538012242660941081

86032316503973611825484132095517589527
299377598916215524280219801657461763159

67272381241453955419210289569120396951
317915201711962965984888107214023184169

128695070372405915921365843442482589611
123396121144881560264373618235287948829

74213809254968907708012159528669245353
89557194164263322241012650714088543617

196387721839393266231850929385514685173
240415637629650698842045761113799794489

334792821993559410487666953353947688119
108786976895324656015767932414772903809

80368110950844702220983023370742090853
296623338538144044246815160013311398071

295089511300960523710868219957625858173
125120614303221933571740601554833706637

290870539879867220123850040884534951053
257795863919286551844402693863292233863

212289006521975958975962704423705935743
339284940753579194949923469326357623673

183986533531041301311140535832756121399
165100148987486437090196787733173044903

276399972192818238375799081878155220551
119616244866063069915855554269828101701

191028132302679443256250911253721961233
153763705919729890989575182057790656789

54094752570627434118642123156540475393
133480725711567629853465366570169790107

93075870800941732268507194443881865233
317177484052555224449729843845149349471

230159813499916733730043530031975358663
137001721254973706260418989842175126813

277946059869735837812872662194950144469
337387889321070417274621150135529031847

139740039530071699087875564772906635689
333395340531584043011845756482008678657

336609787573094294728461134549402859373
160664126895068560172754276320721055327

319301763049159072649438046023757957997
303178387167803409019659184880624262947

23525012280509985315208240076898280613
34276842107017915499476440820603982851

251684298474342242438217505036477819393
314596243447319917497707296287617883211

128745099553018608276707296730539759421
276684991920159070739506373792287765201

275227722794124388247168794777008140473
296896819180996414908659717449431753221

264872357822644231598397608899045607147
255155505633507812445848388856535481377

165683055823111654667856596129805859301
83637677152048202506924927046730182923

286573019977525580272272261464310555479
15815186098425493055077677915548959699

33584648379064030856748488510779600097
153701399793742322172380174914158095173

165317454466542309403892313664871945597
50232550444697386136558169171040918867

71857243123276850661419360217878858171
201924644433776992685900047545026207281

226889690023935715796755755954438753199
116203006710946548953232182576963624653

213528761734206891989057301815577382523
140562113780322338473749940041723775057

225155014156518666667152330645190192819
140442390834505541262734407048191864607

