12893873
11

4451591
7

6912407
7

2986421
7

13588403
11

8502841
5

4282609
5

7743221
3

15659821
7

14342899
5

2347183
5

12608789
2

6095051
3

7294141
3

9738191
2

15786583
3

3456217
5

9218323
11

10344437
13

154943
13

7902527
13

8896211
13

11546027
13

15277529
2

1472719
11

3529301
11

11577719
11

6644647
2

5313949
3

7082809
2

12818063
2

869959
7

14060723
11

13127557
3

16214047
11

8284579
3

6390211
11

1465073
2

14591257
13

8921603
2

250433
13

4664809
3

7492031
13

8334757
2

7225541
5

6399917
3

16005001
3

5462581
5

6541597
5

15250187
7

8904691
7

16063067
13

152123
11

12575231
5

13715813
3

7868821
13

3432907
2

15084427
2

11412691
11

10069849
5

11809769
7

8947459
3

16699481
3

5441123
2

13057013
13

13852409
3

4952543
3

5174863
3

2189027
3

9817043
11

4182209
13

4257023
7

7296761
3

1569553
3

8024333
11

10781131
5

11847791
11

2690263
3

6200231
2

8655527
2

2053903
5

13850633
3

466261
3

3703393
5

11441149
13

13341271
13

14829053
11

1612427
13

6783583
7

3337261
11

10073771
11

3458297
2

3058007
13

3560927
3

8826821
7

13982723
11

16036649
7

12911021
5

13746391
2

13166089
13

