1065489614210553803419267445772504244532006073556001281636355359100848271
129829769522671977802135645502212572812178474604023577987694654684310157
438479241176991171778111866021441419206246849405248065656843165313645017
213815056501824321085055231412586735667831457442624103984203973495232253
65024132397097903638296238748057724694857279994687563826076263239667371
202487465046072981820519894630170758312173002354129563028822015522748327
60785678788969378031674088156208045478952899748397416766074042663249543
1014911150898322079319088136648173258596219177601399867959489889481069627
1138170875641299236735516931923776267108775568439642899574013988446359
363410409415308550909334133244219829936636063598370489689406324632997621
658057426550499683742640930720087528098373815071110617938986467631466509
1150044462487547145256486635318808044249632075361666087413523058812559283
100262500412080182207057472145605868389009670078331049134652619842080251
267626300706148445349130928200985850448890822507628318037241320936406733
353756185221884880599156069868012156234265888214824893630833560789379261
540758222287348856604103368121357779793153156355837737760039988070070041
35896935956639686831085056404148134575540236566641193299772930191298983
40356784984345370478927729697460611457989199931529457413251966852974933
812513614925692908375415570892512596924397813540061070745941500323070293
137059810461972551512638871216426001126294175081842009778546790489006067
1610088841311735268855493838111038437751395544836762281566722084699908259
635423721055285155021311352623532836872895820999404510749062932769688777
767205068079235680640212187015836705526926365031596730903948377518852397
256937998880467645171515041698138706865840866273658846515812154423323513
52818099032595594002792630578035336879643999855973502723544981758503897
359994249886902662853674030209308962234970155021043175729850802223109389
506179551845524698617775600804888179235954615090873304910931708475227053
941411549975464733912027739118270013060106756142765742729259403056066169
1079482214089463820718161248398615583731818372660054485853084078313692439
134592076589129005566541832242118121125906103636436363288264262196648157
528281163614357761486672797858377938040600658785673898907715960958616189
270858135109493433382574612289063938502071501956525361394879616728292139
109010564791187372828020982456578296067095727316831688745006610263464743
358533830287881234275068340599253411312631707040386519233787369196897697
196320792442785837852660499811554296238005816833639703264934455147219031
61386207141966407262296379757776184858590940224054184500722748349713647
80935435672856859035402582589491165930729542711647607085473490942595359
87611501406298524541650744120296214249356512930957731654041597326962079
27396914026612557210114160918224128120534106794218512829860782332218787
31102760520774987006253469483805111265040007891070928702393505856301021
401215787433523568184151014021107284311061949039497453774098658630242047
651991247482952923240385469716799272783377508356447689456606646210950079
834586927588127938694334629439146407132683962653606217643578286882154831
105928419962797745090885651132402262370278439803862773138870936228755041
915033308149447241963544289875151901011388737615918803299063855914745117
26528256040305339786240106128685856792635807153598281156216661759261707
462285915249202987594872286953869849337448436490094831465765086959737489
369936499544227272608986285901235450502705405385148377761004784322069147
484456135364286611026927932856917354575975023839577169778031715717042207
188463162903449587479613959312306344219307738680129248376161560397394447
307498813974991931087401434075122276107850088545421606504937952995650769
124341816538115627249676917078086331357277791227967113736088915173913287
494293458239422281380138507096743241970345965363072540131090790705004433
379146320118202277876942994798119085012771477174609931307931712869655139
768285598044055164385084683655423506059564071585104507933439347507099371
548686064174154773483769299912694277516009940725338049106129784282482239
1323665105898705464625578565550778332501447561619453765314050722959781857
362783094391567269366781796209855710204294217441794187250874902883214279
175142912190642526992101202801415312785142032101039887068787232192333453
605364278657333032732811796024740309924497272331725450965638651892911787
37966967125308853391765939681020752079334114426597835805875966338302207
86189029799511578813945180827100878264520253251375235755017380881344883
522581331731477455912644529116200064917890270330727289536795856459875257
1473793014684307662262382173834806594329228806974542234240750078770802723
978519887474444018656196752928815640393640825255045616684678079971507291
356110175525834353997370660936828905772494268498742882951267441791958429
573250803747716622052263579361033458607624398277291690172466679238559863
820288246920203728376428770572499276781085330434888474715535239973624187
511998254480227536294281473893479940089156243345596586407050793889976941
125690097107177818334312999549082552112017524979152623178001590558428871
1474814720414069783455603740634298851613096867480271874118985326949181067
396398558306312387736705639945062296276222429309908331264738330448181169
916258767532615503862575415184982319802616626381071004265907865986337
516781885026927836418969500780347140230025118717024515431138345487944657
361262021712273667432988312680252857295448893028180010550548159192534929
34906184102629707636434664080430349860076910477240350977949988358273137
52703898034248231062313378631657723137856630880277857697056557181608109
52143645386390382946505824019610146057311697769536933395323596017523471
581479666456800944376183686421680597304673012031718419580195268067904967
1088144116798535058987748124143779131328432237795719586119378700057094349
1195549665975800638958064259913198467028272850142789725721054436888592287
51063092569992430406789122292482904467995074879234359874967142642063957
44651379662519822540842835537163620034897741311681525615562131209147159
412548458899280456131035571023067865737597965635867301480350757055281223
743176739268295774982069936284704851024443990649270195903984475971248057
566740941006543516776540343943701226668073867119507190770898856167008821
1093894482751044319149328095123986166420691856595960871754093179480866431
58199733356594300165566193590091804783692965284603429704638209065109887
3388387576690710148094922621836473096547344255041106119707301844455481
715187364685100475050385795347780316142801943886309987146495269793746933
3085779717125031443134729763041567597685443049624949302592444408542849
414073767630935767278808053745029024362497669739805806537919857314469767
692168799175911163974006450406277811342273121636996266098362138028837957
771604905746529718742935441573210192137792420653063821776607786386864997
459141472456805233200115758336672969957341203468569133882336999576900963
1334918640375819591295231715231614674958979216732653117306153494354513043
45037968360056714753273460989123191062551499817775828709525747441652363
552624193764273221538914595080584725321749079570812563895211187326559453
3471980604896230925628440978200054579533423793514724842407639577995561
320435753836792243478156423828884517640408820991244619169227958754514991
