5985779597194661118871693
135315900053873818300151783

244191211961762851125442259
264515970535568177357936009

130803849936440342359368707
165028138376125988249499497

76828091722994406639131173
236490461832865998935274913

109973687685304050996747383
32505981665981397082515653

89397693820840448606635069
152351287735398795631093063

123397887372806902959997247
239545185017873881498665827

269953316379418592762143517
275789101083091767832461803

84492188628326128175568239
183178741218325210067410501

59030731326015524567113927
1026656200694699997537113

153414930067304336069627207
182048146842544718999865689

166477069748085093535763699
106556234256095647158713777

306953166585050052809961437
116689985963490692342358859

164946022751192195549818861
189517649532279313519251907

97049858818651346016389567
174164341808272229938001083

93347443255370052633829687
61233220122215493494983727

206943840017524499909215961
251831028868015024428216031

143515622317894724053539869
76515988496443883882902579

283497886901447050901403619
120071821484019021565611133

76446417001237051985659889
208941078435169691375786149

46870935365256924839629597
172605540490088158869631807

150738688979714911180371689
211564501215753142358918651

55415842355694243795820559
82134532688650078814238977

214646160514824219613312373
139393050811664616245342759

104669457035764521090759109
50580885276963976700100103

3572613294870914184257713
163863629928292793685251453

106298029313374449839454451
297693761801473743992750987

51298662818020019061558047
60198215887617435392350483

56833642537601063709815543
161449310744801430598490387

28273821647554053926552611
80509164738192114396604411

178990494251846885273213099
282150712366384679982083357

195210956996751993775246289
85574609126528702539066793

41700725731679061907662041
6387449806979271932764319

164894897078021740482931007
237264087705036968360292749

285141172422742155182017123
19512266179198423846826783

288111583673928020955047581
69609878800348227821467007

132683763477954618634634393
86383910051992567148254469

10822342524274092542155207
32325358110917606418643331

247661573443680701673282919
72608802305617504555701767

168687892704623682745560661
194349518532937715538889037

61302172681479121505695657
161811971627599169796169193

164133583235905616084235413
84650166380873469771660703

198565270284087006382537709
267604248699514385819493899

55500408760823516412904621
29277366884625637498769849

235486766504573478901784597
296324317906528829654059181

36641868380019029234630597
3710648937405529027787201

128776408570000766737352623
4062433714218903421691773

77188182163332371752752211
135973833570303942468334777

65299436954268422706307123
41475737413707730985617457

127770607652106291890495273
286629051517571354048981999

235080187113752057958371147
286607980889605887890045341

86744406008852451927423509
208261940275378818314737963

232250304913388873028181211
164660284891519107476983117

205722201999084464653037207
267152478823931263232157571

302350416081087289161482543
142883382101439174228093871

115745132208888062161796899
253606943554827494797080257

257062237945264508913706787
10573946933154537842068921

306064089522698953366523611
169667797111040626962149801

129758935088157741612739021
195561239397528271168556969

9005923331101312341300139
113786434755523149326510393

239651131314775061007690919
14670249631844597302836677

162207626994065471028354887
126195846317190132506249227

81225824516284243873033939
225371902726895096785974857

95193061511921485259321107
40094964356633432177626621

31355399439088597365002387
198647361230641380362624339

56020102606145913687128603
145075987609868909298408647

218018779642315845250799617
81233202314727603458768689

140227940893727827846892689
6007853803052168956338353

40306851722374419788406877
91447343459663819248981699

60801824458890080598088913
287539955712910039525977377

257305178501824774828206149
293000578912045814621287991

196440531709899547393950817
151725093742973635985595571

232272712126612075929784283
266589314370955104345432181

74580633176666833764722627
247457536582624913736893743

197577078867110431599862669
197517160484231603565538657

123003209464151389130231503
132223505077267526338893751

283012920185721891133825511
34339445946693153075474523

165224753305416864899514751
172048124645851395095509921

146872464556068623945800063
104857670520596367625931761

268870531720229733855432623
24613886374732344812375453

202820324318951189762804413
185726344310020638234558379

224540084495383978514940611
75583653554502947012128531

29640283333879516685728477
106836371881856474985151639

149160620790914216298117881
294626044839665523755290957

51586003345709929554248827
262155979365090748800987643

299678231473161248260123267
177953182022096694931065611

149608832564082921672822373
298089509552523740810254943

261869529456958762891592969
232186336343371254716375737

244645697393730080261775779
62563242948977412640662493

261941388065304113120298943
160429520844412279615665767

279291232291242180233562757
213379632398316818289407117

298137433824860626796310041
44716839687519714982429711

302267411965813929830956289
88355110312703818465904233

8906917316099556664575823
110119411317159307436931521

136052158391217186772371371
185822310344163073176494537

162621485270678421023733679
215733796559464683381827177

28326914321438037979799621
211380928249570749685480711

288742141093299422003627389
35361370916863144597723637

49134683009149611898333223
64609577593138734568829609

287038138428912423691140731
90270740636349602224781983

