12652065096023413095449
34625521626388018822679
31988014351749563463523
1322011725479301173663
1934638616322626428663
34381361883417977869897
16680554411624848911701
2501687610698685343153
18619222923323301441133
15629029784430270637747
23910930172213271607617
2960387109881559035213
44905440955711362239497
2106734042764523650187
68248548778784462832781
49441661085547291268473
2475797493228878611249
27925129314835262967199
28147083715067705220823
10878463216090520434829
62047211696711870000353
46602810748880328194867
15015526143959088554951
11449618105774802805611
64406009118236379782281
511840507413853889827
21783581382308433491459
2097473441262129078199
6212528872775157710161
20772193381390706312803
18615765913830752231671
19965149251353646442833
20379657735287242743887
3224571196898956721441
34013908119980340078161
6511530357106987305629
59788945424781147394271
3837870834700625585651
43404583672285684697917
11857763087396930368853
35351578468181052415427
41524679145678116437873
21835369490338335109357
29958169468862699327797
27110827527321258522349
3750328275001784598151
6312244028938155080831
390840265809054656381
12955731132578214762211
526759931757058518413
2137271797242135353381
34614692018910136197377
622587884424909249911
1173884377726260343021
28111934092970398987907
11990814196506605840297
7383340780144371902117
37224557464799706872111
13378060803176665240163
5264400587968678740691
14643350173610601603533
8226375626557624628321
32920287006837572097121
3808417233124775971267
3219839655587997510763
4245548131586815272253
23608260640934404533827
33543904886354670683761
18948526427934737673113
15670086567530901537929
42418763339963486046433
2720649711781438930459
14245809619168726928053
19708828513285916217571
2300657817720573832387
44449736934069270237241
861105288183621833153
4843445835331062036689
68482184268968522731463
17845979484068552889139
23596207590944778105461
19032114485875629250039
3992489474526391357157
4543389514336992478039
2011355851268932072033
39275189963215972269613
3379971137577785378077
2921822334051077397767
27571361906399632620883
17728038655046811279863
35239236025163624991949
74047178984585532824603
74091447321334621920067
10837209957802987799021
1194690140957478327397
3624725334098870441651
34838806049256639510889
20883174821841024614171
771063066645999120239
32817060747831259015657
