2716899045011278555787377
1416995221978387596175391
1766074702959876818166841
45126023573194288312759
2484618273257218514345681
4060035221419733555763697
2928990677958390051967139
6456691819241014777275581
1447556876821216324307051
11872007167665442857988427
8340198955462514880046039
822900118493485429961797
10088258200714503731568767
3145333270130153141359633
3738687511057238023507193
337723689927695571386267
7992227639035131059926861
3907991362980719252452013
1812991411154246612842589
472197444172023006480931
94154044401713920904989
477739208764179231725411
84319491715235509700449
1233987625364213023722973
1436570193367377159392459
5856616457505015988814701
6175018716054993958892969
5380623125881679221624367
8585265781860474739860559
5335931040187471512374687
4512715700321328949147661
2341394112065102909694611
4100245825659429393487333
3625905602582926718213773
1679897736379526758791421
1163240693685109711129691
1567207883103037940194951
8140768269415650395377801
6620246125954894342014559
328009647143169907132177
613480392399576326782901
4153243286339813599897001
1366859691094734414731383
5622356936582108404361003
9983445693150844577395507
705996022993289327878763
9072744057694951174735939
8864723357140807875107783
6060824306063313592188001
10765085346114919546081409
7489524094325924498842769
2942126546653590724009921
5317722723951997804315919
2979545311081419543580417
6610324381479837194945809
4514329485958461989705929
8633608309754267643153227
1357145557564276626104999
6303161080074659609051161
7938658041354051018134711
473769232925949824031787
13929692739876096985930879
7153520297382383654264533
15607833117761876039387957
7680699482315725811805919
1424705171804819305825691
9965127744816645502225183
6994409048348470335917909
2238217076827899976757987
4782269316521374053061349
1943780780527234062698573
6743089809403441658079439
3386175259643886203818601
1527262843341383712946493
9642183826197555190687391
874654983616295185719203
3236584750438010225404097
4436917276236621430766389
9415005235254244441605913
600511685705999527345957
420426181706787676942957
5646959633960810976111407
2824277719365002903837663
3280912113254407190703479
6370489754936617931463379
1745435251276755195323311
3788818970167042200979483
372067634158611901521413
11508360992857538279195807
159766212833347684127177
7307201305996099240861001
2227839742514957617168039
4290656313806490212046989
1671961114745886256175329
2563356135857784068705723
655288243204676250302153
8130443671021204187221321
3934052907802335572830579
10692720929967241354546811
8770068048731682499575017
