12637984948129
6934967250271
444269003941
12222412821313
4123116574561
523117815553
14181841294
4913316111113
488667910261
352943325373
5215502213809
14285734368343
1040697692369
427766707049
2778903546781
625051894483
10941290064293
10921216253459
4025397281441
2553793043807
3448844871697
2303174035609
130249526357
610835594429
929736129437
2132719339363
11136230186
4331151496201
1461100051361
6678205618661
59561534581
8333798048159
8777935783
5912625947003
877694555239
6795609087037
2756749047887
311800421641
2548181789407
2559502090489
1078931177683
6101027690239
5417154219899
1013972100203
1826327943749
1600732406419
3121087136207
1704551114647
2940208088021
7430208686287
2990826465259
1037929555727
5887710753091
3441645543797
3426808257751
5624259345721
998695555093
5583881696719
6562742610667
6435826124113
1077461853277
995353738
2052506677153
2689300910239
991951117057
643046898749
264733490779
2066658450287
179935331853
1009329862019
14633020737149
835522751531
8713555430479
10786909439161
283040565295
91019108141
3433225661473
11168985226181
1010799064447
494670630007
958129423957
7364151637811
253588833613
950535701347
235948409405
11319379603897
5939999150741
1098866448829
4759438888187
300943320067
7761356839609
377162702309
4468778310109
12758492812577
688631971409
184404882263
9969359300281
5998496873177
883293209243
4215424382077
