514727696008227947635318627661748633904746426593
90375351000100824558441563170248122304940326727453
8683406200030449513741654338826999606980225341961
240108177632231561975146967483121651850443349604153
10861868694996977560244407627190532450296354285437
65667501668647818799375729604592295576821216059339
201542286478751402563067194212864553784560893364487
31293812234099099334474723473139278279386683119561
128204945069150870765796599431097852944430440904303
28622360339516148916116110679802525050574504078093
73945471278556757113730325005802789695622476003309
37100698125908267964814733182522726855635412915339
175003817220347245157202555043555460510982547985251
2388695766497928876043766893466461112244380453047
267774176195463937984841189498547419417125387970059
236992439477678867362673615518009195799523139594933
1997191011210604614305529523610474183418689330729
124286699060161908621917789664286800883563674290177
24205306918605028298824650030315059864373514193219
10943105013816621737654997562012355624115959062343
205729566750160059613001518991910688232874615338623
1187058424318725903063875500670462562598107402533
161543151921553943747580383497249914779662988551177
341426394232173535965928517770222000551841156727147
20255455698652774092441162917437784357477341784819
174404684128464190441399698136726070628780936643
118206787194240160772849829423408889530100173272681
125663662173851429136086436101315561112179628973429
45276242443355446579332385576958656613148573002657
36142378316020314703089603062175420412063640058349
19741994726838087376649649807277524387310994677957
82082422754240607245830543766897852092795000656361
35114484904675583240775351176575238151505938680453
234954632155613438442377851549323063025287719543471
5236262895539916056458917161222712767094487449563
52301057662443461820870786611814505373515193502379
65618179682780507844980066843970878065040224794101
139502510029466407208644675585900091461045814567089
211776245262698429689722379665420469477292585518087
129670788964920023649979624630220979446074297082963
42120573642688914115348939494332784353651710085399
92327222093201203631979249030217356420153016246909
81064340875235472972903360505023954515006711469161
205774054526590391581505019561939742859366413626011
14357116213981898674504142919932151147676117109849
6204821878637464697639070513229868875741623338341
246291478025251907519896265096203598193792056843657
56201844060305001696101106380464028405843122061197
35493172886001522041589019348927728919587586378931
6771886516755204136502302836876653659086050564023
28053977156886874608440721949688930526325250724083
68878344487318995516322824777469633208166556253653
13665344093118686064280243444269169147032725847101
149539088802083933086896299797146880462489654246607
29438418289583598003703165486355722629474120657197
2791743968611936559990375242228043668248647663237
38698972920229948232288732206697303931328909210663
24383881423802043494446628522925952544466460088761
2785054631553347904384494685824678315261266667843
493302909307374919075824203756746329621831527431
331130101324577157141782127211622280206050341829367
31288182193425325625040128526539992650052422060991
28944429235695679775030565780764326785658555247981
6191625394607623039846447608413160071578674129631
48623399700784729305747767229633931134726915541057
81824377763414470898464204634880621678923062761673
4589036291130659666924393834751848512742047702669
177721637718443570671199577140133555534316134337769
11225803780666715699406493828372833016348131793867
22215404336660529739535280142345221735170123586199
9439609545363346768004538463159799540013917170481
156408609373954684507863270417817774480128983267939
1960714917776618055909834604796405383613401718077
330409897391810854974902709659390696241724728259
9891770062665923789623297700539352958389497893931
82595745511301425213527270532947166260656975681747
26573054849096966870419177061835404291827923984137
222378451574897762461001831884489458370447573710857
39474034800876709473824636105547518610515520364993
143683172233595471861980527982394500106012878176983
215865447213250507504012606223863831113179301695287
314499861062678229792526357583086090933580284428917
93140167745536411763008759010190018163475622105871
736639297557891893501831177048140124801525352791
205167830907377604068210547148683369460716880351237
254268748123937538178214915753897966360033096110229
12970500243232390524995241510547287115657068293981
16319093198884502208915511783367265729338814436669
2533631601612790355909268301931920795199750745151
215272489683174897348900875005833483219786795646873
91779539201862847452155510134780681248883888043957
70041558755726099973919502774564192419689292469
35559258644842218835745898703728864833209597861159
284831981356434375572755523659024093081959848966263
99453166894678657202597941537809704697202263890159
233504102396487355549589921300638274229193678084049
74288468791157847871741714118685603271987834305679
336003274159936914351703516106223232329568381875143
345684429799805588027608974050192444533669313380369
151487991428691883451189225428583959226081626102441
