53226399092257289204605418627
3374065861079705101

31964487844360414212025412749
5098333361010462773

60110618807832175392975299723
14069719980968371417

65046614760914155331768796433
7064142399215293901

6573247013181295286665920541
7765313020481680193

1301968427702577780898386709
2720180496249236099

36322605269930587407068960759
1398034098501054277

816314808006925739601699031
3020907936064923439

32436748218419902951448885473
7977859658868480167

6676533022790341558756207391
13485487835616257179

12681118744614831777494452277
11166405472416278867

72273984498249891615077450933
2234284307383597793

36334002616706726571495614359
5965967405442665099

45100014806294101277962475647
9713262489857658371

15400318838636094368098376867
5927072509861540481

24336516113915562846635120429
6095198339941810189

26430466973601189727153863659
6446634537228718867

53865010612250277143137200803
10813789816020070597

71465326676784903593643726397
14307935247941805241

61662285976065816099084045431
15038828970778095653

70616126121510526410116185499
4784792866551802127

4192982740694366093665655411
10627549890243347291

16708109783216452982431437091
14904029311535667559

15825205218803648650805370061
4132823668863743681

33196992770153946720892640951
4475187523750866031

10507020140558499615861759937
8169697656000933737

24910792298697920032956067067
16972541738811872071

49260324887361285097081962493
5049730129986516383

55902463029745168440948421289
10494913807624539497

64667990017605469145961674009
1501115979776285737

16197890161724615486960139481
3721200438608868547

31952030156256528242086566977
15996751035721723633

28951878595823101602282175601
11533729869703169243

65594545883893106706911826031
17640004248034213973

46816315266261650015504439089
7296337936800470843

48134158258945163787615714293
15472046239438584017

40609995615219004988388391637
7469915649958389581

3376271168414886615693013991
6200757644746896061

27204409265340744150026786777
6754567800457567249

62305762645429105867563611867
10657388706265438409

64907003822437907158948927517
2951174006610760603

69825015922763636600731882493
12357500227452047309

75344473072743318696064017001
10194248222129933327

24358486029024304000821982229
15171414530199400663

52811328212087439435770513231
3446589170928447469

74603575906758598396534558069
1475978136400579451

51816183722667589351740262351
5833785761316889291

8966951510927382892414949891
2206784224446279299

69087773420980498927786740803
9209292778154938439

6640963450186664568377499613
17583743562388470023

56360521124042664210089062001
8872733833391926429

19905788352251943384036318061
3025892226474156227

45820376913158069253960291787
10213972115033359339

45863694695735387591956946837
5667554920350782509

38207268675702906623663085067
4738962991278757481

7136505201927047805672172123
15827020994207232737

65902349956690989888512425309
17219823863480492183

35961115947532913904129033527
7573212533441906761

15204956167875712851963937747
5475974089223564683

15131352223455080721429683771
6567840411023342359

48298417055762764256816150929
1020358149903982501

1150383115835546075520216521
16977876951132972907

41140827817683748069031860339
8945083222331048479

41108978761685317635902748751
10551873793463531129

50869576513797415965329006777
10370360468024766821

23765827000376814327705326549
4959377195733249229

44409945190931764170622024457
11785533823207105267

2305435104641561752586527201
3317890047848364641

37417792998014746245264076799
4655533238965792453

24795218722135689127974857389
9618758621221117787

48516006692000542508741217361
502593587522992883

78527803805724147922842062953
11145608388260786113

19848410715388516317442679
7158021714505861789

13527539581584814792940266909
2196014282012797927

61411622540969174548243540597
6633567258582975619

66074331754945581198986498863
11906002235165358629

11636221424628932433478594309
17728292740968717757

4415807074806512913645708421
13379981051798709193

78922899709366908505681938293
15118533119916757123

27170969229177904119927299009
3154742033108596057

5748232357351142030452998751
13228375113015193763

17122533567306793179980484347
8701086728546436701

43139543155458851757517625887
471716717420819609

66533296556055676575862058791
1915262066558361097

60647122189504773512436557071
14599619298293043727

75631386768721601444408745781
865977212281984811

4531878429570451962207588743
8013213136682140027

12200565692484296381975005811
13363814045089079059

8107606704812416801628946949
17925723531998548583

14026694310776044868028770893
745679399595101417

18558780906833747481112382021
13377493303716992033

9400901638028871474956457821
351841969123284797

62192239513779990435175522393
9855535149822680533

31205606204410380314266365001
9547576939555755229

43972636964659587199402269809
12059792685833881103

67590941609886579763699302527
5645840534850117467

46139060377129745538620391611
1269588813175106573

22412112532260383580418221323
18357516092115013283

13741138099905759861322742377
10254255178655970371

41430879847256675800710360641
1792051883593129049

