1557058940138400077045062744097625338312573
106395972240265716420228223168854062473093
2059866146584767403030485326068337209778767
11241117612208353574207776091251176878895429
13780611080654087684614530330026350024649027
6643192491289438201279758049611314387097293
206688341768820285624401904145747415090639
2350308228530006193205186425289223225077783
2796866877384040140977602648556098893607433
1232931474562056603964029624386876343286541
1408367521801079647019696680350536242768771
4596626301987794509505127076287870721652759
9354825040623157533461745786017679073153129
2709911051933555529962703041941869165959423
2734381003169893810123073622798742106993311
2639482981530477248474617361141574055255759
2280026515444079523230754723463481706333407
2024064073613426403817978788495612176886977
2910111769375152057836849319713996021472869
16699524906581884568644047887850400232239901
1273483265096400282611793405504023262199799
9958776638783343301341293534346257688977167
1902801815610189383877743374195319694185951
1120867965943447766199207819190113558466901
8482695704268822215224316356202871646526611
9003791865046218184501591258971414348924251
3528390446611254894834617779427669678301407
20354534572852361871864649101268430966657
7609880932270768956569519373770070706357309
14199201081742033171399128947808428441605687
9443122731389506933373850750646228989084371
14547558459015050932217439130376742650738761
4936384921898575112222265047983586107133477
2260788539432635635219053145340508644273523
1064282877070264358930040668573859112312733
14663359783175284227952876678883927088337943
4674455936865353671237944090671503027336399
4632308025784045140884219268369364245723461
11739320572091372774094676452825121350655327
755296312514258101801574696464081757924801
11198441754203197567414165459250985947288699
299059498954727451039681110472250118439713
14382346376333995064563152156291525014913137
4752151211105176015919292518838743306948581
4125086904164949470652125741549375803749779
12193112303190958638356457264911413483402579
2169297245886207137624854644389276133261173
6746034589179660508259143511911248515945951
7563669652639964636300603720243640075951373
1700045249107995330814412758259866182711049
10625189366575605194413993551779068134477499
993472933243413477145513412845368740035517
98226213115556362878576902283750960635261
396385565234742369175677697294595135019511
16532629624416019627277430573374967965411131
1118845953915798321880513122001534929359819
16422286024091671186209347530706070967176233
8935739856670597539377896118004397035570599
628782400512670975499385019676184247833763
10360489821089399965638701571708751257223279
3668905664673323048125778934919034325894149
6024624734710670769068092380953594022907823
7470873924862182005455766162407177641842177
1502925388928856073893423841124273205602657
12196208002071513934321926733232642988386359
7225246850226682972024364590799452560213019
17029917857089243395552199563584066181723317
8829209752688466977235948497718999459136913
405327565581908109968427280937571693387481
10091790978500995291728281692417847441016631
13591378876520795693856713948207370776673253
1607021949793843300004866444443431252891351
10533488192340682952767505037032228482893937
15445545965094881991549827878572990000535871
7556968481712889870481460321356158875373651
8528969730649582139778047518660083462351107
15492375933267959122627961009479387195276909
17086389719087370371486953829111571037582169
1181564143313010973643355630336071501249021
5981316899147334804210676421697805437379333
4015465769668909168853157042745765325908337
6775744694783015223480482218519627686608341
110296189411361129335366853698569636358667
2306692411556544395569718327070521269592779
7322281301329449404104094459718943744019849
10674741344275839467553057141389872569700973
180748117112702525143584132364078923876187
5359689725731439559872961094569523118283929
12466782066077150182227615407974418324716283
4203545002024690197545541736060850622021329
17529699403524338563121422550963487010603391
160486424250550829385698567053026344748331
9150304238228887798209385223801408279696011
1806350855463209961559835481351906320168167
8292228915062767017308891024904871574941841
3322783364303131266399242622416071050525131
2916712876929650169859574919780030206572817
2533354151228195294053681848262521507643309
1279840950829032499084721055753013332285251
1579058262159900503052169001644895260496657
