1640201083957
9933242293717
463663738669
5520948351151
2527147936909
2908287694243
425522223299
3303006803861
1864000573247
1371075166537
2797374314309
2539676743327
8451509305091
2194579226579
6000197459051
87384589301
351058139567
1489207654939
5200285664879
4101428512651
67790783
2109160013089
1047783496093
2203962784181
7864383476777
8862949912783
5766968080649
5308630847959
249688745531
9369444099233
433869278179
6060089291987
434425531433
3441876019783
3413028204689
2146103146463
3451998409633
3486584384429
1987196062213
1829933293607
63850108253
4531231599383
200505763987
5563027552079
3557906358119
6778056255281
2528222855419
7117794895873
7096142449093
7369927269151
9800904779221
766166873851
3508390286263
1565227254557
4245926598857
849661543921
416726066291
22402939243
826716340601
825965576521
5072443460251
124213910021
4323312751909
1217379614761
4052215822817
233596893577
6830469355429
324833066749
136191672787
151714864727
945814594093
4959772880687
1416989318281
1270696103921
1858862494529
16921279428247
3658858414681
6889935681173
1957738114349
10274930874419
6786773339387
1078443716309
6239972558851
5601127329263
174094115707
5251793302337
10961000506069
14710080077657
537647921257
212686562581
312332620937
8419614671183
930480031253
3243772135469
234454147261
686807792351
10517818261411
6389274483643
385855454987
9350053756709
