608230421
2605897703
488796401
1271144531
90924121
40418363
515135983
1294217401
1635016811
38447753
392449847
604022611
3366436973
13175497
936105383
570012953
1651815289
378211117
673738477
1477471817
2167223881
559821287
468594683
95023303
784329353
223196387
74253041
1695804013
1458499579
726713527
1378134383
1506745081
1965926471
469702567
6415079
12469411
1078451197
405367999
90548719
568416509
644790661
1523988407
1190297627
76918243
10129069
236035759
104937527
137329513
123384449
2489655901
2264981141
809159107
545944367
2025839657
808785017
153917887
1746857377
1726551881
431345597
226126349
1301751281
651232411
1500619231
274722647
80403431
287235811
2318589059
1950826099
905758201
3555543221
1116464957
930012197
101458237
2027756737
136616899
1040244047
105587557
2385386777
2392606297
392375567
237633653
1367120353
1381563583
810180941
370575043
1859902069
36727091
2126774227
380996069
95194097
613910867
681579313
1102587503
85601111
76579091
1552023163
719479339
2461402877
124629511
52238623
