34024378503359
124935295814969
57033178108267
4354374628517
20413839509669
19639916301319
9920961587293
631374319463
170393669569759
124935166116751
206404551212627
4573869330397
36339626515177
238877410276643
198190782286111
39071095959613
154669102242719
4042879076531
43939969347013
13262080369117
137281403210681
3436222323343
26539305415307
12188384745631
89808796403603
30120391679141
91285529282543
33428638047793
160868298271871
4447806388667
197059092250429
90459199063327
51978614390993
34037381591747
99121967482123
77490100650617
9504615663223
182862687364837
53573659127981
30309621624383
24437764480891
61836841921067
126212186275433
93287598361
44019648776197
18754779478727
119427774018869
5719756347853
120257038248401
78308347838339
118104350350111
4114907633671
179545610089129
1557110265719
23682029676817
64677061089647
17198346077687
16853931687577
5180314552031
178520545298551
100881430007209
99786661677509
150943807203169
19790467227361
23237123272747
2612909552371
12144716788807
23475990288977
3639935837623
200378530611109
28293993762421
16198121323721
980500918907
175264213906637
62655770279231
65466397061777
71586251518021
14547861488971
38920270134217
22263402578159
167336659049597
129998557908757
12881157774371
88727696555171
13130752039771
3981796304869
129698551773559
141595361241721
34403660700361
8693505879043
213324180456449
32619936515779
40597675127627
24137351236451
145704958062673
191339238536261
92965156270387
53852053705943
245837553106723
127368929959529
