1139072024917871333
1319723152314486311897
2674929419163304523359
870590514513196622113
1519688893021515785593
1125738694901652877211
917414347628847586451
84574908581556966953
234715288924006757117
71501129110068942257
495001401456193585417
519294450727873474501
256782701160370355053
77117517122853108079
823365949036520522917
705911159054518537907
729648110181164634539
971183197950854372851
392290054235530305691
281268299027223565657
270007878574214712889
919072751268010619023
26656125223492372103
1323006948257363754989
1775024278504880822599
2516111183138079270637
475619136121387697629
2068543332556137042019
176171769707471635619
1763382345960590377223
723481259048430146879
557372556425850183119
145040293051238504243
4253552827643468737
402883376304208647173
826726308109182494737
188646154995700244701
2231031810926519603957
2148743890560237881969
825110355439457843177
1311517573317448874203
2025902522933239447681
377277930712418339701
1431899632125426583877
3109294860652313464591
675098212649337026657
578162690588673888083
1776529457216175010903
2017354650111429520271
366458327571271686043
3982387149005578744021
1683511599943957492399
3059169344623739874529
1804278224936499788653
777875141039197459507
309206631485603983253
846150455439344093
564726097025849455331
3302816906247238823389
6589129543658635079
2392052804173233406537
905733105892850066059
2533738529675974813
1621621486353107494337
500351409102737098243
2650651713121774577
212840405118010932971
193556786665979389967
1555523084964394038139
1634192006779073462137
3407768451206720473507
772741674102877526881
2110151081127732396839
739835379730563119413
1055421113824462098947
1009603137709540501901
1607115800882783141641
662667036625957349953
2972061171964259685551
841268507337003676961
1151746078926099346523
1010829264652559445679
242828207380081837
10468546998722981813
25088771619844631327
451190785033031601827
2385253062242349583153
294156894080831741147
702840721231187234321
2462328285513199332253
694604395141136168501
461938846262147362109
992663860374812135899
1196295323737812067771
2955850753181098044737
868718780616019198583
179453381495484040081
42987824257684019429
3068407226142532856173
1232244307436369283179
