14501742163766620847006926261
66761728992309049906704004889
51756402636386586136083985181
60367695387257167384599117809
48385111221763572357216160561
1429672327113844247812268327
227822104623983455345193153
286747484187274797499275949
52123993510890771451308945269
11328642830687083388956117357
4046880798876925231018058831
12224215938462857944785306677
7824270394202086156705378121
40464295573807822459845660457
23563906140372352488338462339
153305706776386045183629143
4585464148052863100478888151
32950146245555497189993449971
39877653840103178819740374899
10681402920795231590427005057
5579774057956191955881869701
431205140768826997884543311
4042399767767426532530829013
39958036340118876603039037747
3850152292913713418717631773
20890923184560723333712379611
18681058950918872815484664329
4708666784260413458871198389
471572989926686507459882663
11558480680481300086697376821
12013136646743160206280716429
32217858062771152897188967177
3741662628920406659630857639
22688386742843262436431029003
39222410657014446434045322389
35427383673927598021977702197
39943788011623196233559880781
31779657317041548642665256619
2775082800220990140455862163
834872453870823382160589463
8783653526714344587600730027
61955222693314990649669542193
20132278350169328339231054243
375797915052458758184103287
37553028559187235308081601577
14436654141341025518414641537
12997286079125906666833648139
56277998830176532477491316669
69413625623897541349086981533
23350246307975074210347623431
12252389885352121776706767989
12719689053028990430442914669
24206350709693687716682670679
46685781151562020997867224703
26822799933305443357823498111
28303244886132085371292797823
50847727239925573911479466817
10889656568207652325124812159
28833075508868800967254237559
3172193181497942860694062031
26426737568030066972233985713
68850341616935670664897762453
15259779165039959888162533169
11262682770368287662083662289
39040503849395645173402083449
1726417855697695554697857947
968550395957765355615375367
21282459387201439902484034689
1403042267510933065575654811
26155844467215187634058066079
1416050007007669348437951559
21793199698387763762179097803
8933922547202888650045072303
22664977753844986705070556299
41421967844029028265192830149
5151695316509455086506600147
4749358855376474753629815839
1926776737878299674596820967
11645351561572425362641314013
5728796367602076554746497401
3136334219832229936287847
64312977132383223373555972877
26119427364571199393814506209
12207161008082916431950510591
12026388818257701661666533437
29012609847433638232218497237
34096838470337176310769111991
25386024693370691294434975897
4427969799874539852131188337
42328585576747161338916967837
1986866030402163090890224861
895285839494284698384100601
3780288480662918349539938631
4258037219762343082262110391
55794565516332183058330815427
12058714749706126183104232577
24372728453340043034431255297
238910506478521279316747257
11682335424458278132840756181
25439419705696521596918115097
