3452650231432389133560020552441405373438053099
404862393050730620165460003775763819710357703
1348614741576537281025917400497921190022911877
1203150116973397084318401406032651579321917603
2501891625621296407259410650321492628279904239
494367018345951565466376541050560583086860157
474494473810435324986476428005211414493190679
804598171768344903118578254698736954819616353
538406848414876761304213906916604205453089853
2460219048371366159437339532905871171288665003
21322592559606315032111852597033727534863119
1798593806014125988506023662152174618780124981
2681623215844753605856779345557321622749559607
1471561561512312809247444724959050566385665061
114959444763037637552403088630325448464245391
2447910664411967719357438038952738900129007489
8466700857372572936875847184920700242982799
49866537470083767903585138743072128391257157
1901583274640151154537077533487100978871923207
1374030513491265934966032420437591354865448997
1357336570174778017350285903516513671332471
1692121813920721505514014047244695627254365549
1457893160299430980133981353230607995061490621
363022310473003323116848238187367986499032251
2119747536451603349639029023469255550885532439
214765555738834001982593674596859990262414423
69220593116865606610828620110335395278198191
86397337835219637012964817136195670013028137
3207680204719544865364722213197093090426920961
197235667795242883072609772146370960516481799
2782387730229495768743154514393427793752093513
1714547699497632742479323347428634808695177403
948453117984436150978911132923097020887863593
203425645780431382895953033650949410779439311
1914976846591488406122158312277205201919275517
815112493329850155530773569488344477820908087
2573881070809162227780924930112178311486262549
494115885006524451897558006990931766431828363
5347231824081904702456976510186447469933140939
2985093571476408725990172192963148867370541229
114319276269703922501789403524578364349719701
2438184672695277475005033325376259781717080019
276005738701439905460310466132769578423379437
1645587078323171296368044465860617087296122693
391781055567503747171573265921798629246541299
1139958737051754281757937718731288050275478587
2433354120975504913227352174890638699163974057
3098021356707504348655476617347930215482111197
405811450789783285932431836245668646277354121
1686863218499871392420187104057367482600649979
344444077875758560140178438845195712785416431
16744581270377855070196440304633287925437629
27994868570317924226004559078750784856149471
3523459606164664702324549095322454808640443167
2093861719566764315931733696499460531758401247
388854399375619730914184224187879357716586039
39004205099301678984122685005432157913497377
564651742827262306604360025295047901243587499
329720334133303848609519356006720903451850937
2362939871138972456052078267240653389169935661
1099855163656227615510765649708980059779540937
1083971089073027811376579071410819329684942981
162192642610863316137436670316636273695730709
1825371623726746677430464767021815080712857509
3595181203415671339450650337018861971366901643
3086311568712932836196269803122124047053080877
2144420184322476496985260666714459654692219589
14455328322388195221080381002179116696196623
2960941508963196307474542119116999198151575493
713211312084899830346045146607677410883680197
2833461349288829573990806503314301658289506939
3082048217325807896860892067210804787789069789
1764945665271810772668929116870880276257494611
859927814622752360488089937627527195918431333
443025955867018777945184453188966682825646431
1651210729305810584785231198902218774379881491
1418975678870035312391205440260697823654499649
762771268398974633272116454796114183156813341
1653625197762819062134775817108037486239935903
531574026941284916839047089774082558278795543
1252864653085470367523755812779085798404913919
2725384678065109440467862626663525092081028591
2872491099195198778553344029938615880813714703
672470337423869027009868221813393113650684671
359619877756400069471110148862353203292246653
2294525586991575219346488872927320262945083669
427196856221751456246874214665598455515303497
1177170016279765290988940585273401617102113599
1815784263249227042083722918139938191715721609
33203415353700726509479172839671684634983019
1147651785018673142114394993561997126780661363
317332778814627010509995463201075195727439441
430416472647724474737367279480523770437372707
285733514580271673470690935642081779069780669
1570112109727202030552649009949013952415434347
902199646402128892019213232029776032475977943
356982887857062155059229954160740493382807283
22198573065517024534213329207543172936378123
1158274572641847103916608894871748056059921483
469585079703234565827323288355225515991775079
