194447596383564335030057281
11923687

189650241520693403350148249
15689119

61964458630732013070904037
12536753

183718451810573190737689327
7653007

188257892386228695807704561
6375631

38960529645586653386670691
4889453

64152981618717685153948681
9684377

73301377257140009383231439
12725681

180033124023382185341710241
9174281

302896411312151469605722177
13887481

77384954598828535625975903
13779151

178080608469678953033747599
6699767

131087183757441660715227133
2029121

46343431488372472554604183
5629097

248507733184949889714784909
8397863

197850946003220648222304193
13702001

157473547030114543661515639
4045117

55642501581118549422715321
11890507

198459268125240239401717919
12312397

69581094865508992838356309
9449521

294779126297493014258530619
4907291

170717207401589205924126799
357593

97462522846625397216258289
3629039

25651816931509598027987759
14640799

244711113104076181342930807
13689019

109369991160780715257341941
517717

303979044695125067197385179
15919363

49570282675313683242966499
4019173

238160757582909276385938859
6456511

44533900983383464908462667
2654467

178696118182802290719441649
14440729

65361643362348875457595573
10762991

243760496383282047836410063
16471843

235955321077803715408581233
14970469

163631020035154259330109839
16191661

29545158660838640543619563
1136669

205724025876461286928135069
1100977

3824790250826918006241593
924881

150753560418702414714511297
12991733

262799988691598557173471317
2993299

37553581273496457051955469
2115937

202135443321433414462363403
16493801

141544724963050282608350009
1723339

12017065686546642476974133
2309789

214524594939262501748021861
16006517

58819495301217070682294803
11591659

23931642308987815055537809
431567

147151617069616637636243609
12207487

36260650102588079016349507
12633961

119512610790052792100540579
1198621

269693108639698609387166839
12154117

59688037120438973367564701
11679989

36619240350373418011897489
10653427

69149923908078388562285363
5110481

292218651110190977842056151
14799101

159164959799094097936985279
14236591

304385638030315779596232293
15660143

303190350866082635444830267
9046073

121417630660978332830647123
118669

52543510590801191745130159
7161559

237156748860647701392256141
5196311

176304947486336503127920969
12724963

209466553131035950994292233
5585737

95389738205418194414261599
13146319

257468722664828601703227887
6625387

106974670339289636868850783
11948411

64289590328313732783710819
8216557

287836489135836657318255607
14508811

109737991715894682109933253
3824599

164705412392854969884502693
1376471

31527729856675906680037213
6688933

16241232986594057287696271
10364491

101963655265600582623159959
12085849

88044213864466502603300903
15213973

104184896651304707178299531
1936097

78572242595695582389315193
6272333

111180017930827367017921897
11758003

73062389470011764459158633
7954537

63506680013899441224345299
9814291

154552028762178154008476327
16643257

73688880017479581344410133
13313089

288828771023019081533943233
5451113

109933595393038258964565943
1910269

31196612072655074764266941
8561339

220206239274201532557347239
13747991

49744966818751977885660001
3372407

177126183153044325557523821
8199349

13000922682989533117246423
5344727

54186307119901467759600241
2346431

84528857699371675004432663
10400699

308090958269168437851932201
1501207

130278155625651668888729167
14130427

127520567632650599308851491
2301599

84325908355578185893130593
12732553

177160593035127782405704901
12471973

99088140888131650667683787
10895897

242331810950747728612132307
14557721

129799566343130314601180183
3622537

306735434800024179623642869
3655199

204957657746911836874068809
12729679

