2363758141211568189497
563466981178709542723
1910031104090716489733
3766274428797075371753
517653836796271629667
1281673675714783594759
1965055460453495775689
2209920239817661638907
988985428343350276991
1523810419915633471891
3033014084582310311107
85227144488305358183
1147481540469308184401
866256755928423273619
604904871550708786523
740009901953048388691
1137525385401408287533
352131431386521807679
3603633076046634161
194727964474821270539
151921140587151689989
569543726821681546651
376039400824280913133
2990074558175454566717
736095145546542427687
66367390058372968417
115565954722307410337
281330364136035775921
680908233784275895597
1157686441692934881599
3488643409960975769959
860927028895453666187
1358376339743355675607
1463073445865983734821
1646873850316757582203
1278724737346577479381
1894456501795175024431
3025725643000057903669
3326337740490983506237
1129852780375809389357
827010479902113075563
4035147891754537545151
1630757372067641537651
1088112310669866978313
1855410035312887909391
3511245580467361074461
2984565866142721051523
1983279527873622562273
450082387631516911387
1016678452791523731673
3620271857256929296111
136669771918322414131
148739229655517194391
3112881915590101136873
654780783603944073149
828687874103421169349
801480079574948181367
2292598797817399029947
20467810025738234897
17667325892822349841
7883211541538229241
3503694580165698071299
66893274535170319667
2468521626105536121301
3149342241213797539649
3883019436827664271
78158427254837786569
1504173203906504862683
1204736501106550839677
26494988452827830491
415827489978248691113
972440308522500415373
2437590979270534000343
1414729665680254214561
177161906560666796407
231887090618747779949
147917451651961894037
1358693023137811516873
412901309648980872017
1618887443746617728507
813229070662941989807
1808107842029094326473
919129116095129257757
231866119655081213101
837898067013360610343
269557307393000435197
898604977374492500911
2427785647917690110417
829120340717880989369
205234637030374601227
138986589320822525071
251589033019791754747
771255716865709307593
334777606355441154137
1548258202170025472141
415772798417172041471
529657999741666307569
144342690811843806697
163973892938274963409
3268956343846395069821
