551483680092290587263930972189209447
855814649315652732178482765832847

1148322978035173577908194194639527183
2715937092642509188901743168734151

573030469352999513351995000196781211
1459248205817029124652076976448013

754675376335760741074612957048696159
1129639804607183957287787961428641

1288589762389567915232904519096044851
4887597057559597292631944579278289

50497137053613398857268602549075337
2666079420017653935062871532243151

655898698195235091252194814746230783
279923439255091344363468521549093

1288825102416133579834920642573028873
4824057185946610550271626963630923

276412292094206460438629435800288939
1892027508027005323465510884764903

449200855639710024623313878230346351
1776012159473586217309377925494311

1308771025886878600498251626582516261
1532329137053624180129352265760341

766066177517229912067383379932842009
4050125678756995964136838358512633

438487154726109868709898404445551401
590437460527558812135986779115657

152586942507926925458448716776598971
4153592115596972884860725956394753

1170113943662162137084963348603551883
2092810940229315263806818396800587

472336959869762265130425036323529613
3120067143760933090555786761412687

374297222444774058331081423803404167
4129257810203025087224391675515059

464253842509190087765181011368951249
87510868268603707700369932565221

1219536044817637941843678252267650881
3955779442189354616288855741033411

490606132795930357096237550589145261
4067005187078759006779554600841411

256518354041477371685772928020754387
3749577994755616477172872813627501

605017677636922934310619923592158431
2979210898869928649889339218155577

290279087716639438553136893679118967
2826232471224191610844353881492887

213983682292372912997419726848583199
482196541009943743787228456358889

522367964222769282654998895832449949
110887670945517877559706595584641

270602148371187143970377239778789747
1689663760738626390721438757485531

105278586807184515752086281683564513
3936537482036174083549498746322129

969575273959503749751978909225111403
2696051544166828726213759422773741

561542381722609133976012788727857893
4415267172429682393599440206775501

179242502990348839844590981448221433
2898752914755169132030949461165601

945496840873076054471797413764377133
4174514660621612723963534070381827

1206966190444975267474757037002227069
1147794440563709797961543446646941

443732363573475489821240472871433321
1748024901376768552443617615360437

831890598859423879888301850052950113
4400784678311507630491558474749653

63148523993463323505701981177161279
1108822670698224897421198916139289

946622043123530312058916689973975153
2798032515480114529576046994233879

1079920458948524633927012020756620193
1173678565569356244484166327114453

1037830532493382068016034491313224759
1767353361503244994946379751689871

207473019817945719605365851229184863
1924149656904558052828143990022069

251090516489053394749394604587906717
3769796404187454482806258364979641

1286189743108294111859133970650523253
410480043740902933627446393230891

548179217222796512298942190177077737
4226234747480736542501572269965953

718055866255924507125855316164924127
2069408521960184953493540210846323

485658084025361700246565138671354623
1390979075336209284285643987806593

699238848134362771370123197569668767
4073569118377518634371904967344859

642730405540332480568718918843818657
2138549592044967102254823410327813

770150338934103354870843779580823057
4240260186436430665988851991215319

1326864237821222348194049133217373299
1739621964205907653265551697151727

163201909202528960359721929662825587
4908638443836273315514937906000509

907340760955409784281072200533198373
2388693382038817995613625868746711

1060590934821307997003589061153751363
3999415150503491167539334902189029

713363737475546668968638083085283739
55754014756280010607139988505721

571178462453555285790278312428393393
1645742918391281632425195671118629

362408669356705140697513169619360389
2272098114690658228498531840636931

985974075235416914934323358096846529
2336470070416203198945370080217799

166799562091673077890636323873486831
815897367067755522412917618267133

1166108074641886279079742530540899549
1704608679726749955932112680725369

349454346714278056342890701993066077
3905384932938865903526085325951709

757760675102857351566387608826550367
4338764357857442275037856246372319

146280940887156120114807630868128661
1569121955470209399530558727252763

719437980865195374557596787067735407
864565812867129741212940802733251

30346199503664862972203960459742379
2380120989988400220539639582550241

407177981608341237473637489009494783
4770975010684184911436617091095727

756749362371634989098677629683514533
546148528567502914647809410548211

115349534285170375805858423778009631
4170384024850681412839402119044309

1037386947657249111372470214036381493
1165610592668759378991472369519907

387642048973003634855691727813378931
917436875767014167232658910650579

311158766800439350249551228587434783
4216096128203107403482118855757727

444805727079204253548033540231927791
5154337208382385294295446928149337

1212700809319515177441927787171533667
468958640291303074300721372032031

914589404047675524358991825410058873
1064358079100522352380646526857011

418032628382562702793992195501046223
1896368164270251140724287098656571

704265788834409960883915851513960463
233421137833499134530431560570193

1100886315123816703766119317909699109
3434331135003008478410821713369391

1301894451647036204879419115714527619
82861470918385442989271288067991

1257612288415728914361352272135711277
2456347128806345889173506866508403

1082160104871007468045633488484352623
928779747786490876412484292285501

1031448445985170729379277027737542451
4965137220480695585966207213081747

642875208817791713633551387285096357
3820016254865133851899314279782597

256884174161911345102927731131033033
4513005845224076453590103220580877

533490281117853415453040729324725783
4541337549143901026343704775358187

786217314696660930682331989758926197
4927290080305846693363650185259637

232346237687675364079833106191164057
153399856564384414972864346030921

125683206221215958568840243092233663
4293677758527966168657699035333023

750022130532937307758428565836730439
4743138747858860143328823643971503

48042138036483121713266875241119741
518521234380719948735142028172311

715110919897485350683541201944082609
1704487658606027670447412128472303

900191906458092525631217303698670897
500646697014744873602785521022867

200407486773778993139346078338244197
3089863486042315647894026203356677

430746874869507398254155152849665543
1029018554879177686137349099620337

596817249140115866011274759873223731
4110478824286573575675316091933807

831430570931715919161015304421031451
659610309427125378390196684980211

468842814160966172659461059965298449
3463746231993452163135793494294071

399984201833038726624003376524002769
4701667958529728853380311621828667

1084286464989524630587558303574303441
50521407857468344777035090921719

12047347173595620498061622675794493
711691268978642422825344506825597

1036921619851551230970462685980874649
4715415185974528814067860114152849

298636337885692271186563296450218039
751351352241020507949917699330831

1160941802183033087585271431470488817
1474823416270201279294605985697273

676652161915028805661428670980625487
2233482771882077891858532492113629

