8055168289175203239888791899
333351127267

51028010476647328524682993303
831345148969

68935237374330375844239880199
978098248129

36009504031280097115771393921
1059654005419

10303937012998099111467938399
286818494317

6545583068198653390186467301
398512897841

48240651687441848689236551777
926532765029

22076481518122253502470084329
511736181263

6975446225906956024634622797
251786223991

75228771678768672494833312489
810911889901

74297853905425550029993429349
274858215067

14447604141507754564578575083
184023113881

26080714426746991594002571013
347500477663

14663923719667467643256933651
187707123199

13261165456251535947700128757
1069923887231

48952632686742560027874732739
1006963793453

51848272452753629279005181501
9323162393

58069178653441767392088876983
548242281583

38940075969861152353288801441
870149695001

41044822223548815286045884931
431668736449

59670212195377380162582223709
903687786971

39650440521744845096402433347
1070084401447

63984881570392862659482551261
396243444847

65179088624943021724162410017
193835058229

54856593012383965727669656553
429637984583

49492304048191739913730317221
206880748093

9133765715379988189929854167
348380701519

70901510052287379754715700917
602473233293

5442987704450384936814246919
153515519389

33856955818297984314293170111
60645227543

67456380329769204460442353951
320699267167

79119860412209081056685441437
690089422247

62573379494276022814200712979
351157365551

17390049103441159989895894169
545024390711

40900290890852319235725354493
15710677043

74332409781343984623371170547
824659016813

32785481064921394116242175341
195175915943

54818621124454421616563428633
946236630881

41867259777965416042274816681
764206105097

12915200295716900282181433399
367303316213

54289389145639282560638558389
531476218237

72942676560747904401507308491
1086453242389

20596803168558366503843662841
364780731143

53258718918441088061953883447
235597161593

76576070874477536923381775291
381139782271

11517196495203670732058200067
1015476414157

41472739464434075925798520477
82995049999

66090015389710937712594060887
309974023319

51507559115210891716764698107
107243504729

22633420358016384693445413869
375950690023

15283321753532181613613931871
831842919077

66801322857712357152468227321
940995538333

15960976719357467975208388507
48014149013

30641395683355004995082704997
568289701561

55466009449507482027771869627
164886129319

37993393453537287423009735821
1018086727621

52204993010774663755925470327
627389054681

39959301022966507878602368193
73563063157

26618556112986131906329399621
708693336493

26111988854893553162421814063
154599164273

16696513123069124014032416377
819426515123

51463373467892890184490870719
361858256359

26279006796259131876947914319
182690968099

24835370969599051024281366229
1049466928789

25202963214156803014413712429
336648957269

46081298651427126748550390723
54408917929

55495839441029342624603312519
574105589689

25023150020431139026488243281
1094541409691

64082153075712382812358147751
819036965741

617504051678214891600207583
271869081223

56773583599893092168502928037
67370949839

40925713862896910884203725663
715767589027

68975855386237352942862507131
846635936051

22586560022287014653470230007
106287293891

46090524240184137460443699043
869444813513

41710975846859738083906817801
618608012731

65890424296746975404090731571
151739159107

48224277408868594814576805071
682321746269

26798390712020889010893901349
13011167999

7516103541773024955461202263
454187261779

72266013899121769347800629313
857519954261

20597097085991853593385617719
691437260621

77911147648952049315353963593
526138708969

69818176397587388984171622439
545181057299

6563326299237089480392381561
134512880981

52236695540576229829308697727
96008280751

19303343960040027800208381497
462963451273

48295157523744507719855825143
243035319497

50947743520546740384973374173
413894053739

70948287642014058297955276813
146453874419

71732109717799492776990380719
713000462029

27702982117635536316210758627
689979626317

15620630255393601809698191317
342944619169

50678613480108447660709460603
396545903891

18131516851392795635911242953
829635048433

52722608852778281427911166053
665272323127

59960661317988903536124040993
307981899733

5430183989281074919916650237
115753750757

35457788792255306988881425681
130997993587

13552542924994863946170373867
952596202079

