2669547833
31189

3608494073
48539

1461984883
15511

751220161
24169

1161306491
5981

2763289577
51679

708400193
5869

280965719
38351

3884647453
47699

867320411
41

103497733
46643

1401265247
29209

1446292079
32887

4161784169
13697

4236614143
3967

36269063
31723

960200503
37907

1537642753
27077

1258814287
7457

3591072791
54037

3083615729
5881

130174039
5441

2190132583
20173

4047729593
20921

727470547
36913

960367769
61507

3858036419
18679

4224521317
32009

2338468193
33493

2137895047
31153

2989865341
56053

3439263379
37061

1016861347
14621

1398011273
25673

562233059
25679

586002097
44537

2745292217
27827

1844756387
45233

1007064013
22273

3049940357
5483

2810502967
38317

3045733051
2399

3431818837
33851

4032832721
57149

2968047967
38219

3001864277
13873

1879897079
40277

3573902987
18797

2487715823
55469

3953841713
44053

4214158579
49639

1068110881
40583

2528695963
3823

4061375501
14939

3451006799
21059

1112382679
24677

3503140183
35603

2134130959
23609

2099808647
23609

1262390953
13679

3340812773
17519

3962066387
20011

3696251047
30637

2805287501
28433

2983749701
10141

883294469
6967

1456197059
16141

1654321619
17203

693582187
41957

386407759
50993

3073480063
30557

2294172943
19267

2424608281
13183

2219249489
49057

727184561
48449

3458360023
4937

217695817
6133

4129062473
60607

421783741
32611

898902343
25171

60322921
41381

2447548111
32531

1661886089
1747

1646229913
11399

1524602957
383

1963208141
54377

2214060413
48091

1117697201
34421

1543540289
32749

3150642049
34057

1258351201
47057

282833659
48907

2901263341
3967

1345793767
9649

222618061
42181

802055431
30491

2078296483
56807

386056159
25801

2248695563
9901

1358286857
6373

