179539275983540998330941996851483186363
24876133317160363978673129989174117621
146059293107037415996956580844375153
70383560298716803260511412449150614587
10145528572548844760828615728320407087
152165770531824863837120918312970393017
30866009965151282552184153628592951609
130780563602891221909891523059221663433
9863304675677697619501684385171179751
40810336409824626666058936949847330727
5559912992758625319894930380368333241
3956382503974124608590962170910545139
137848368729694935870955776235998792113
38990127832682027986319355784951606933
6778390735577838619882359854366821907
212100315993759706351205360250974369591
40478813760875214107578942230933486581
4771456111753972349337843119108424853
290277672104265100231143182299023645583
57964004091771360920618680424822390647
7517448929018596929313312369035097651
271828049160339540015442085234503038347
84780524434150009946279359788512632609
7652532420866381066880450542719670819
8123930162588371370922404318831017127
120397252340534263818702792368198049121
74178077955364867648790291087845701893
56640589922361483277235900116205205799
19543956349927478332825554330503677517
3587508778726583191767630435456501559
42097337581990442196713052939496127537
166737010968255858072932868319939555361
126552224303849099504227961298202893667
3021905969474460391405213464764974973
6717625884118679242755023410318737373
41480232518929286215673355367922440591
46817550199609363897392671241807164363
36791478710090164874834935509440555321
1071938369489151528557746801180998913
208717239545696833009378543417209487079
165973214257013134178793123785271444061
26180963538242182763592602559647999879
427878173104657514345068821037280263
108610084715233807595883547679441321833
87450608978896463263776948882586576691
16059086071239298775603622346467666331
76063855939577660977750174080817125577
261996540496638107024837757205325536091
203564604799493931638445265708111175023
5774912976138605944567478172614664389
131383492854893634228717072956760870121
75779272889774239670400604160561899009
8415633632212423212969434340851676491
172376516149172306062924333307041885211
190941735140242433422373331004176386669
215618564546636638712707243926359905117
44361618671309314339783493307328414249
162664544949951611556289904258661666511
97334774290090185658585619301122214601
70599875368010225171825109850257645493
50825920857723885403816078385285816639
67999608399872694155553950055730471591
40348897946665042074305625869883723221
177812427344722782437325042472600453841
67081258583084362248534744987413970479
3125038976266117038035439146442976229
150399892084286364157820656542840179423
79560838290724755188012781402560301377
17205362810840396919523281547601868361
66702652277323629826072014304361287487
131363509042755855798964985798559534067
22275618217765850628730069286667401057
30052813853343524689121931866635828849
71878854560588268402402461200474585759
99140131801305143173534783651869952759
132375406569512496139937587298994526883
15387220155992152213101547141903967669
238650741480666134276054618112903624463
31801391084557279342688508214469184763
19430662948151610920950039535181211649
183019642566095240867420170794824208569
3492719060452148163153004435803906047
2027103453505060380124673723322538393
24130675324076147658100041826681759913
4790441996770208517389614351433561459
42324871978500167158258789757786112049
136352430755979805018647268877693015183
260531346526418719303474357834483813753
80884283949332782677303403489591090147
436660927632732632214775055421278293
49322390719959111468433228304154356821
159659542635940519515844654501003535623
54207982712027445963797505646859880317
1586473308906105200427886941017353337
49007475312100023792838660979876540893
56444294643154767245377019709470636243
65939973344747007602147948618864159117
59457921351541821689737848272258207027
77712090912792412998012059604833802323
23581985459602096743278831839090725841
