840558068349996254564281
13257330228311103517590739
1605931543552109945033
154973912157419373570143
5222344260100639263029083
9930204970961550068475259
538593268678717394583487
15451651819225674619374623
3923926879627824470657287
778338046114312743636391
4390346246902871779392761
1373298944967764572921069
2025962349797031742484779
9960868429761257599351489
2420211426837313468791517
1422352174326544933935109
9980945627874149098803071
4237308916114028771574533
5823225485574329721943643
4188803571680022196861961
11010484011836898705817577
42103712148540565649531
1757946720912260924629789
4424577649958318668130389
890308247416057023590089
1869857399507354684393893
5165257778565885365809849
10740240623993336424447313
13958661639605188270235327
25617859320277184747009
2778454713785596816772567
12658219955326530491981857
4624365970539252225668777
1851920956083296768186477
1090083484950867424898591
6824787958044510347372561
6801935444180676330552491
4782010099921280920771601
12848294235379566526856071
1554635077256308143129001
219702468675015190875977
1965377345177386516985153
432994598427362724884683
4017973367860765664583553
13418056688506504826134709
1402374695766885857278973
10096054219292107289042873
5182831235405686848135893
665155513955400374095223
10528345413530157191944753
7574603970388210528142761
120836971891153922445389
1429554862207633270969649
578781566339020298440037
6617821248137734187719483
5782237427121066055407233
7084851448687502784620363
8254344835152691287058843
10172983966577469025426261
3285740080435097671898503
9084591483568284613377473
2027565381656501586512947
1933954580055420343701037
6927923077728446693470661
3336691155893605030638419
3682917243867138768788179
6130620992416472075769053
22514479905390480912647
3892663220099336633274277
5889339467379225209461853
95402391842349840691529
1145734922942956249315669
502435517595369755475677
8558706106892779645124771
6645898368478619371246373
5266091494843469616129751
2389749261040017900270589
7044759949990397549896049
13524542666840306285521187
1064981135432050657814111
1736816236156441458585101
353267249053204275119581
1865981792076703577361359
422900971390174551581891
2038830245025210589452491
12249891157508262549685211
4918239361382701557646631
821937570540028865167159
1714734186763747433810203
10830857793524493479773489
3221531200505267238637199
6991312325791209299704651
7011402394595335641455797
12465282542047068642713977
5248437535719293602503907
63070827648152583569311
5921259734923826949023113
432799004886808461877457
11115734125063875671227951
9605219193937388997847943
