2401107578616899
15858261601728701
39263075973813163
23538538621449701
20424947146709249
37398065821370587
2554680575372867
4131652055988169
31001619022251557
22835978905923229
2435178302585179
5872084318830757
36238036624231709
33110277730038259
5806527754181027
883280894662193
1213786815889597
11814655488715727
3372933190424869
14595906560817019
59132841885704981
15173374121254621
20648458564927499
25809225063019597
10508905129995379
29042374021307729
3937172512458193
13647399406421639
1952178717491287
5373873442509553
48733967169828397
29338702787267983
9202959656933927
21825655169207347
386938892668379
29525610015159047
7074965616720083
10988570204664667
2119289198249833
1231523336263109
12013105682849309
3614330805814991
38559768861844411
26184601214696741
41772106688316157
34398001875639541
35996160629237833
18015283492001
6854387843666183
17543215107976559
40247309056896307
38921469728608637
11086430720511359
1355345990969869
356284521523591
8181650831875967
44208157142312171
22176391617445759
1847542485449327
658692870134657
15535162747090733
65205496158589
12947902807879327
5890318608245671
29906257118716049
2370831696995903
2844779327423281
1472183336585579
5571787585047841
43615642490350663
8750572781735549
17282445976402697
15878335912407659
4766180027796179
36206582814010991
6680038593084869
22468316151652387
32648082660947363
7421664064687981
12879218569485347
15969604314975023
44201598053589659
4442978437448081
9610827093549733
3868953398514163
6140669583347113
10336923657590329
6708164390154949
66946015997855
1892455860358123
4070221307142439
11368792889412769
49096940315803129
24622350373093001
7725812128619567
8041498664676089
46621847359316909
14421681597924869
38268164191884023
2888577911149949
