1960366697
227

290873087
131

4018232873
101

354033067
157

1780819681
13

600566971
137

1589422469
79

2566325393
43

3544955801
113

2677440191
223

1064957423
211

3966103703
47

2757548119
197

3746426413
11

1677490907
61

3541784849
227

3652810853
199

1776795169
113

3841852363
67

315052333
61

2326602149
197

2633746459
127

2144002019
197

1768165673
251

24102517
149

3361076489
251

125602079
5

2218569739
139

1232468561
251

1868508479
73

4030881703
83

735520843
163

2403318427
191

1298787499
89

2971602721
167

862759379
53

3764109941
223

1153252237
5

1533669257
191

4215835513
41

2301781609
53

3206269877
113

1127744699
79

582113573
89

1118834063
197

1906894519
241

1300848217
227

854575663
157

1774044287
13

387720527
83

3886330111
61

2811723713
79

1894040279
97

502091873
13

3736073389
173

1230840019
223

2168968721
251

391056769
151

1546560019
191

784946993
71

976300103
83

2021675749
131

649708309
197

2873595773
173

2934007837
157

911280269
11

3692812157
43

2947765217
73

4268791507
31

432186323
227

191271989
229

4194135403
137

847124303
13

210660547
71

3099762857
7

3821687951
83

3957446963
7

2636637833
61

817226953
227

3653058523
109

3657057647
109

1772755757
53

2959856489
37

3003140863
61

755454373
229

3166211681
67

421322453
61

1442545513
83

4239717799
227

1937774117
83

2874816247
139

1505741057
139

3254488243
59

721146649
239

2765061961
5

695760269
151

3837416551
2

1493012893
197

2165523533
71

783138193
107

