1179667046607074265756379003132899749275931
14438340671842902442317719679390617376651493
8469515486063757217732310148950095004401049
14657131075445106108097468010834650315026821
4131050364068661704704630143863338874145829
20142519646132460154021945227977733257148357
1401126279253627244102417213496507518471557
9180287430901785871018282340771937936853163
857212691788657257669887551793581092433793
2652376420862104065211413809072865618058589
3447792323695118836727982455462152472010319
8328395391187469096418586946451265051534577
764222569074690117245200154347385342937091
6653996799394790911085844278272032122768963
5152359883503817788004349156338541465688853
16477314718223249509498726939905569437830349
12238781625731622103849775852465083078660531
6624547999626693409582035388424454229170797
4778196859262784632865290213761318786739177
1926993746017623606683944647769347684783289
9730237620989698325668788018556638401288447
480396914112695967813875992999355665179907
4589356827955561730582185858241607380460469
3293502170228151047523302077970697962759999
2510557114881986995826976475869995439251729
3328886837151265985965175827731335198020411
247105570383590336674115697894125524054063
2665808029263970797929388790280368941508249
973736402221942298876678764879774188897029
4224435169519068544242008146314143449071163
13989900258330796926145713086032753492142173
2098108264719873739696358868898810975754779
10331850864681768488562533256042533969029987
13912652652624122959261506315641059622401139
1035873293702877483294965639546682730793
918221738318302550158201003709846196132313
3267339016955175038282892034937468425025851
7586559245652845822817428762440801389879823
4459209284561500874945958349627173197862173
2186694941906928791993989438169009124726761
2500064745624553093422448051879505656955743
15171660206154616105481274332824598533370087
4011141187827467447233259045869742388468521
3548761289228861307223702373188556299517741
6448508453917015228894375114144541655980347
999179721913967331751655478242856739472147
551393984852911075277549216294032338463657
557370217772289993632681322043744649521207
14810184427485432007406480902989708596438243
4644761260869980327995521546516113630906363
2132932216105076985143298363083557231911383
1725437907480208746446007502358229115369477
469253462405418401803170856833011314509457
4859142035774435698077882594161458608153001
3004994139205324340356787991223640379167189
1805860752764985157556291814097442340340577
9720910502504752660176570461342545305804617
1571535021561740186734317511281904735279909
5540759012609996749319494536290613349809821
1733465657227418154982101922967679197087729
511989872764418946174137151768448535590853
10279946035357974824944876069398732204418093
417823692275524052986070728728044276954699
1631482413811491840431694596013405325629791
496878881339182383761617859722417669334809
854592422407891671842960491426696445103827
14189788518984784756075031582410549871018323
10207031704852960106138302959520029556601543
17257104089788011645874616851793478122474947
9656961633975042891065687272279611439513471
21032485916592944755909299464829810398306429
2418330039646115196783266558972941450872811
1373658801999027656529170051064531084633029
688494951187159973915972169585024690962941
6057624869889145341837482494927067876120263
3953385144995759461009727359386335263888589
5994385084280982351524544303687598363008023
4473400314587966593577715140004804181284739
3876882480264045595466864098395317460824879
3931520635050216362491746578537282057452061
12270199859441747632719999064548623794061029
3507790364129633466657512678196708730611077
1614843739216925565573714444484746671563099
4079664469464141730214526231083155038234493
382611089644447677080273152471051242687031
3960493739527951153641500333496415372560077
5770459815212930438480904054914828244955997
9439227122164937685891274371540151412013659
17333152149178223067024871376051760928202953
15604245116100537565488740042199495468150743
9305390043102321072262480633051054087310039
3886550424217501962713481183842869278827101
2115036920450256438944842134992574112306471
6964855614164631648463925390018490546269507
7105010603885105682931970834479328737188469
1593318303406612503256549646911194259195459
3330173153848623648187711700731862862197963
16203103525652745276947214780089765219837683
1225336744207059262059510238275361677200501
10190085660718234776665124501208236909644453
