141623899
3919

148724087
2347

34090241
3919

215177549
2203

89330249
2417

161867323
11

132774877
907

226167523
2693

60500851
1483

68113091
3823

62577829
3389

238105037
3709

116405483
3461

165173849
2903

218619157
1439

130712801
1213

139006531
3571

205653667
3631

237455077
3733

160624693
3361

148777099
1861

167328169
2531

39675791
1321

56627509
1901

91949927
3637

32117639
389

251562407
313

132816071
1511

64043423
2113

173648803
3607

112195781
2777

177916621
751

809771
2089

137102387
1543

129056903
1723

211360433
1109

254443249
281

204806419
3463

205573301
449

105091139
1699

109624363
2141

44083007
3701

21155107
2459

2608933
2621

219801359
2099

92776127
1549

9337109
1861

233536213
2089

88813843
2753

217867549
809

231647333
4019

94672769
2557

14466227
2693

66913081
2687

155597483
3089

94938463
1723

16486241
523

154809689
197

245432947
4049

86053523
1297

43784311
2111

234460049
659

142430051
3511

126491723
941

97124201
3449

74318011
2437

51696977
3673

146667329
641

202095143
2341

248468401
1237

163408969
859

152423
1093

207511159
181

228056447
211

211330517
233

171470191
67

40225921
2473

222340163
1901

68872471
839

50722531
2777

18241793
2281

9011341
17

3596147
59

200652601
41

136112819
3413

235067737
1229

264553837
2011

130124083
2003

147391457
1049

106097129
1171

246389989
719

229420897
1201

192548089
887

165877739
1613

223546963
1709

40368373
3911

123759221
2113

88823167
3137

48930691
3463

30700609
3389

