8691509821972729277921180035763
2229302757319300156741789459543

19657702936354315423240714297361
18446361457594077517844316929759

2356956128102493039855292779473
13492845449806393498918161032771

19344840418184256974415216353581
385981041271267300992995933041

5524477608904645136535255025883
371352849632809004744168640439

18941832787159219262634455067871
9839492249357545616389421998589

11668960298421550816561153180697
747796058431429793846929255001

6830158014390845784801894522629
4319905832828060301703323919249

5980741976671866508345348938403
19109010315021727766311680259733

14007140145805636958544259752253
4026393560887497424219485262241

990027913270862458729659733417
12804722672560466089986781929239

16520207228986303829627840024213
7941824710677659038576186779287

2159950004845395830248117446047
2270289788973829902565087020533

16001995027561322366903287962901
3655519021981940461631835855047

11322373130269161021082136314183
15429590626774569164848142255659

8367451976534227200972760497563
19698406521825773246259265413781

2172373877569532615731035937813
6930102259162694766132139466549

19408218200647616548138985882689
8546704024672373777575077030559

13898642244462286626456976280233
1440250723323065422034565061459

2318807981969293318756800317779
14750010119137123128283830355363

16704221268846029858500788860939
12066576934100755264684738982941

19939474777350635118025406081483
15585452778843661297769673739943

2034945782948702932106760457709
12566748302045185812203407318939

5079132108845454102044629242947
2415034670233016621810920431451

6877566762324704658092536288979
8429319552353196482797301920931

16864522660097660619480771225313
13776322607568971776032625670833

2592132365336442277622675412169
16592052192225843133190233627019

2415238252790892318779358523061
2949713584917689074860357608783

4257775281201994736077528367333
180207765129866065136321398403

403130276496675890972710182199
6888912376140574629871825985261

15913518394327380426341637818843
19416258882634605388431689533817

16714831945973575557688074774991
2023067919426926953103897316731

8769356508778626427095197125523
15036824464164286637183133147637

1605325174247444012585136588797
6329195483304584751676951203583

17403282834866251247177974683077
5421929970790320703453291580371

17541867772595902080440359777693
7246268790797552356611324960733

14436890462507204849997590289971
18555432406730074733467602876341

7577155803249681577024666280611
6767694686180497334417634519253

17470891828748403461139690118697
2183574432500444565227510662139

12576307267436180354547066250651
16436441171019484038898212784999

3495656285138294306654591791511
15513823482879596493435096799747

18837499388052467696483137112221
18784710556231123341417291454697

4631688104045461321318146418187
14639594603472981797239841896153

14818245542323585268849470968313
20247425496216732895017684795301

842367733849130280443897863771
7383287109569447783285115391381

2592713660183435841985544581903
17210904054282390225758151711521

16325686525140945962383905935081
10193565717304464286164380072089

5285725129087630566959167069541
10648080006975610106774810707987

18765695024518850736728947727129
3442051647996385046472446218423

15977954024933222682564636470309
4368778357902316264900104654689

6837025150173321014691889048699
4234190768159168755674571890409

16304932838232306619139838985847
9399117744941386967054901332827

6355462589727525086078440977619
4747515209771513208455834082041

1748715384657229716357263587607
13025059399641272771939971618933

1547954785992006193506936410827
7791276779052715441923693082453

1896058032861844313576058324409
12026859640935902423642914351687

14333348451226422405343849413457
17162901263861991325962658839491

14813023362006807814175892316541
1205684159967229454700476933453

1557429718672544410833072400813
19287401598668914417619060705741

5036876563365118366434794482873
19104057229588712301067926260563

19323062654788304357098501281877
13879284372749254914037962457657

11625388617399538758035251983329
1981995052156422568359046690547

17658455320742253523414140652117
131459203429533670690509568637

18506564550993969295113916495061
3879547049831788617814340695093

12921289821280900400676409412111
20213625455215680040826679281437

6681545306021091419542400218127
17612363049131921416165970186459

15043905900146011379473095938861
6919161812096045506178769394013

9367139352825343561791188352377
14516636037008389250978654109713

301811632454601935186476928981
11648854272727168289984322800483

9863678104924556794571341724857
16023584276781567877324493084053

17247016894362869169653089885961
6969001283970437364842344946207

6009946480481861856211810839187
4349713796762008259105191133851

6816376214289389993323148829349
16646980715048441200249559616511

10888855198842540229103200584481
20178984743367092353572563804617

17659895482241854056163564093627
1304967240568071755139385020871

19554023879506117001187429483799
19969845675087261825370066486627

3061716777573738653699114823589
13137464082708327296564128198207

10823330690209855952132723453381
17683976554806975839175966473041

3960427239269889134989706162057
14274256378154202552923448492863

14535542444861808858285759992971
12055659103445982489356212824493

17589039869527223472924207834569
5337230531231222397749125575247

119962629877933105519527673399
580804052732561200377490293851

6144870945751134535896717372677
16277408573115938318655309387251

998792766744784172025267522599
15355794142173554982673998018043

3244631155143557875535609519713
1263263391084953246215725011183

3515904901871366785587450799009
3947090536357605334137334771001

4669377977220479818995024656831
10705173526419504245166582058693

7939537964164001176572838948159
16942535155736051574106753109869

17213641009368215648217466830593
13082742932781170848522614754033

8016072831273407172514449390899
12107343422412184058677417669631

7209916650075908265643704733667
3082158701618688585387191964391

4546304899760793342236436391591
14094818518254279869205899738783

15687320048741947178581007621389
15896122056901925728939156014839

186656756337431612982084598841
16393186530474102102765954177083

739347028472248381329148271557
8741381757539159868016990059931

14013752597792581566850578160961
5626275178256763873899916570979

3270292741838080539677639080987
18675766269309803590573293585197

4304672211981871072474084056661
763142069191590093426125606221

19846287040508264773266068225029
6432756978827786649394030385489

13875680769326640536868238376159
18723130104552267120237842091017

