70526682735546881
13773667

48958179126249973
9542063

26833672522808999
9310211

30333489919882483
14514473

965043165450277
11667697

20794899300829897
6901207

51413377692431003
4327777

41026518830214131
16386427

30368947249138133
15804493

26291136424528433
11407687

50852226772388033
231643

21133670407153841
10530083

63142525534491973
2725157

41736632228854127
14993189

29112270136314901
12154321

33425750141124017
12752527

58921251221299199
9059087

9430859425138241
10363733

46611346804091291
669413

22535351320611823
3461923

47642861267149919
12915061

70374151779667147
6494489

43294705911107527
8981897

15324307716657229
1091369

1576463214175781
14243533

55204033159289243
8856457

43977269978625917
8944051

18504691776564421
12192421

34126539363648239
16509197

6533240664841607
12922537

24796479035977193
15984197

19856560717801571
8082629

49917519368259241
10803421

46103037401860433
5884309

64407167512465123
2082683

29817264247248997
5536829

50975359587034721
8057873

1009708138572059
5928199

20721882068079883
4244579

66672114004897309
3298517

41502467473598437
8066207

5571167942207963
11051629

21047467967499991
10935737

12657145748594933
3839519

55035158303475563
5265859

57512564805779449
11845909

48150816918224201
15174499

56351258228397773
6078577

52273773554056319
4673023

21449113676332399
12674243

61507897619967913
11466659

45653259899373557
11014169

46938393110204867
9106351

67385001333957499
12203207

44010071972023429
15837043

57576385882158371
16045703

29695420288040219
721379

70132341670071691
11910133

16810798717480177
3942907

31625501411093003
14891329

445239298961389
3097187

46925731232652989
11251969

62701733191926287
6069551

51708206704273891
4497011

35553658837182001
11825441

10796254899187651
3192253

60310418725499093
5489593

32136467521924543
6379181

18196315868102857
4743841

12550669367762761
232451

28991255289790517
12147283

52499989557150929
14042701

834673790625749
8966687

42368698939641881
8709677

24563238810037379
1823447

48771538044297001
2905919

1265476390309727
10048043

41809228896531289
7287859

43648114157272421
9765139

10877481692155751
5989021

68732133615311363
15206987

44257787664985259
14548349

62128136544030101
241489

19817504083778111
10434997

4766877993475061
1584889

31009502690248933
1202017

4349791681857101
10552483

67317236170103321
1100833

15670597799782591
13246463

45139773784688117
9269291

34206110517907637
477593

18680254023935953
4414013

61052964871971487
12521581

67061593460834767
3217849

31212676919383651
16442441

45886823238411299
1972249

66513069386793919
16046137

30256428382769627
2998279

61148198341632797
13063783

3812320115678969
13522493

