26729650449923537
143867603489453
20639557597154789
24872100979678091
318034402067279
3429668935011871
6542325025866557
2345686040360347
2669375503793329
10416692400240209
6379194343169723
19359578453542757
5361396734736131
12014773064200741
50214574848304297
4914386175901847
37620334310179177
230997586709353
20086580835985441
13955191970588353
611915735593483
12535084119081109
1893439293912757
8797096012598963
25956604997746343
7001623560735329
30811587332047883
32130767435118197
4463667613812959
49944688277983897
2421557590324513
29260763465718989
25184103866533481
8919413364592069
142141875982081
13565930613942359
5289181451146891
665028619968473
4364975379635141
24244900497348269
19171195041896687
20862263712085753
9451493645653289
51704303065832071
7539295896211733
11187256365486371
2730182534958979
1847534975555539
19234653444405011
28938813793026673
4597805225169977
2770539904290931
2928911220555137
914352216091339
13808123223431393
2355588262002167
28747155704997157
386631862490701
45877801207224431
10846638853126799
19796550678279941
3589926141915241
28610202454103579
8469602045427059
19167110534404229
10370862026602421
9747428006779237
7440451267290929
3079773346336273
3812679004972423
817565056435681
1674385715386333
17764837836614959
5514621299565013
44649290861682277
14306445710398423
2431695447576599
3454761917676367
34513157564896489
20423333559273481
53297476235523869
44880377408303693
23198288917693649
3423413670671483
26452515012334457
24454523743615507
2783731094510117
10212186269371409
5487573073211699
39978890650213661
13698871412928337
4067691810391051
32469901846794449
2343539687003821
5295643751646517
9294564022951817
2763895721727671
9763914125396609
26094958949306873
4905899774368951
