168936180181952753471227789
5846379204797497007

202142335188797306682436133
287559434785081813

68577610580813773720086371
15225871059255644857

14999380107003681646190533
2279418996484626583

114531277834025834723500483
13303072226196802339

215291864656738031510945951
7612232018207568463

202563239632082369204968651
3882389330023653157

15027685868642867770555501
2449885599519344009

214726925998011829027495253
5415248265735998009

222168817803791944250393023
13636162218016666241

191269757864450756139529721
17344698439047713483

195401201480661049422982193
5280725932063406483

150488113841104057041135953
4732869436901753899

44990173811604973456250437
6639829010916269141

240219116353223874513686801
15689673405753406133

170830607611700978942095211
7652768301326403929

72257325423011545044926809
15535217639576483867

75254016662811215756292217
17082493954648041919

5287024732418739013115563
17966615640366673367

150951559772779770226210717
6710350726194102329

222895183022025232296499951
3553610100192392293

99967184549214602174606437
3833538311874537437

25892494519929929478276343
15530097209060906803

38523954167745111181636909
10253028024591196147

239082409557085032461152403
7828532659056068459

110836683057826751483300993
3112509485809358221

212419803716059653077719357
12471981019892610071

229793839689729124840244009
14260319620552040821

304448602391205346194755513
16176605487015751753

90287168939997421099717091
13996918324766029459

208741186560669568054321817
4961265282682429271

113838520688754376716590897
9627711995564407847

121859713396617206776853123
2072161094771749957

122279921078356212038919641
14299997135999734267

269711113251346674088981973
6568242565035614119

72222680448422457616603201
5863057983254549197

267756053547978259476408061
12408337726187304841

34435194438005929447771609
18235209314712317381

65482394680139793976448629
18301905182336795351

54712926323073641561799017
15913748891905963331

266030272034243715355388807
1917239604292637111

171007039648243121145960281
17459110308689521403

147059419316947544217900043
1872403834828068001

135720272159719276351970833
4339326719706528971

92426734562125504337693107
14157930293781241399

62477471334957031916803657
3494151185273087671

276775604542699992873700097
12730970530421124983

202878048424502794813099793
10657636890847401163

145521622619311568575059467
7793329105724965109

153949478567994144239108159
17078648486738739001

298157551838515805124038209
18113382694902339641

96181837873183354233307061
12579920007603434881

295531325312364182466314423
16973568974876143037

61101088642678316099507369
15894117354341184947

217850389722211707341243219
13925263774786325891

188956881573647723050547803
16032501169026994051

271651334109962410785698729
10096164541335179653

73114601266560260839785013
15688445556567819107

52600293271730024373321749
14387186697175738697

62997776291463479968664249
7413151390933440629

181448051948407270824280799
2098225516109333329

250832139873040773967074641
17709983653312140473

65722536177553798768552777
8556859010060310307

91161063584784267531993649
8110791718432550227

17920777332684282316627681
6557083461291373733

281536839302817276294887723
14967243193627634941

74231118286425477980085827
10650914375692222897

2743410829021616406903983
8041416405110017901

87293922720563165783464787
759274004906829883

205090855335015411041678417
15149140309972923143

70135955479470410915855567
5141874883457695657

88077837966562063881702823
5412747799791102263

302406064011243066434747939
12671993972663886139

280432269028254483281493757
13205130208509248179

167281012607832873265803151
11027347306880043439

283858446784900321037611613
12562594584760575067

78976799316566153220278527
13140776868825447077

178398814533004839609482821
15416115223917983947

241176934832062921846669897
18115566377979942857

123557351825957651593409731
2760741094622133247

44894484182418193648734191
572762439276467047

300662259321508872283091549
3570829842074725897

55052189174362923402146579
3318663588283588021

236775669818491143870599659
13569418930997685683

190262586293103564809686717
3578282078902188323

248890131867686105394260549
11131087021692172387

42513808440111021777506221
7857918611719391729

259104926348117684922913279
13177996016836085011

65616168633944210162018431
4167990347200105697

305936097094493636502498413
3167902479533716007

153281301425524829761235533
15190678279309166063

156915881357000280945682069
6230808092839109159

237149717327002680944766941
4712572514941384447

245063606108554811450584487
5213961791396820257

183193868734708157401973011
9831915226720974643

119678440482382370348556613
8687368295887185301

289472748833677545809358857
288547986433426063

80208788459543554319431309
11085080396195927747

101181309116646905474658023
8385941547386035081

305015796658441806534352031
11429296639602814933

