228175776197105487561962539
29

63441523916580922917151433
239

221053473474707153345892223
113

295843360639044565114826689
3

299926189305115997639053523
37

269617601635139601852833387
71

95999689431788262684201461
167

72861353295357183877061831
193

51324751634988048741924077
79

272960395916836150900440197
79

66331718475417645520158919
251

35646735678761163002072227
7

49601872113682316092132301
139

259198490770104201321001343
43

127134287634651527678292043
83

92227342815755660763285583
23

108346451185659356178999439
179

189352588741736917985230723
73

100158639285037709199355349
59

253186224204729558739953193
67

67228383065533918552462337
109

127239794570872293829630369
103

58741531688858856972196747
13

98374995110164481068671953
163

24249443302889756192238713
157

30617303170500462040171517
139

149241553477692287002893743
83

262932435070907011141094611
37

120884632681613329069677791
3

89862357847287967241314979
151

54267157272310400767171777
131

220547299631386613796166709
47

93825977281469887797271883
227

303958258425104855111235749
101

60999846953026288333171507
197

53719628610610928744527171
227

288314026509137714460760739
41

270666505920398119947895723
233

191652153249425258199542983
251

28703649852095983076281103
3

128528673844406944489250039
3

298971718029338804713815703
127

286764130649968156871363827
5

214103001783152974708958033
97

14053999953215988283992119
109

192219853136634206618544577
137

69937431183181794628068227
89

121413571285780739276258879
37

49284739648396484689951321
127

51480348210092817966546551
179

179250201872399780783707643
79

36305538228204096507649391
41

173741248988814927197650529
19

277895359246852756554299261
173

86594686078915824963183763
211

167558984384828283929689949
37

89461748500464888825787457
163

259130473336869157605592187
167

233604223036190164415468791
199

31136117889412049603353153
167

118844767345856951829241699
89

231145652236204591707940639
83

73591961276318713489568933
97

285591433929057460092126499
223

249310928011665212776173953
59

58403059686689019949294331
149

286506435449205623024045159
113

148790270726509589405209529
229

251707550511270821912894921
43

271010374029693412267175903
137

262223333696272360285791119
199

155244845175837206757120427
23

214226913668299809914766299
211

244314312874627623171919933
151

99503465145000319514339399
131

121055025996452388320438989
31

237616770373877618100989873
5

133257019354750841127762127
53

229163084260959057457948079
109

163861818984271747716830683
97

97997079299185423722745999
193

261425315249079582789346573
2

129551101744489511847764789
37

249793780539289867366654297
227

26586724193634213458261761
29

176631893907873000670536391
139

168730695656060828884147243
211

42372051700186379104883393
47

3846096335641346340578429
103

201877840497725793403593023
151

127332564192018814678344011
41

67547580971357382210037501
113

91005107386714392808132697
11

300171956732409005182040521
107

169467384643150030779705653
109

2634727645676970082858547
163

42005903574572869607435257
137

52680468870747241162727999
179

286309286103748353251679829
157

1599368929980409441612081
239

