813912666233
83

4182380429861
1013

109356830596319
2039

10739574368641
881

83222590489729
4027

96158948678627
1459

86910624031771
2341

198570370923949
353

106574176152469
167

22849050548353
4051

37094742962243
1697

258055150515677
3691

179269701003527
2207

129532419076453
127

210137049775823
2287

223025615295541
2549

176018171524817
491

21945464172119
3967

128786400829703
1721

87054367086769
293

171328996103753
2693

209829171224069
2399

240878941768063
107

146346053993047
79

188223808658191
3989

176327599847429
2617

61827214426919
751

14882350224487
151

198465749389553
1259

177649733074633
359

115436039332079
1109

173864088938299
3499

216903880983323
1871

22144121892617
3917

31869996515611
739

156388835668847
389

125990906375461
2099

2454460492903
3613

130772705338931
53

102185036366059
197

41294463440387
137

141561195361451
31

164128274422487
2239

30861869523293
3313

172769121237641
3583

41253566767243
353

189994830659789
199

114493127358791
3947

35501787195001
2089

27828384202343
3449

231835978247959
2621

36691423584157
1051

63488051066819
2411

22380145190699
53

263215276775771
1039

261368088967823
239

76353927680881
157

191458494524071
523

169952864937577
479

33621846005483
3253

146133308005733
3491

87214909729163
3083

164705769518039
53

125732489015173
2459

33539909984927
563

117240492594487
2903

39468308054243
1279

274964678367811
1163

227241077960951
601

202015882441579
1303

235285211839283
313

59623426508537
1399

151278022177367
941

15487877562589
2689

180367782212029
1307

103301771925181
811

235734489591113
3607

728562402257
757

236843408699671
1861

186714513113467
2953

164802991861867
3677

220169903337161
3167

79634842319173
419

212610026833417
401

110290748877037
3637

195981076204481
1279

177660991442993
659

84425322240541
3041

50928403421447
2081

42477488081971
2801

150121938757981
2003

85770859883609
2081

55426627344043
3709

208207947725563
83

89439324683113
3049

36957843321169
11

138924643144577
113

106232799729109
2239

193090788283979
3779

112735702901999
1597

