14032030835301283257342500795999
623926514065745359614143

13010863331889367849668656187377
901143124521519906556241

19682006263215670159007657644213
148354869752549763641957

18625851075005559366589222614347
799971065627689382198567

1845032227615365658675735857233
481808109548237095712111

6074369497681244527869424738897
10419225045842244517157

5818746709166080724740207413077
721957985333536538073947

16485618837934735484743975652081
965863484597971173172627

5556407438838996759870688162067
1125343150468818752810203

12134669943688480699271745324803
945225272015530862273417

17499772789311462245072441723567
685757996458868222405557

16849652582515037746349069578843
911764718801829507152821

2113591151649875936863585332289
354467012523935316346903

4602261264950192587462321774681
750928364117758854849221

18545628247417975591164687927191
731401808161514274919489

808699922969819890606109485457
59212374123449712901867

16557239908243400573503569639953
358331914734820548600479

8845800004498268916820159028777
598504275369331864089463

6278562794951105036701287904067
625027103985038041416247

6969697141341242965237110113069
34896403371135094584787

14091713361370841682414296368423
921349272579975421752629

6807192921959394182881752074033
1052806901069799301110197

13788153410819151473541738991319
29478066686034764690617

1809664864537424335787170559171
417074627230617279770149

3567267428920832329608792826877
724670983492137895405079

1622340743767464880784205610291
234132281397341323153109

12026089473314979372827987288437
780409390598901097339817

19296209032210779031923623986387
934714597125766633232747

10160231669109530037000391208447
929021104698995904657779

977164737540504507546958695889
53084074621338707606083

2105465568232006246735299472679
379328921526302456125927

1988208244984765004924115469597
174397662565095815022109

17575240334372459931172652500183
866870002389730891586707

11618097957531880941929629693093
727706799261963771224173

13281735738609399971517894579967
1194084848842004250495547

1429915659253608862916871266213
961048317790588463855527

7607374944662609437230058058083
157140339968458428752563

18872264395962711869466102687133
237620901757518903752179

4925058334824610225427743486283
1003950215394932417839229

14226749716989820382566950121397
699307411433437211337557

258690710975584088700648777889
1146144569312041767865097

9681154728371169512644559113643
861368541563724025141771

11420375809378039238659218671309
1089962000076115559745379

9517310026990332732158983741771
277111211745874444179271

13994197385117234565978399537763
75872444670494567067761

19341726657566608583119004914313
1017520666798848796442041

18258679248598417149036484848049
126011423828847367268863

10625463665094816415890887048287
1115957990181855641797943

2048371960825584928031322281551
590337459247445416441523

2994480960473193440493057158663
485883265193985944524009

13297529509196136034806659961829
57428833225381716754457

17728195956736277122823221280743
773684118500593070334281

16840418378064284589652734646393
228073274847024212466871

19439510320477356800193410745199
614634590169755461012769

9193575060175725354235817083897
30979463340833354985587

6387936059330330929399262897803
182142762259056852747763

16652990717601307451275075579987
843893181204535009833763

2696026191903296196571377317041
692809378899168707972651

19042108796466403914659070288133
878387272087579208227703

18944388005275486680980913245447
1071299850788185845280919

19581849027995747551879763156371
690208200144540219306617

15432381870540367501818768641107
1127860375749889790067911

1548935406000541379097090972269
668071231514241837427349

14564362946663628496787068401493
416725053025815178289317

1099336432473842997202041445177
543594434455338793871237

20210128691578991451528559803029
545314614550695928236517

15362877790001519438624613005969
838229920728471434363999

20123498270079449059225148092039
1054312349487757464861931

3095613896803789398041999115449
49726986299285662909439

2099922098559568983976746116489
542222625260089071222049

5138305839606432964447128503597
489554217028089843179083

12529846471309056842252088649361
796629388381679903840243

13625872399275157006639442658643
276190455551144883742729

3218055612791195134888048689503
200862959398832684401169

10246355087084572551901479572621
1009494379364813269572181

20170633907346365487397122656399
375813501275134529476031

14421817483634603758720118175703
538163094727574594743247

12035164749882791082996275688781
898425027857062255455331

6758819017037953583933011595501
726032411766859389942641

15487974667686802198428198628159
843797149138631570328571

3791136040401667191828446213483
502500807313497527117101

18128643252005108822200879948007
1084432161999597099577663

7410759683227616156770502720017
969744774247384752678007

9449245732549745427927716058691
587683894319677978343249

9408058052310697188965018063147
1138436239469159393989643

11670455040712811124481775250011
692696445263329137198991

11767477625629122696857865663229
373540314047526634773077

2004649950013365653771801902201
567021057296867885808253

15504050673619639250662182418673
1085613699692996639406463

5842683615724915063184130629387
900424207035686269483103

15414946086946482400324073172059
232191590376215639865803

16738427375594423148975713689669
177840162222677763974623

12152853426892686096251291278411
914465743327468519954057

501046157699135663392412615423
401881673675638051333301

18169934812177255420781369279759
72749819211038117648891

14540664975917824540776465596029
693228809516181277635511

13967117921627560861219682335643
208009540893572052599513

5984281443332481925821588237799
805181579226621689653163

1087320665404752012560319418571
475514582488908634368491

19467289839470986333816262313779
450072213487685228654311

