65300309052185754020293842571
15275373886150421

41930332373412923967715264829
28536382482811963

55850064675560588362301526461
6826886521824533

51067441526581437607514419811
41315068442325329

77456227532359308165922993403
61509274909533877

62234966782625070208097727067
70504841679549503

1969569700875109994810736011
45245539030817717

6515730309799305491015696659
22446456623773271

59408441981521765556918424893
35597221906847207

35629103661306394299603442637
17115774474862079

5810874503034027621985942741
71211967037483387

45907092674075626636523460787
6174049237075411

79092473784157215758903789527
26329128683177179

44119814396106234816451678531
20633713776630481

67764831038504009464002053869
69588932715685657

26691691868214005531310152339
61420849441137911

47249108943421902739512098759
45993425026847191

17244547082785283896176095003
62032098906727889

16086340941837237925673648053
44916532482586229

10528237164315066321626080123
40160945375897693

721397883831746617763286377
68093445259893799

55556479285829515821324851027
25632950508095603

31184553045711852815308365587
32252024827532563

28366532922725032408858345541
23460077715195997

63262234834717928244569546341
69842017978351193

77137871595185355206862554849
61590528863127239

62136709557008793520724114179
1708472274542491

45080940304209582481516428149
20608427619381787

7338926226504103054344439003
13549778388980927

76283369517206146976728261561
45587314425088789

14905465125041050133554154023
58055018699091083

56368734571409610851363618461
62286459170791501

7173810768377854224390045239
20186975278951543

75220767811495209983211395063
58311072847430617

70365326034409359065405608927
43522956207596473

22087127770938778984017342889
26074779073884677

64314587383039370690705682827
69749761897187147

33280882302783637274794279769
28359394898564209

54578838190486765948282372721
18042602178963301

69004520050682351021422421653
61915278831790199

15879358605149226928470204887
49192449063034163

14017407816168167380157574803
4351345232119129

32656415960812001387612195101
24549001797115319

31169930570947390752898582673
56185650937775087

741713980202150003837968873
363766916029871

37509804680771253663104618809
15991569210919031

70517774499699812620097716697
30637403943714083

2139095728877383455335314331
60664449560858657

37617129037240755743150680181
18893649006065003

14346145413919677928780540723
20676542385996877

41938392695457154051532595293
54692753524014043

61939379314634060739257813149
55581328245610291

36072092208576558556292051399
8514607692862963

42463102177457336036524113457
21650730328210801

63845029011518048111779920097
858857443304033

66316037140787246669081050961
44003131828787617

13659787609839638331644448821
33863795688358861

37900968649073852340349928423
19315635236689879

13864385323380397539999786307
41191814872159687

52285196917398951061435871983
57366826421418149

46624005943663974856893291931
42154687693733687

8569967448817532858409357799
63056893873277173

60263942631903079247420468987
64638472016527697

16043017068601915525456559399
6584446083331027

57062049756586954745069819603
46929435724649183

16419450997873388734889464399
11276597152062673

52806463143472899692862966113
17177540646829489

17079064130964966264943824787
49510363162061167

10906488029670287554443039641
34951327520622043

4972312518734208384717905137
35463547637196901

12115525463729341001252185951
618803688617243

29605183495499685995220145993
39991741101989317

7935830635248351005326750141
62343626938567603

63322534999339545774727651129
17659734813373517

42089848619430966405661458509
62183333622331021

35908170340572511076795017399
64374116006092381

40184703124624509850977485291
39403979004456299

60688680184674989340222342319
33897934969539383

46891658477994317771936664803
35128941137457463

72305973233257623788243679097
53551863183953047

35144519137846780717459272511
3442120699925197

33345047625808572318238851241
42155625530390269

22699136268350694927542277337
57977362361608973

11389176375184981151874673771
24144586350194747

11935766731868923768105206953
24025070737115131

21604730503408085686179923887
50738516350679173

51359082624318697066023179581
39915535031105113

56978668988602998315530471533
1992362709371789

37641242862205519562356220189
3401694244490441

1101260067597614417148202249
1796558989180121

9179392048213278698709884837
66300979837718993

35117477647902091518162577003
33692146938142391

56300209439138425438578871249
30094376650460981

61613772525760451466316825631
43247732598231977

59517824112631289900084716649
37393618631389583

11782062535206026971437589273
55895428906176809

12701481784602647543030947979
39437336406255533

18560409036878352252667411753
1144662668464537

48119531916190844700137903957
62947343364635087

20504679672037191848525757451
1364420035264813

