232575073
6508326463
34250913211
567719447
30320439179
3041653397
22893867973
40851711517
31584608999
8792669917
29042068051
1862976719
25042963817
16558745771
11779639
19942529111
9624290983
4450976401
296098861
1663513871
10994009947
13274691211
286473149
16730053811
18975760943
2297692381
14645775799
40851961307
30329156177
3346432241
40655691001
788700179
1284081143
1791599741
1274209571
61711938377
25933601821
1237140479
22329814061
540795883
3082203107
20387324669
5218082029
23224098481
37918214699
445843603
15223074283
1804521721
2539986877
21346548281
2002224403
1182710017
32718511411
530749829
21496378097
5512946221
8731011697
21179735611
8307127679
7465877207
7356274379
4204310269
1611357859
1560674737
1049664521
15266453599
2723177357
6443941033
217762283
10505242967
38357038183
1585641923
33709976851
50387775913
2681125099
440715677
45762319721
4271614471
9440988047
55123202357
386557399
6631691791
8660825707
1071751627
13097998757
18141310769
16426145777
39228537617
24790120379
56060584739
64659481
2208667607
13413692059
14453456587
4969427137
6481379299
11293357577
22283161039
46691432063
2340949343
