857397105693657814741
1816030086640771449353

1919669633686364913167
55424105467539348779

507601972576546043741
4058034164306051711387

4085211794361836721887
2751660912103178367067

4601057899181386152533
2995096211048749227319

2466280421445304032587
2693607926140189607239

177793883844640377113
1162516602367651896103

2723760689515777047349
862890869075519904667

649580753640956685629
4305649238693353766077

1064144785309718299937
1158612523016041565293

2708343825226939189373
520010608949574140927

2420760959521308001799
1898835274878504221041

3469956563325459559379
2695948744573877031251

1110073371666117853391
2441199943267019116753

2126497183068655564799
1285861568471032513889

658164373917055534049
4010370488183116527791

703078531856921830723
3242918695614603680309

1642706724153427745161
1232151816177980244857

694589962188109861541
4189683018464109859009

4077194137739651483851
4095837564369673338551

1288198343778693057211
988577008538041745909

4618910459661520871483
2156087831915480351549

461046629282307184717
4127135293391483485403

291905946033229190491
3839825742418598986511

2356634623570694767397
3599495492184580779863

3670454563672310782111
2453045449509085580741

3749683458586109598137
940983548499771898711

400308267255652930117
50847150153541892621

4020893614455738058117
1892584500348893381977

3601463511118397191907
3942619726093689712541

2743060546302128137697
3442549871573055592243

3729180021159046514537
3901007292883008105953

1093322938827832618033
4515029134201597372469

1417676784696376421219
1594713663817827351217

237410447076522691529
4482881398758421985077

4336814042474644596421
3381136391729670135083

3549857927576339982437
1316800850127777153827

2545884160804108013849
1819528200497915794189

2871795825554038601249
4087797770172806423423

2228039223236442860821
338995967681896112381

4109059226252148614507
2725305510969049137457

104624751492691445893
2858401044571352981741

3669598043319735493691
3919324734357791850307

3334307184624741500663
1425228975008193584387

1375957419444276035701
2997975697410023349479

2969773891143444234001
4105737591522927916579

557314582039584091159
3892410706260920331347

1680370610307219971191
4014611150540351206361

1795941408265668981301
4211534751539672996473

1801734591921080787379
943560309454535003731

3538241334906192353423
3002957786331244021013

265549024221834507529
3741203478923294577173

685992428282810280547
143188480026577186463

644337144444520764031
615183477551125843081

3795980985606856917251
4355298323964859563881

1752348195952476120181
638483810751811079999

4217104216205166955957
3894209197151296613669

2266676534867297536811
3942221009136506536309

2368106083473210185887
265521213302429421949

2755354503606346348979
3760129525086180591701

1558594986563836509679
2353982719245101977931

4290421909835000127607
1404203330423129444489

2910347651040686358493
2567003953012533059189

2085562963966839415987
720632948942582336411

3376490412220753278163
3612096145136079204493

2428455520723249822919
2975243642953295077901

4618132999123140184867
3687619620379657505351

3035910194160977545963
2908257882486066305651

599934622715648271089
675619559589948353129

4091438371538276862223
2466563115970078347097

2943146116673875060727
4617976253207829748739

3247339723859465354297
494873369110853815183

2954764264560433574311
3564916605591783344167

3463288952191295802499
4459791307716949236629

3122192798248205345173
2420404174256292233287

4079540289265923552781
2090669322004488218447

3676735236555598033409
4213622938969456571501

3851066305599923011541
4436794477997343976309

2544749980263778431139
464314432646359561439

1389458128883058931577
4304783839694057326829

1414874799009415208441
2838036109258730579257

1519378051176705231251
4459551518159313689591

207327119041938503911
531991135173446446397

3742883835483713130631
616287470556359934109

3903947797911852060401
1875609429318188980249

3835378005524252581727
2783230578289954930099

194095197333327287617
931234361261895117211

2790896447135355254573
1920418699601970863773

3783864273895999712099
3294722316570016129417

1643801967019410267941
2557208889125908977469

3712341757850139796559
4722005824613515908049

234582296491280664307
684136981566791206633

2034669916538065136699
4497193458188971810289

401354862585303266407
4500632791210524535681

3391725437396715276713
2444840854048429068457

918653541239023573261
3617014701561553647671

2589046567089801716389
1126558677624774937853

2127010563854534284183
1191039759876552613723

1333573301181244278431
959707988826248192221

865764223392704356213
1823889483411525954989

