236205574853208351608257418791523459
308481749692305056919171409

1198766383977373122859338373701366727
104373393142022199518819599

1043237068800327911866088515228658503
241433840298238624552773401

616578678781512129439943808551292379
159559864968155391190949471

390301439480685219334713204360029137
246166010716880262106090787

1150214999871298599542282562452452099
190436640082385702987640097

476307837655971132510520050745063693
227659389401836815348965593

756653496484026114752257134821400959
54301835730762034192565399

98185682300288920777247633304460939
304901579178678483971204393

175509039548759353548016819750136227
82032098066207138983665089

868924947400051408000541978356789847
220908726486945931662647129

1216842157992415787664564723633054989
235441061393972445296598241

689934325680444468995677449941258861
131448665230839450939932099

789953529919211223773485794469143529
94648710529386327718519897

888621846924867544459871328960650357
77132001794921116318732351

1201658392918369225534639293810233719
182138540992769513517035401

546029717690869178213151163000872241
190847819267360582366808179

274424685915706813478734760684599379
65372249027622822936919771

746680344028279734586417062145809557
214067193183844798772292847

569255042142413150236506307406959699
8661771279306851680063721

1199292470056956265979367634962400411
208337561501929789359232643

121135926982199416063070546455826533
168848573917028651057782723

793032492303008266038588161205981413
92141271079620067258058113

710766655469878483025946567688370461
127005878890105866110308361

446904130625784456473887750431268183
221204137056112133833665167

734449283371705553243628680646122909
219975143217958550917912559

360659029312324366135930345999706447
35957341514360702258140391

283973114640371439973841635504570367
65292204635327328969175331

985653545776455435241316190700857557
74862670913425926854884751

536020580707378743742026550561290439
2275099810376243511910259

1279189613862475032756573823233013841
190385432374491818400994949

15352024388630811288088055610034501
73250619095309223391398829

274793329005258560778261978350706763
126203779585271773346584723

1235927948183763860282314373366723693
20089168873575537554519473

532412431926493283979322838548839281
293806611674624996726386163

1212934039809810060346337803146423217
272477752548388866876584281

1005249033034233118231923575874304307
157570907806125418447848743

376334067177875030858888926901580971
272669664306641330002689119

630199549328442512557720211389054759
136349995369679104862932631

875913310463448352168979651405134591
91838213365162888247076757

364927148780348877571716339853683389
269632829521253992309860341

688559341887424490481498470888971057
297668469162489932473524161

1160924894632545506157191168286299377
59342498892233518489063357

893422215277537642578242172381231953
281432618488470599235644719

101129015822308440726522710629557289
35544959572337112626512109

80271055328762429918745973846984643
13901771684736186178060909

958150663629802989898788519810188399
29882609634486832997919911

378717862329929916147900748262952631
195297558667742104641451151

887516731244406963984992119211648857
257203323738965439884539583

1217077161861367674326886118864520759
91166303144823961036213703

1002001063651114032974524878310476839
60551677560640685590508971

603057860053190795663143706728773133
275751782604946019555644411

684077533098874908636500771334696719
190367685620322852696991523

361194979750549559746563784741830247
248623573336601611201085327

353578017016918270404396986566326629
266938895125309622790750859

827740265026148423629091471077745821
309120477636744739354561951

483925805292464135243991828897051517
166749557688682590432869647

1305707849596310017317018420850945049
226243097081430409883992489

873185375336158481467531182687809299
118429286130269900201728997

242342353588310363066489360105325647
234972564538155930544904353

354417898157831248101494527699339637
220903865736231436682666299

843396440241375792824053780074517723
215768786822119272318926213

80231859015407234853393129595859909
232764666127066348756682633

186808146540967873440754636801721677
229326149574930945982838893

128501383111597330240328522602650313
89028186266270059424938117

164093064605487315157807381234741763
203690529252427934167800319

492447250789905910129778005820708183
281671757363951766022059463

1051995579810704316763956643650905581
104120716173402151279484647

784706042299007662724526590544584639
172945735669822861334749889

706829920960214288363180504147314073
4546237866530890601448197

1096143538201412361363420772537592171
65046657251112416241726011

743868686567609183404252879608893359
254910313185163813470188939

792603537624505876101440788098460933
119064764170695392913874133

2136515676183834192941838539385163
288596320456303719691518619

687850616543989942553749333316551453
180274143184359844381849757

1262654461038568354181928448219780871
147373386468398244827236561

647803343261307405900352107525196243
55019295588625465071017507

1229265462599530334850758728914961261
261943958300513579786245591

1238227957028270740746490617604467929
60980715310961838820302779

680556844359118772998752888964079123
212219225501069278758593387

681769950329160524642654072904716047
104521404982144228608179873

900057406217306084490310289797426073
110660535290057744480621567

586231320473478206100746277358818743
247522883445676212672390317

21924266555777001479681988820826819
169344534754314237328001491

292726421596118578404987785480986489
31093366282279836543670759

210867848864200059557102208076559857
51649658290404413333258029

1299532864953734638316240848259510257
107945085753938654855341159

1007778152981009970360021853888459793
523698946088313332824363

124840173099199637004826166679631501
136392126392677616386631273

38133307907589591745596112111281257
48497994076192491505267451

92719027452758238251786206302812849
144263119861232325601728469

476599043279319569638981854240140683
229502662013712173531557291

244378842720970702445797136277379487
292422017542405251918493457

442124595368013162086866105989901091
53428564243876641723286697

741610173091125547571632093597882373
14570988238378140593455063

402428529947710141784359076031207331
65297883500082352182155623

488259171186717428844529999536048001
276387962086256161487359891

20032117195958974531541476392743779
203492329483925434317049199

1055526838883729038390848245347300763
55031255536132713822414029

348305137378064350651735394361152887
142199345762070563427743981

