480991994117092005059627
83

275802803612782480736077
71

216818125300567272424993
3

1021313453021029315704097
179

586281313028465431718279
19

733963039388911593003661
79

771434234892551501484799
97

1153951715520756286180901
113

355344240430724898292963
173

266402179514856277727467
31

75389894622103136477797
223

978552957314117137698749
229

128045537150267712425321
233

1057158969746647998368951
53

424086898966120094220589
131

1166433509904241393667927
23

388322602018066319353391
191

463508655038508867036647
3

820734185284982969397643
17

874666921879479785573371
41

115382979484983211359179
191

1077559666013080790273687
113

489382611852717915349027
199

1054298647451720789598413
103

594610201394510128083283
29

1132715772574386561928201
211

454072876436359300752539
127

1132308548475513589172381
193

169167249081370201968139
67

603029486101588945660123
61

284129404999057319409319
103

1038461087154638236022597
13

1156283277831960795781729
19

520059491983861950745369
97

972307068478445532844373
41

724112499309640719800399
197

100631823489595862371879
2

50199595496075852551799
67

24548617134137818881659
223

43897900283173273805023
31

327296207301950212316521
47

877204170217264600495051
179

979632506793481994642767
113

527329119148090101504349
103

717285735005062321680173
7

704435504892235210006597
233

78230201770790358371221
17

580183687543799704740367
163

345011933510020303040473
29

925553414794671990498263
103

150332664459029054788759
211

128489710632065297149093
239

632170780474236139153327
251

53235048310079232716291
179

244504759256291447293283
107

810001915189442350562059
53

190452274513549070614349
191

830444245286476925718919
83

396413163370657940780681
71

306976626268681902610789
251

702548238580784533344877
239

855727388392507734543049
2

51318399366204266546617
211

657752702720471921282567
29

245502899484192635583413
227

936509775793479403531391
67

815329192118364470497529
173

77828699071876611845429
103

397029663848661819445369
83

296456546391781877654453
73

481273751188547368893353
17

993007706219786544611041
97

487650370741155216005233
89

682132014473122844031829
13

500666621834626867812167
17

114446846538394965921187
241

724604015498801528868467
101

1048387475143715197386923
103

541610482327656371874331
149

972791888164640569514477
5

563943047370858797269721
29

1127188762491469339647967
233

1189479632437193924048267
59

47668285175284013604779
127

1073045752000922853636611
191

296531301903592061619253
251

174559933658732274552787
53

787739368795864105069133
29

731836659565073038673329
43

38660442575747157955729
41

460002261708880833810863
67

35872915847942262091927
59

1137323376984387678809131
103

1007559066974712470333917
71

201464788292115144426457
131

861763158655263271003847
37

259631931519810740678071
149

590916948114468221945639
199

20192666881933067082173
211

195068682003854352969901
139

