883602927633495554156780034007198217
3504645841

87157370775692553192976282959392453
1430527079

1211200074690836365621367991071800499
1195421957

1091299024633636109296938940807587779
4241291533

258673346950228131502466267724465259
268745453

156654351302721610466588503138014169
3359494027

542549400226534818709630309885249579
3072421897

1062354254320244071868992450830960821
3477327281

663654931317141317862391904686206713
639591989

122652459567385685962165020506262569
108427573

533829780138164887467765549898728499
3469304141

43764518676158220924899493235964183
1479596851

1108776603358689933084163916827834607
3445151147

349121148641230680380599126310328109
3168419407

352658628445828749824576342230678249
409673779

54151356864837557171676035179506569
789002749

1248662085247648830246736855137728167
2320794211

398108633029035321791005722309411011
1932509123

63102817372001791193123866928162473
3733483973

1072137900853232285002706480502329789
3647604283

671860199504079980043911934553257589
2181913003

1125218742778091720701513755801013429
1389357103

293044645504273727013621585923913289
3346018939

1160431118503886349469199941330171681
3070162783

498857635042715588813031573656689021
1372279109

386960006653935946055152879673133521
1759839971

719433632458211815004937375437879861
3928526737

925410133731593949353495672918454403
218893879

996482809019895238305386730620315767
2499569801

1287215284157636373871297273556304199
3914830189

40557171722558562921591070856644849
2189217607

1176371125125672966409134180724179103
3338956001

1095899059456761132501460969350202417
1430683939

288838080830468978007696357326526139
4084360067

1288609636955442015120099887108543987
2639816587

183231728448638925906328396113754807
780335807

773507465772992339944417695271186729
4251378731

333256594905131760369743844479044639
2110397519

923969933634281023353272632408713137
1232233081

1087328755206937897217448399031585903
4184994791

834756821133571677187887160713228547
507381751

761400248785316788412330408556940979
820857929

884835169845081028179193122077813441
729835079

520182860267114487878798079547294873
1098538613

188255636470453190922032669650613087
3297440869

171416427779482767743904530897377333
2857543489

480225047294800412345812850736947531
767294149

1009894392907694934915076394394083273
181712413

801937838216299531848957138526412173
2318021479

1048445800499578200998810595590707979
262532623

148073199032937129939862430050495327
1797778387

850917418146874009553464129620335329
2272168573

1171849819726341349963874190994525199
1898973047

912416710284863150252928851779519529
2726229239

223236704321086660431536801005373803
248646367

1061721719505915564845451438459299881
2646913007

346580572347140705355774620298411869
2922687377

597781165630378365558462484811064647
1704969179

694975500067796160545585435950281859
495085391

1036330396108398608483696417649266093
1905323947

1320141808998928714310809488640506319
1022818921

147497062574448333413475357357488419
1334357957

1088659189848815161417827415871396299
2226337213

734590314274442158367195562446101499
294376583

518267744944708952502644094807350971
4282907201

797926883055169419774848051528421139
3560653969

63332365568210889554498937363388877
3325227403

745566827413885907041548109687608049
2753055593

1135114405105521202966108233049466569
986809679

988694344366312115342707868128032847
2960894407

742198687649245259655463700923892339
1506943169

1206996053611903952670837202989036587
4611323

635978136110898913233604014153219211
949251581

896682729118186569332985275894295007
3576355973

992011921692528978679865568258866933
420904307

1316316408728764478514177308982138731
2234417369

322586420237817427851267579495132469
4184867317

788570307799189269240066353398155829
2904737971

1021455969313251793038028502021970401
2795658581

988458682255855614146497062839084501
3939159293

1112625500465713764297023770110661457
2596285183

383789351960562092375947356315515551
2936846753

479022644551986795957003437037938683
3040688633

329635440709538121803374136339774791
4219265803

645110658133506074925263370661410763
116726429

292604437799802759228911045497072181
1131793057

979755284176318028675112969653097799
3826902223

882221672912627377190553636570012667
1869074863

281771585779562905462453181142912473
3178648393

619971445042380644748632199538194419
2808312821

1083463761807240720379617353470053263
303247097

46459934116626012056200372843855121
2661573587

504610723199661887989058229463703537
4244152547

688236657833457550307911670814303803
1941276541

185786900240884255253226597767101159
2127401389

1251191516723663087069867863592904067
1480235117

923083164795275290800434508695709833
1843156547

817476818340296270567329254901397407
3711275707

986634679050549814544844322155755873
1637315227

984673375492029490457157209138959837
3522371761

