5635501452241733573553909165091
61

13195146960615473541823838805197
79

7748804630961157090351319226013
13

15820424561073078126185480942167
199

11313296427212685842365420444709
37

8567363965516040386444441779631
179

4961573654937452624372386620971
241

2905216323320044084332926583437
227

15244927494671232834438887586619
211

8906056378849666833530222494547
163

20086591890786820496140241634913
13

19835927889600415419151970769239
59

7289892697816304654416711821379
127

134613203204782280539244315441
193

11904958673736175532522715794653
211

16587276217817070169450853518727
59

8861252074774065984430439260613
139

15209792154063494209318145934947
101

15008041627041732651220081435057
29

1793655228147892357662117176987
211

11738683994533535441532592450837
193

1241600356879739303781206071387
97

870243664335709016743712111129
131

19428956868638787614590493602871
41

1865336903084226137816477104487
113

18905613091195521776556914025287
37

20207053521659005730091758282033
113

697974200646248546964852585949
131

17262859706593737909369714812323
37

9799679002106226754494051451363
37

10818753102851695378680151927541
11

5380485433726023900078528224101
113

2814415337187486920759874508589
223

1209677763838328870642844168943
29

16636900491909101843176631666939
199

4466493966677987476192924921211
59

11056815041100385534178998782157
173

7368849914862300261198818046203
37

16785437994417773227203636360827
23

18033812661212527725319106674541
179

17436431832159576742542896177093
79

19652232216249758151021786655057
251

6904807099168819955779680152237
79

18424782550270351531744807570477
2

414634224260239561372436747663
11

13038527925655675154773576570283
179

20237407441070208819471559827797
23

12065471129928446835618477484949
3

13345174214211173103063479575651
163

17849172468369330395282066114867
29

2861301853341455633286820218647
137

2929940617962191227616516598523
83

4235384400421510435621922000399
229

6112125272320804592325952045601
251

6221921340934492245888045097889
199

3123857223495417777963909751187
193

12736048418474774176873175922149
97

5418106832577649615698000380587
37

1314165727731787226338489458863
113

1227419948822884986603332007743
79

6636177804819818143311513496061
79

6940478696999511240379312564501
17

6237391255155103569291925129073
233

11182994089734554413369393392239
7

7644540947367111428671053058171
197

14175206121535013523992130613573
13

4407242438928962329405911497989
47

14146443020936170949133650144647
53

13800300198979077216201703106531
251

14497251661832952543734017391323
31

20105800897876967687841784280071
5

825175764201868498079516389439
41

13202248629184935673756855876157
197

15299010637112117652583766013179
67

203475797188003328538281188333
29

669199691165724010845278884909
17

13794999116500838870066456020103
241

20011578877375101804624982645271
181

15794305792205416400859763498499
73

6308003536239552439888193206277
227

17371524077019404212742024105521
17

3000791922724984158635168037289
79

9726461119860058736536424387611
167

10577966913219647390174273907547
67

16376415114969569980534167836543
227

18782589641201801176013017206821
223

6558052328501127848940551449273
37

280762401213799483067197521187
101

10288891143528180342558313267459
199

18565549872341153687664372918587
229

13954105615205141637494160459439
173

6608486639630829171187956861731
37

5351021510181925871008627796749
113

1465904539555493696143861872751
2

912366215552306053534999827301
241

9885640079640608065722380398873
173

18577506983781190631112807650321
11

3290117180261772422167059331637
109

1660451867967561094215236361781
139

6398690762352931604716787443751
197

