4430805664154912841498242999339813
11720693

1015497133700443409065554479775181
3382129

984072105588899861767846906577177
13926611

1711888084036811117544904534489487
266759

4750258072236308656674228131678239
5695829

496264412330387503615401762485239
12903829

4594010553721653997841429940527873
8827877

2112257917035477040520074381667633
8754751

1349243615336925410985198171992947
6934171

2440048277232248069962310017371191
5098763

3196304420075639705457929777612033
14688337

4304789340816394325676190988674387
10478957

2104775491293823151472570578621807
2299873

2791688055912761895811247757891917
2644141

772949420972291299472063763232573
6067781

791961380437402493498410365650161
16472627

3726153879599136226776994534570499
3614461

4719071461079479589396803831363771
9270211

4548721233524490872000463941695853
10512641

2558898609821456585787512772859601
6078539

520378977038513300916592388200463
12761009

1630321955515678702103015904315553
8200721

1787156003213248250913902893414943
5374661

89157844243782636713519301607463
4921079

2240261319197104416584349758688217
107099

1438937457097421464186654418238301
11490779

729615309898124336294016723287983
7994491

3856264724904512182235301468856049
1532719

1561962857417124373075380757630579
10841329

4623582740944404099251264467817431
2803937

3425364702604430509120586209997063
8792261

4843945311655158447105847758941497
12478933

783194289549978154691305453085279
3395747

5023274288198587011570738434288233
11097337

1878285532985506354099013959286041
12530083

1639460448613417490521943856588691
11385431

665427196388813410403912692090321
10600321

1539479817763074351721850317317977
516157

1757764451447684724579342565462583
14982809

799821665301919474702136215783553
6852247

2913759680540564132689524829629191
9875087

850905644865858238785161244763093
9706513

4979909809403845735386883031948873
13198813

658503928510244387483177507802281
6894079

1137576171956567559624756449007163
9460391

3952994827363005351681002364390511
941737

3294491034575401013510583595513583
10053917

1076820243910239304842035034841321
8475827

4542803790706263785799626827320547
5545339

3864198245752472101849301864434157
7024261

2863750027060724270518731473219353
10919939

1390800828103241574753256676364271
5965139

519255590569153123432410958476283
14481829

4705495613717227687641235477707451
8885183

4822692250050016053444773463034519
2728703

492470079185609168137073504563783
1407319

3602971459923624566469039888837233
14890709

3140662856197321113955085066757419
14640979

1087804396429687765909583836440277
12722053

720585095854194004408715726350843
2305103

2401667594823692766349070536432777
14118583

2735712651684876190792885244986657
13394729

864924727154548658461516842264247
7867571

1030923678588155185597985337260401
1160893

1555124426241174134004113141654237
9950911

229809186483795419723754222557539
5602111

3314286598423041288042209981732041
16587973

3713517060069031599010081088073203
5655851

3880424012634056934697160284899247
512333

3870651443989193114008009434831401
5490857

5057095654385004618158421099335651
5511169

4263170415669155436627801682265107
6235487

5140259124115016344434569126306179
2192591

2928136774219883980509938732499101
5478881

3157958361883838762968896337881527
8014199

1127702123365950361758445369418489
2546009

2422140475675449185039537600517949
8439449

2616175605283284726727814476395997
2989429

1089114841067556366910930202539727
4534081

1408041709080653233313977548437879
7108429

1270726250307812416544742447064523
7571701

4076145474402788521545091112213887
2878409

3814098757035415982023949733787841
5095379

2617372526644975557522413972036563
2069009

1869320059380119320124153804551937
1161137

135451614869095295375600787854119
5092193

1196976957883281286040739966485983
13457513

1536455030148310400136207510034349
798139

2857533108250835715105856520012579
2355733

1503433913828032286738235593106121
2539321

1433374183767282383308334442236129
12406703

4882689047467488516195130762559869
12691199

713867605972701112288920295666007
2776259

5126247110938737964337945757351331
5261887

2758612604223229470391626420752039
3359413

2828927762665244018187632856917129
16514779

687878550404145919365300418594793
2294489

2568553630367153089834175781982417
13795123

1021847787606325323825052288428007
8192111

4044249054876997008341204210534569
3386197

