820125885972073
30219569534867
2767380368078083
1053931150991753
2655220002237367
793918150091623
280099292477047
1639245412188463
94351298188789
1716396402531511
733229826951161
1463830570740361
658389746904011
360182716656599
2848009393395247
1270233814996967
76780559681387
252371983274987
1261025495466761
824125453125367
210666560754763
354883828097621
3747219699434923
1414677783061181
3201126895949159
71356754349313
1511514389722957
1487330255735767
83675398313917
164604845520191
3510017392947407
1220405625602767
371823832794041
1209551608362397
1857900375524731
386249716186447
1943305088021221
1182125134700353
110151036621757
16098131672687
12732669129431
586000248553351
508389621888697
531607164141839
781202396613407
1273570661608109
231237228779173
1230425012556491
1055983115849887
677356775428147
496405089845711
565461489526733
336424107100057
707045957824109
44831542907519
870319547553593
161604668550527
313981060930813
2210979032098643
1209490342803229
378415908577549
1341658845908201
2894994395060983
150358974698761
2107376748969137
2060629742366269
2318276185930063
1324791384675923
727136291895557
748048910262343
1264069428480449
827341090446967
1050031495238027
64903064753993
425810213574523
820570570963361
340175373931187
407283586213391
290208189764707
227345227477477
1535210421553841
416257918271821
2917207639764961
1556025468365573
237204413584349
3025142696536123
708855061038799
530514606690301
1124749799408321
68355709608577
1769290024527401
1655392835712289
1509462996882881
1524729099186151
546520458394259
544280182064519
606373227416647
236590056371411
2715402667074049
3488088385571651
