15691167270227170778692603356152237
1004051716404229695529

1154974534179929166758915476995638599
2773721350256189669879

703951292401243565724397403309543687
770906226242116565399

592024158568557685063328833325166409
982624835433615418183

330435984891116746762673523097293571
3640467117981602622899

1064287265053429418461084380766451957
4508719226036433754067

856610493891028289603335948724138573
1027536749656069157333

1286684964550048076839319554526873401
1722914166938873505907

182694077339035929375989845749171937
3178719384167111826059

954448171983004503280732212408273413
3637226632540011817003

190234862235275541947697183411231827
4493704472618315926073

646198903084687251067318235919068819
158938754784649941799

1282225611114765805203601888514732867
155613179148072696181

819716477695525691596011189090471607
4592583796709529584423

1271576313243677251663530910862137507
3736446710923996506901

1093222206196546237620739949720743849
891400719336781543319

72555966342842997919120862914534151
2124815808826157036221

1166213181488781210217214721962287607
2205756814820859264541

513824238828081251257871606131318507
2261505239980626763919

85768958492949281365899634031784769
2751843574884804827663

1048007611809828273151989177514537037
1702248896170298587739

1182524286643524531942150886992999409
1417176909455954464249

1115735125408980751694834941149765817
1896006905877681529337

627108181920864278864942964365475667
4030400475253164522203

477202405161420579226769454241813201
2040231967636737559849

665572535682789779295474523547228407
187680742030529340919

497267597766995480033854536689272157
601913290757204722669

13020851318125163929122850375667273
4360630498690456032227

555127961379088257753067244879793737
4663336154232149426533

620686666201796061202280591422626431
2282714341481293338251

383707107003326845194641004860530349
3589103290447554120937

926195130176943768893884140877627189
3230601569148217673323

158655267331311300575017314088501531
2063035749597404157571

516748112511599075172448517777414831
2472153125590180125091

1188160437796914211085414882929039703
4503359780551010691029

12653987183637627184526653962626399
213429195504624632861

359411324106891947471207755009015369
3557193575298377674067

1100599209683094156513625285139443801
749241026891824468709

684804587265532190994325471772429261
1540325422713635421989

1260108522313911423183850893223429687
4666130731859844072437

410822630509683669756835858903363229
4349263886220393824059

531207036799990828141062170879933321
1940934138917471987353

785125828153137677437241914181816999
3665544255498226460573

1213859932316187863542168307457597211
3637932874726226284583

894954898986004431223373252630988167
2478182019006124070569

1001231160365502886639178466510055321
3177847870653275932447

807267838129202824199535141434461363
3827023428189930708709

733074140355373493342803557475881061
3464030889207556436057

78149743655011218794452336314906551
1498427207516593027567

157618797635162417350754394022092889
4572380500835150370599

987759390467028854874660321602096281
2085701935217857802423

130105833430751140058662404289573049
665533756957537541653

240901936875560262682199749668274873
266359951837777503379

1068457468255454088322322822897636489
3770070697342129161511

1161144654232578946223480362958518667
2573874121597593773341

1102678484157678938208806066890458757
2321030747330750295143

914424296293201660754656921200911437
4325018969845916177351

1046419675166651017226640760125307069
1588362167099008313891

294603253782165148767663107665408633
3969565469619180121409

1065492227041374874887171390392768693
1789190850426687903473

310438402227467176631626210230957511
2326348361099305048399

190185890287259703649834426431892249
570616499487405854503

645033933336113290088960244918858107
351874548242622501101

384410587592594915006941253271269489
2744707592611428457487

613432393300591734733891561801025827
3447874346632546225399

1248835263290107498700472546017413189
259986654304826673661

352257214227185738430811703443230307
2334013230831923354159

1008255507500979521550733773001851311
76573034603506936889

137598274785521986980682024107573277
3294980192121266020067

598010615002757846474802688155630349
2730919064916895048837

750408422525913267906153433595495227
2659219979670197162717

149556153393156678155683503024067583
315565603939750640383

272665823940426493846449077097045841
2867480143861489530371

592080206505596501306577056951223299
1417947740929743370073

249186100711464916320132356863743023
1926507127588991336923

501297381226897134264604504031820929
1889033460917252743013

85970205190368396947889296670319187
875995893939291352583

546127530977220776515087230673671587
3151823013556796639383

207890092777535730878967926199419497
1701177473126409989833

894369139767874015471713256472386777
2075600627511862050203

991311009133975782974490165473043811
1419491303071746753439

361900272536565485379454311583487477
949408092248136414161

1318991347043448044685288363094926389
209937413703960905551

1156931721479881629835103576581543847
2161597319760205489931

836768717021041072813239629722342199
4428617415264747398357

516257647459500197481708719638055297
3503081779793009339837

914513704213280256151059749418318797
2652182275678131551647

345125107768567673502375722299455121
3290629191718037459789

1326223626081294405323257730505855841
740622346641724579709

143786873331849210097993650911507081
2983628159340597504667

690847690200877699792535310407828159
4497901747330782295481

722904961062158529673983371179797643
1182224604348459003977

376661165672351055161550914040909871
3660533209540039650967

805517209559612444704008135979579697
1359006947509977699889

340078473366778264831647019985946671
4454622484561775729171

1209567626732051826921851515129670629
4688514357043321023467

435540107973533355783488080687636487
1224348121831903618937

826421340076064207644113766769269813
279567697741483947071

879946518458270999606670344673741791
1460046002256104165093

419624377635453296577114112476491587
2601252636440855605463

