39841
13

45139
2

62459
11

9337
7

40013
11

8923
3

34127
5

6547
5

50551
3

12239
3

13099
5

64109
3

56333
7

33107
2

5927
3

34469
2

127
3

39623
5

16339
11

19699
2

33301
7

59999
2

1801
5

50549
2

32191
11

42443
3

34939
5

953
13

46093
5

7393
13

24481
13

10111
11

65267
7

7757
11

42023
5

20113
5

44519
5

29017
5

48119
13

11587
2

14107
13

15559
3

11299
2

12973
5

32119
3

62927
13

40283
11

30839
11

37361
5

65287
11

7283
3

6067
2

45319
2

54583
3

8963
11

49891
13

23789
13

51647
11

48809
7

2351
2

37963
3

4243
3

64153
5

487
13

15787
2

21503
7

64693
13

7127
2

13093
11

12739
7

6359
7

24979
3

4729
5

46171
11

54941
5

20183
3

11827
3

21613
3

13729
11

47963
5

11821
13

58901
5

34469
2

5869
3

21059
2

37579
11

33533
2

51839
2

9833
2

54779
7

12917
5

61637
13

46727
13

26449
3

34487
13

31069
7

9791
11

55469
7

64871
13

59743
3

