25872220703584830871211229351118681887755503553371742237
1527347339737121402438467150639746119399717495008015906241
3530757572464443595078973304290681893423304658273422000663
707149393867182639431400680216278850207169464617383768863
1352279945357669478876391075466222205033681422807412213091
3398335246680010635893232887213291982444074315957297818769
158830378620665371681685861484296784848488965010860253679
139985083725254558919346407442709425163260082262869378341
1030633938260899361008732919550228097304210170983888089581
2750211837896337301104559608517932705791042245654177329353
1621100668003816195931024137911602218498891507297068801319
758645379315777228986516187251931928199794992273328923773
3266985082908296788017989829490975289850520012364519838901
675792500880347125370559010851209199799944318787295667661
725858635885375698660207786596721005337786221944869388169
332580825602114406163612846125328855114824599083933851413
2480452804519557142048143802728112642474386141890011727087
2119888427467356183103103965638766978241528046826891155751
502360049862440725407205815186228767862188379341332270031
1141504926366833758164287357428352900959345202385813198953
2977622743161394609157397781061125252004732183850801986537
2311700575307210631268402036339703448890641275427295877731
591732710175570090320664800104176653489270033732795988503
71085198247029042695401191413704997587004796278093612479
502189701540154608035403713023136162798366507315090858419
4696008002992093616659280261503316724392114119200480274637
1096715064969499828074743014641567367696494106821994744169
4313634912680850880695965546256892732134505801133496429623
1321704976440406480418231621405430874890188882609304377197
2240451211777887466405553718778187072240246044277896790723
56458238097041733408113521406205431750856486093972374057
533600987713361936613790141438304890850375875612968028549
1252382632579312785667928302959671199286253383882212629477
577884147680804363841990105154386599419576212370208416411
296165407793252917244017764762586221475452207703724425307
4099441980854168170929520148638837087451718438382095056591
1276488847180187997866849729915384129638748502048899604451
4469145644588321845881602985393558632910743601779006890787
425716133525157948661818918788109310061483444530617938051
1373335406796736654052851267632361026454505461074577001141
379830426697474700086670623050276843732140567626882203047
1595131738309110190385785764276134187040781824465169756747
2730492276645900193800460963430024549133499220930462062789
1355619489256745886055282079079940382645796579489607673527
1233609096254985638436208895892150115328211047395279029313
3343899817835918904773815567823382285272542692789228828269
2294868281080006325580412090249640828048795461394495498077
3517193507666817268958948900321850043786558063812674615017
703954095374574317282438163025362842515439477706172132033
1990264120644199712825847808077219970882975185650093124611
4997906130702935018284201768573165655921898217799840324531
217850286084545630085498509038378186991143945845366847439
1869159641937778033209455706240595092544259352767857532833
602966834102588548458953186503943924201515845454857426923
2377559031983893876304911116719947435920147618081945742169
2239128973751808048317899446623900228524515431138400274733
3576566921621513462676631835073244443177415051182719783681
320626278819900337418307675794818492880939574792484566587
185655348070784482392238107406545541773199045580697912859
490809097314988195750713620041177692254587860909345766397
929972852394362184808541737830544721614334281670036139199
2369725755721401780873959494058480380901174316887511950069
3739202585773785766817687580611490692422589670794228806351
1003287153417221611746648089003276634726978054070920466951
161018256433660754431600245348975458260875865436864523649
2092389126710742389918536801052251222559915972323802973331
1014423325741201665670171764787661895534514132608945928793
785307188919501456780107893230901965664924442776733504971
390498058175800347272357986172175578159393799069106749361
566046841665749926431692618169156622137838759580552929271
465751862845226684243133983532386784537147428018701547971
2004069063816802200926861028994267972345629906212288246053
283448517037970758561904340271695870985112978058609616729
270022174087386750287651523215777689883396324384021687773
2163096664848855744162910723212488586114714645265267337489
1064684677240379066396489455239800063886881509233703149881
2577412877239605494889920437943699986518796948118356357777
2341582339946372279271005894900915686831964066795222627
2733074609628942398080203627879183635208384789562130330479
1399340935735929035258718198371995413190918724445238371593
1723076307977437304645085842215876027475866933300898391271
1229385078795292071862971916281698315796698286397054955239
785003834077459334191338706946955682887761714443813807859
443567879828210862398721474027765480031318654997798874191
4207949824131188219725832576625608989480249462170501423883
964632312330515903365577609227305913705058461980594714743
5560715355153154453119859464655860497973812005123893302129
1216668649802869788333183402464699316651549312384708707029
13028705703221255604973768024748327365217839070142187789
3389493207700588263159032807437542410919823996350343581419
704602659405606616621034703666298706823903296161266858149
4141290184301785697007748658033636677194471967964853630079
456526187993267279735626794239257334758770639507653020357
1539093658903139759140227413546179016339099609225026250153
279273195129682563814062315186056012739829912944073633297
25259515290171101612217090750677262871556441592556766321
6237820236351544774048285448335685982529016167282613027971
1843070250007098275000089419402736004806269745992309543601
306888913640857226081437049106844265979224127352706966981
1194213433210177092844565365340648929667767049905377856163
