1521248458673398214192348103681946200258739763114282495371211
57257856399673464754270456850117977636494596634443783484913
919445014838893349892892952248960957282908166484615809331021
1198637028202004722130878965573536587114507795883515106091977
652611528597859140239416933238394284686368309712648958259781
1204094922759716030680844934819663645430926804448064120858183
136943059031487574747761674498165084833072820084747402285777
312304540880582906729184881120739673138623133634094059080577
187773114744368000627815824616357499705117511721725490844563
299803453244519055260188698813219428947310704216465815510863
252828639287558243916065429172431510599047919576489043558441
405118556268684048047456298222994088791692764147315178707123
550549136696247299171217512338024021656985280777019809466193
436811544016957035139680503379013445282837205358195905592507
371064428076921888688632331874362570085696164954180212230963
283162612928087883648153703627493743802376761736291622650713
373954031981052252948479025066384452211766856048398164393409
1140170536746129935864554118315519897781513493779568656302957
275260013604392533130789855596111992569716105022740891827071
388391230296997698668638163609989447137431918384774301118037
121143294117564691177721397508139266736322356034538943381969
181320331647173192768175476570502933106175957158337487536117
245130570946132453178726000724789725375425235505825148338217
232193280480019765552231507277871311465722664572625253209177
1019603147138705249988087466452539660741274893148845190283
161905387571562416812495324104279306403096839714627607327021
784194020664548777602759134428416013433109381735627657913267
118479018327464958727427436849239875351849024300407712948213
616742425771939337140336296586084969336020299235226415225179
239847756349055640837889845645432094039962834970897506736213
124445951853360928880632468959078910009208452373555738281507
836429184071391473877784523366669472380445555491905305105761
701951376094180063951632422349064811056673103198866365990571
509414726650465103882367148072805333929309352331902364355081
403901961368757079022791061787756896580866829727529827201241
877618404189372305931544340208773740494608723955576765683
109084026929567514305020328127738804345649992785573500770349
148701775272346515700258371700989448891190792045353549494521
631749760746067787073402446756667548359263482972911083762529
720953913595817324082670715102337473306827732287391538864293
20085259363889954746738267467407641588801759275390364290647
217701576750114574165864039266362857309977970454504644178591
210546848019876562212259131930211958171960209869787298599607
4909416103650299829666956220391188807589823413930646934823
641386715219287210356334173267341594051105565126873136120363
785444243543870824287334628515609450337726460896831782137703
230224521579620036635210318171153234238694353751866420765209
1112675645779851049030395595965382648146111939337508736292489
981304571432108202028457862419762643383223799715934005968447
172971816417019102660430767135397357592376496381865805799129
424161026728341131303575256200743853376576290577973922437809
71721248610965597734876648379353521197577233895659707898203
234033983905088796705337412501355665329121273289503673096779
847190747252373981713487065997482932073703560713916472832757
95013803519548242939073906913901689469902053038448014200827
52036831772842838371023781624710121336527791769631515774517
805259059183591355473101631785179604711036798889502040179677
219712654680903396285783369945456999103352398498500893500531
322621846407286174149000643970876521389965856194410318663
136593865783140698645759826261987500149868075717661826027619
95524964036543932190316305860838856385585651342974690338971
573122028551443863769708449687228030400165713803027886999811
643680409284028064878196356292468621360178163271975665262999
363323520982273992944144846295122524274413164943896089585833
891705003721449247290021278384061133045532155722509561848351
315659035404837140821216526638882234650679991026399299826697
88373785062494546925956214181071012812156503079390958781097
116602909207146982425805198355969825366614945816117240648993
84810145868971169272885556647193096297564810338321423033123
153078859747004692380663117479239078688117727910435715268247
11271863317041031890942723620622560445076323350151007498241
489511380638915264161089004996201497173534693973971260782233
19824922991425593488276239314996222963883906114881367562159
568771479674035141115379011058281389398805039942260069308501
440560867304464401221624105702117303101403672656777177031917
770798253925719443340231604694987083457043808568053295135209
1170602505295634098973613691987720286737974222919556544471221
190106874500166585561798396475732144176835299647374604239511
1065952958735603947791238282094689506412624297971859209768203
146951051523190151898256856835772137160754718297179819003327
827557388349902523283857220326459542498488134106885006697887
213664395775931545049743222058827507226336304865082751908051
61617412353085680459076621059602420412249222582734462312399
1165024081535968786056071662243187181747262439831515968630533
423799619524651770270171173911262200373660305021266567647863
32919008108798677607083662841385204385871067864365834216211
470749459908730268315362092197057518397934479201121850409381
179288849713957906142071295275391674314412996286734328676011
3864563293042715793066825355223475069280440839410368063937
204509188471163069624271613681893407743774797324943624960949
941752424183732933449348682333301070844626806208457178769393
117135894498615757182011440433639885935001482276566074318213
56558813789109497162302309029662655050835293414461692441409
236869003935576822542460900538261381765652813553524529898319
931140140308944097494392846293052057868969133394292578595673
558412677396596715027487184474218674619368098631201146715037
438733600866867580362627428850525698449087105934663972634023
112243268324250096968039438508237976008972649152755230616081
93116255655423289034150469936099827560389153597036405514727
452717465595687102249890686799622955346147700199512659940251
