22230631463
24733

18056878753
13313

55257026639
439

10679725519
51899

59959245509
42589

68704072103
40499

62323056713
50753

23797637029
35423

52337173139
54091

15213436127
51151

22747807343
60761

19822786523
31477

54329044853
50207

48368529089
43661

7280891867
26903

13001124649
40801

43410085891
241

44726246581
28307

62400357337
54881

49128935231
24551

14913778457
10267

61786064407
29303

4500960083
42863

63492589639
57737

22657275833
42323

7586513213
43969

64078798153
37879

15093034241
18439

22304217157
10711

48858453353
58733

66741745669
53777

50124315727
3803

46772090149
5711

43515075133
9341

59750525743
2963

16380217957
32003

52057448741
39313

41772798527
17911

40806347653
48197

67365160963
56131

66254082497
28867

29580587189
37363

18416702153
25867

57827989997
11447

56547376003
47981

58932694417
57709

36067360723
227

55816824851
4751

57617815921
61667

41823525889
34259

35558195513
43721

12121162259
15749

60309500297
47581

59528526007
42841

65555581319
4723

6594891371
30137

28001041417
35911

994497727
41609

63570440429
49277

18183559883
64109

27722783069
36943

9971465351
5779

12345236861
11149

61110996013
26699

66555474031
49523

29520453967
5953

12202938973
44909

9465079487
63799

54484282871
24767

30185423651
14423

65027362333
18269

62140307857
3041

61558629499
28759

64565906513
46307

35930728399
50087

48572437673
23321

47399441753
49307

43603811131
12097

16934323877
32173

14782377539
12541

58798217239
2879

58504424113
51977

2634291691
4793

65853901811
29867

25644807791
31769

64031575277
38183

13213906529
60719

65549611781
56437

31891678561
61253

51053727539
44221

248650657
53861

21901769303
38459

29734952581
27953

31594700363
27901

64351777877
32801

19173432557
10753

57413146543
42703

29992177381
5849

33447849269
55807

41492729879
16879

