246073988192017253966741914060844445007
4329956295011269073491813843394753

129895207236548899744093313710833838027
999496226879581823487897440861191

167365666118302371926904868093422514291
2619887646890804049194488642278787

74142956800072143569900241153480400637
2883821548665513592028464384595969

212030822339662976891979782077029996367
306673018948784875671054294563813

67491575050918976939842479570498375443
3000188762720479399041750966207389

13391351648465445951795490183584017029
4539174265947604047645908708493467

259534433337930451064360983505764721717
3910506740263026188481818049709231

8252221280091898755161899058721355729
137922970920215591625497264362471

130239454041090888443169826623142052771
2790325036994178554326729769225351

187225157998366282063198714288238812027
3514791674291132722371905685254167

236645325781910092375091601210730185053
4859781019074158002950174284792911

216471515582341938528534091442097494057
463167175331860690592553400109443

66003277917114703632606030899864414071
4054742569637632011656067090556123

143110322098445048914531556175677810383
2471912438143611609745866306329267

138186103691202958825085046738448500169
3913260507697301623958336737595089

261387239929334286303472627644584386981
137332396050948694403290318154843

22403414354288289043204340212454903131
1801367610585686707690158251971343

202747209161335380481870589520839665771
4007520588256966089629614091480383

104569926450124038577308148341737587441
1310700075201305395391078218090787

315996888415463958240807421134609712313
5095268024268754973292580299907643

209137982903890204889691329775490991287
3038298984394888459335304014150271

223924407096639606015469082995332124381
3426178852170103575301468979656337

88397529027180335124499580756070527939
2906619695234521179608650814184467

218035394218381566480043422140970311113
242245527254596271136372676666769

123459208367675262477413058819732279083
2915896308153861819656928089788583

105138795427829016819376429597468895567
4814393676337905389620514038305859

209086370421219707597966551334465709239
4502500799449159042306020858721871

230215612969075485767889235788257448709
4689005233691378828428513894244971

31133361306184904476674366219114660353
4323082087586577290322868086824669

328401841902790497966421041132342356399
1608642511118232701455195256184211

56174159327066392549187122591576639079
4821756806941405723346240756458141

110130296460108965724471602372503867307
989832664535437998898348029548149

292691606731280758898821489900933940701
1224954259166884867942420984859797

89986334379048479494313268602288334667
2181673404050728983959376856285093

161041395598826415679304298714903325033
381182781692272899044657829879959

20208919531395022976067177793627995229
4004936312756443583177629641132971

298738929667591036191213620103655194869
293271123063152414297367643441091

28177229867735723065807328777197793473
972306864628425917605984372683619

83653562261362026310475427927003287591
371804376047961255866860991792731

146582358757622432219946078938542422683
2737135565521522472151918685651309

141457810961266142043477641920535323397
4609086221908810778000556187057907

276052910153385992783170040935149712453
3023286105277420179953161867076227

170249902964071722094361124363957543943
622193717109795321706285114624087

192406440746334381909834123361028225183
4755731173031846316627919902844099

93998752428999565026012085953797579729
282219235413183044728198877209883

263653216955294156247091147374227836963
1753386211584096080301025374518203

168034178963507854538921865904908672107
2201555075438353173746024103640721

153299147845246207581104846799986097901
3160201098138782322327463702846907

313727566709699737900226975613748401127
600722355641254326788130654219161

85446798139794987506384058914875865953
3598716636191673137850876765935473

135064794831997744720543058622502380283
920608635971941869253995768890789

324825619458991016423506560458881822193
1521719435377930368923941738187681

103860316064469841879043001400297301011
3650540788676711617726624910209649

329968121803688312373165202352937129271
2328363097151366802017660984133101

109713307905160608863039453909311464179
5001089427077114927290805310827141

334684332286417384936164532551752876033
3954965853513377158481536301199329

94908257367970766255442968417398847983
3822460810601689122878703721753513

267684624924911474937435799542456935461
654288277631829129989071162316873

252080899509517518391059049819324304513
2401468258147329462462307843405099

8719984612170309124892919398924735401
4354017674792580752297744023394407

61331385744687800585256477660383089207
1405300544786350527641518114632869

266945456278313570023304904457340181683
1957633364572579671188393999838179

285540518469685194364889962230505783711
5161414648200882019918310701181693

281531142554381465227987296712267952921
3475707442509419558188714760301971

106936834112993357957176966799981611729
3330098356470468897294044303532301

166215900947937919418397017738028253999
3448832515291482361701491084238137

178225947933046767105432073215892463039
4602518636783220985120331938360133

214943576972894185835996921643696418391
2382012348034916718337094342329051

149763266708824361048004848842091049857
839258516920236877875178873144903

331776930948679105783952143938995782841
4445199719573635479897328610437987

89070990459176192507554113866472981167
4450366570112334114728276715439007

294351378857731925714261268318590714761
3112806099595233876165705971417

157574391733757188299387793531408460477
3279605774395748892140147684786341

73107864047462640035581693374307780423
4941493318389624251968700617592423

40527470260446300078151446069037163543
861296890190977115457164819608759

10617819875240953363623682923948539539
4963721239719392558777295479581631

99674881405097887611392395018969090949
523137270406859876500851895336579

154193997828709013467201123496202726973
3771091447429457784159510294941779

244926217396863894418091955679334351611
4442742505737435883656330163206359

285708818826372778336507140884985871597
4184503897663531431801690624403771

54623376218209047921711335742601350233
934821245138820722616235422158429

329298470454948677146811621471061585473
135595466328254864068145373207383

181072097698273459663807163920099580819
2278365712572258704408825706686717

328035913017423420007226864310164262899
2265534686224500097960431378196643

167545168759177046188544991602628854263
3382615835501380847879807722236467

288124095443565161562734522580587308679
3796608822552660558927756216086089

154321131548049326780355671156944512887
377133920499236808534816165331001

6262459776063635026029996260855122063
541063367726815650305543658172087

217258384873294404280887144193826525171
3291874627081479090933024661308023

252946818948869603557698204344275305353
12199322094454912351167147525433

109546907882150299542619986597426380117
3779876361972654347334172844761451

316444907007140151121288713025959110329
2187327979844192315113151007869933

210125890315767192608470491016818078059
3672107728309912550131953075087983

118313908185630435830924236926893402789
3880705823160098134154280004036967

326791232258826439682261487699184598627
4084927955834911238156914024200209

63212374089105023575303535226894840191
712486582082340097838108551400693

141993464449384137753920999809362606413
3891898799055396208235927824880081

3194212948768194380946237237394348133
1086959655033379642513595597408117

113708863455807872141351067136132077881
2818036730807069257150314167174311

