1735058535640843589399
3986455288500335880337
543548990245328674129
1279520984455856147743
203586647810821606847
1053085930409062622861
304536903292657773869
726458605193425708553
2261514801868743625979
2705911174777354493759
333189172386347270891
2220461812204508533343
144001594907211300817
74729662555240206713
997437062767445169251
231710921602383565907
370251393371748581041
123140100297090307747
3782465097487465414141
134556747491062574693
94104958415017814051
125091369695142866167
182968413007355937079
244540070026452522787
123960598277492122343
2407509906510452700079
2079150969371383164307
413942980598919556189
806661535141810589587
1902120348403585615709
331846760228829845401
3039907867965564951239
557146569556498867123
649304369825413373441
860735573083927717391
1003979957470621713433
2257621612861307580133
1519545982928460475979
893186526156415653299
645150262750782057091
432394341976461667939
455541708424415610449
1148697649069286470733
852201350182128601093
1048522796540312563843
2950399891695732213539
555051535797917822593
1055223685408594840517
217661548733380316599
1231307196903349673489
8471587451301304471
1154158749529413988007
3244920165307712711903
3006746829931450148659
544486050442268066669
1275177960502680608617
94108428401799035353
610900978228484483747
3229354556482849185617
449345471441981577821
1614439413336140622949
649483094834295320119
259340589677365681007
12959465890194045149
230248365605514574127
2341538744415949989107
1105446880304576377871
2534592127293595931273
1716930884226031956221
3307261729859962695127
834831829500207755371
1095652492781948801573
1645020791022388172131
2868100345657203035507
2375811333435581927789
1279060408942554012109
1056212243971227679031
494049146865584803411
2554905420034639254851
216276937773717178591
632046371090467139683
317612936264158875661
41181535176505706033
522637894268361861629
336012459983559411863
2971163253813434812507
1116518583625108360457
1326232286320532573519
329183240951733449
2747484272336558783423
2969743047607596880549
1808125935242584064743
13558924842824018429
1983600795419766926549
254972377289610275731
2124595375113450332507
305956645192846974541
101085713520107767943
354946696552404303859
3504423315785603223641
