364337
151841

573409
419483

595097
101879

454039
447197

499229
656221

518291
1018291

709831
66343

989251
480379

255019
829729

757067
655157

936737
295283

931933
683377

217517
355841

355717
10687

500909
262151

177011
309367

808601
27749

1022729
21269

1026041
654593

684407
676931

785923
492523

214507
242789

701473
927361

41647
418987

155009
383399

526157
128819

370619
858223

445967
804191

559051
604237

800533
18503

232051
19319

1039021
534019

940721
734207

424351
670409

364333
604481

703229
376963

672577
880961

310507
648391

892609
580927

644899
202693

504947
174367

954269
366133

510247
412081

696991
23509

1007959
906013

487381
455431

409933
322969

554383
853807

76781
54851

220307
90617

445103
623291

716459
10103

181981
948907

961511
361447

623107
652621

375223
337453

321091
55997

613153
335107

19237
663557

727759
217271

946717
516319

906211
836707

521749
249797

812473
728191

434717
514379

895507
175303

138071
680783

36979
1000003

816919
683317

669091
441157

317063
585503

347201
252911

250751
140237

913337
622577

88427
835609

957043
207061

475511
981419

546691
802609

211073
113051

1032287
402037

205589
46853

754981
655001

803087
206263

815341
538247

169063
164113

414461
322327

1187
16097

429551
78437

5449
752903

1036073
727541

869551
723269

211949
843823

345937
868267

192961
235069

574003
303617

453029
452041

60659
131611

153113
17099

304169
907507

1005833
924437

