80951047
347257

196854277
206021

249490309
992417

237795557
118033

207925591
66361

79083247
504817

73892941
408041

242207887
826069

156670141
608737

32679869
1032329

7550269
822139

40515119
391739

47564947
20369

186561049
1016597

144411101
145679

64057073
571759

115997633
514757

175099409
998273

56072369
470461

249681407
678383

173105083
422893

165873541
379723

5515319
407299

167912219
601751

72427631
489653

91290037
23767

51048341
351971

227359817
65419

162240427
818353

64051861
38677

134698853
87977

53743471
919231

49184563
376477

192882169
357431

228614467
2351

241203587
771997

68865337
115679

201826439
1040861

179839819
426971

163344679
180569

138282163
383041

64356793
701329

103510973
380951

89837261
158047

210355583
660197

4006529
58393

168305911
283553

10655629
163193

226494491
266983

110493577
762871

975187
158791

220772263
367021

207691973
1027003

116321671
503543

134648971
999169

115580123
568193

109965881
810079

264163619
47339

140373689
241093

67969367
69109

151435939
779081

173519377
806381

181582733
1044629

222860471
511223

152103971
748963

165737881
942653

139493569
664193

238205399
285557

61953949
530753

141248441
495877

54226993
928859

137929679
748199

174131701
280859

29887337
39667

86805967
792041

231348797
800237

172296317
172973

16307059
238037

9309991
366221

40727909
1048189

155489879
593951

77009971
748639

258833933
305441

114272261
577363

146782907
603847

60576673
761807

267968537
863299

48839039
375253

109228253
771503

244711717
982103

208814707
30637

74585933
159563

186571309
276359

52892093
129209

56328059
332873

163971659
86711

111111571
209563

142137293
891577

78518789
197117

193556567
45751

