155013718178504497313546016181038533830503040888131035589328046104817837
24993140808003615250732657036760888525165455612673134218490703940116489
110669991628802203521623354545529037143782248847279881672720299018296111
588987210402247076542789193478510953801499784322779215342413763546538807
259352698464754284592637348012788908375212096705201243687813619122784449
1068958312487784080010559934893978986014256508977657507149366305062482839
253268943876231352097675614332428421068916455156981490558755762666383001
225542181428838681777814698510117856767028515575833572175653656883487457
149460719457250928601864661722926784952838202647797731270553490349679141
635073781585960938394701949763648202656386425367186760376150984217942439
671815550710620085780780518178589183530551079172280231336528123141357901
647690721364288158677142178301486480691158033482069478603095903637602859
618213643726689354704340210389155790183083449443334732244879245193731439
608479654568084073098653568922552766554877952793892219781244635803508149
1181859141065061473193652891252130395299598642212678600170617395180627469
456079303554812588349364311354158232176266664145094306561652961996987677
469596786760647088692397899867641703552596228727869106977242844519864077
15582922806547764525998701893819117756949375995249028470606933139218041
1295480908550718102674049995536647929016133538847884415148402423392141283
557464560262065255228600227067342324532306479838459791827646316046814713
466332511637723670923560280891795065297234175668495023455964707013057557
648632531917452956264133737456783394223528918075902127367904352813853737
447947462716220331593334989538237025916207681744048747184584845797657863
736917096579091091958154618018822330188247502591057678932512462337268593
100245428027022056627222671778432448554936155014555824130482266864496579
1068258011933156706531839133129983969650498955491889622248396396485646833
504865640186999550474501879146345602919744460146450455850123860923050633
182396280686611481045123539141690793644688409572909025546715722170145203
22425126203381992375827604775636197559011944251888695782788874480813481
318963566882928966945969951428145068315592608154020705506276766337438053
338238462180448766475641154067035704536906883766037349171463042889807951
101358728907316358664221587147238366062078203657815315837095771502033899
128044933156161260161414447215907449998830074673279022326438692763250387
813704411331896998276540925527877409694236228309965681370820741750203151
376061091990167670667802925613989370626388317612141750420957373374917543
34009800948116486528401414060533951034665113544135933357185104270787251
734219439581621421130628841158057216951832255857624351101083160953237823
491736975061429324790360579322440852185283608702124176148617977834268067
235727488450413763814750410414918616727457007600804599970037126331102631
643083822574099466569130175040182962507868516973152006939863967739475579
17479839327998877027031457228456382849374492029781841289869886983649321
7793824775025889145919442959551535464240656640666379361215968114543023
1060465442801631673412514330874147177996999831579622302377147463563677857
1425426596355552576880586128105027922857984820482305571803861608748714899
61916576639853332504212859573991375304731842711013312743148905621131621
216050765611159510021479632524156450753759130348638028113090261107361211
38583334243899661511958231870335277886259680780274013812721734279147023
562964193794112382542585829732312285442820823223497394892846410816777821
1009249113689965866543909898374562835235231662865560290482868412510419483
76978244994044172627045528014499162240405570369185044793755413267865657
1664667733462265383877991238298309130307621090380331660281003815677375291
15092110434636158455471747859004097014729316896416255553892233992421379
24650668155704211437264543994907558172645747722492663622149432181759063
121564320981600691648806722487259099093489324052725544400258082880430073
236541697986196811450605205151678915965316217810021309870779559316023537
465915608155826491742042168765885000712711747730530548218989718427049229
1433549929210826447844926372593364353121649554009499235250048862149924761
1466192413568541842525790701348964030736501768821941515419098814544701283
104027436380652158902569833358591011775799842673180619655643851694642273
984797811539869164540726852562585789243059653096764133853313249391288447
120293239747277305013041610149119763029949096208517067509174994682667121
64291549610083843983008905707629621584551989002745286997676168082518551
38992053471933593298602966580349730428838842008147775383633431267615791
431241046721800487548497856100978348606864398385537389076783789415904289
128098732112615738632258928834499558730535807345547214479739131588608369
950250069120743928246669056103694089080505138632125485391782897117202657
208925165340446495287988460383739235063678355354146411776503377296725461
417751557382811069060056288182298158951498069880649105819586535011919879
742769734992813924801002578249656097315112793469716569292904711531635703
170103006414044627919730320365691578068742000146405729620582798312432077
13596473391912127754859898304809020007558942649989012514127482338461653
52871185743733917672450919143685217171961487652739805102861814241301079
400587844575203140589170887422279968945359800204828214557578135864585289
1243576962647949542780394414401206038671806074712919529770985630881636981
149749321931098619821389529756290587580939400872520817856685604072247583
219305156676962825135828573644800863786991898495989616400047608007466561
584948363744686141114360862217992946066280280494854401028351366895460699
1194478472211208045872670698084903875752326631658883535068151310502527221
855027912376099477904031322459324531297815136036416319456070380447987601
758396497677816327257767497258660886452129074246081055662402666191724707
801108999534556858500273166672051217747163667896639924758277476761679143
375300968233157050130942584230881255109575642276907436352347287209091677
881665213138686884705498180617209267565464485191297110369485958296925403
122471976285997961873991280621244103687907185727750241891854523647980407
856429714579907194000004990122504466599986556344255592658557111174164847
1109476928406233844956960745270736958470514098942825558919069651256162997
573240252475079414959325872507233104141746018048571606811041685449910011
910656215130577761851560974799730411509287003905832172380767052846772937
634122501015610192405169541603203721315099101558198492104745709272562073
684795982556493112277503285638689254878272554509215896994070103587058879
209070082707902105444664784598673643542868808648495927389835982942769649
821747376259568085709673996878859844343583675887273511521018031064313667
888875434567138828647099393583617700289848345329426062099406302409141451
997759814072639837826893401500963597985676545428933141507183972276864481
787404837462856356660395111364459505829909201227240501512561742418328919
269225692142061651655842021100357508611162652914899981965240762750662859
638169312916272723844671909735291910820153287794389995339139959832058409
1127788827013631226830072487000058608066068693903626571385617194920112313
45407475109527561476919509526735926995766057771023252930578121410500371
297391603883930166145059777375303624122579752815794084175974307776592763
