182264690152757
12968821

147324300882013
3824671

243259448290279
7851827

261445507043213
14405581

103214497496027
5015321

93786556943687
13665857

177334146531401
11081089

171180447963461
12909887

176933732303611
5589581

269980161770063
5644157

259723027150933
11677879

55511322779753
1535311

204208405276529
5619169

128718640398277
6729847

172979565913351
3496973

124984170620879
5920829

92732803291367
12266699

158320305132349
2224171

1546891190213
2329597

26039176241831
7478269

18117130157837
8385497

99176148360599
5742749

100664072560559
3735587

228288810223927
13097771

83473976614493
8818259

169464087517007
391631

29052592569523
3977819

66322828865737
4241833

201224779985063
3383819

104359660006627
11093237

212355858237031
16428289

172726003625237
4984351

213315915749323
6367909

185804540370961
7874261

156584944075949
10517447

262646833489109
4868609

145558250937059
13015109

235091427312289
12870421

219429993832109
15158993

106890276871087
10570211

117349212770173
7047431

248427278504387
16242773

121521769237753
13419467

86676394238261
12553733

125947548248999
14731609

273677003789149
12829889

260182923968087
11471029

185612859396281
10685033

69369365657987
6488201

274372556223419
3705467

255864808449529
14149159

12773796309839
10699229

8870280372773
16768267

201244369362017
15468169

41205964543577
15890437

57231450015841
14479589

150394888731277
5329171

215495108196197
10638751

19312042234151
1059847

34006952351921
519521

737560817339
10688219

276910457905957
12652807

5659979283169
11818643

231594942549809
10658789

203749834375907
15456907

601003148143
6460897

13368886447333
5846293

144127827036101
10436383

175596755239729
6860813

155723714171351
170141

84357588826391
4929343

217050795798911
4480243

276062839554023
8829841

120326304425227
11757443

11692571736889
15151663

253463694544213
914873

174992460065803
845279

200649137056279
6771487

122698463064427
3365171

226414562663869
7150103

274909233051259
2958173

222144364096129
8139337

273152229056381
3364897

97794729133583
2370947

97146239109383
8625121

65217439377733
4133209

67852063490521
13243591

195369954800831
12426607

148007489041249
5601881

235481533573259
871553

18726674696221
7421851

43878978911149
5733703

151622583933553
5086681

36802227272411
9096667

164479081035041
9413101

251477967272563
1653317

44296085882651
11957219

39471681855491
3656867

70826741411549
2315141

231832013219239
14100539

