3472980642493243166916911482389899
301832977302240652149820676885909
371828372881875604445320487376079
1791754247309481780032092800795917
347237811237388668960661360610209
2001345861799514543919720629489279
3074739628958464400458026139534331
1418696499241260071779012209865409
1653735872303443948777900932795767
96915185083073728099785195662203
4624496198359704767831396313371473
254859771595410142922288378092043
1815456329368690208461177931439707
238642530134696428811404747334099
2565167095761055450549281028414019
368523114109203258663078427611611
1503085653283341265797915568810489
487933243672375608209920271477593
595658403907517542679040751513913
1250465560447561004694190858984069
3186014072961756894089910669646111
2074103427232398028202786901499643
173737718540545043646240710119087
614277668024788845534550538685683
430928496190141376829774569654591
1140315184827063293193189744464431
3185082364901900932404302939542603
127809084258302830853035107044747
1109048121737278529514449012756981
2071563187122210167770770242098439
197559540332306500595730069028297
295412012014261394656539226878841
534273370590700946362396900214677
69652517446418528879514438298241
1250313968703552290573602041983069
1142188806542360759187300164528623
59553425948631718790657062540661
49929634497020723064571929532579
793806483474148753341236249898121
1701499678410265874212615232640563
81788132105811514611349406447401
323291219626319569531943223485219
125900895577357464703442646203033
42444413500003181703575606659181
1852948826889938711643332135957261
1221276069159344978045009411668081
5093462858151038836960094612041
82230218051183756861033228981459
532864742682075589502721079602283
112532469262203863612550068015369
40892885329338014534455541115521
123845229619672551725865226828307
266214849443709664690054118844529
721653710088081606876421946489471
558851334833480318444015515818131
1497111780624953951080748904867989
480192268894927865874247663270717
161104782751166061548956334350703
981967418824599757713495196872773
583805440393696055338667032467899
1087684790006979183896747574515117
168693272014011431517969290329147
3451016060348487800478857215954327
1478301269250823680554593242595553
2851351213113360780929583065220493
440954964086855527569289379252519
391279664449583082976636916675611
2306937905584315288502716151229517
1557976446027301958206380724506109
301265476482404326687981103907251
624101964119898803700850459280639
3824470421718249474247662950684569
204481453714310606107833463990913
1189409625515082230343331981843259
394333513871447957217789939541709
2311973815166296686963503982543623
205536621062708068458048635823013
1394654607690126426286393823165179
185980537048795469720610851093039
1937489212609872455069707246668547
243475842694661378540447862804727
1838961598166357139457479855855193
688683335557125487542936817668269
19821403943104340755365442160359
4613789347885058112643527072341453
252291113487680987808120031384981
1277157193035619697771812615472201
787732495962304670656241101170983
569160919094199086533711919581267
1236442889719079334885435971703683
1794046084375368564285146344172327
1417227980242174789674396148362223
963504793293982719034064754526999
2988328560459284075640849097994441
1271740475542724175905256407553737
168213056464063672186457390124403
1396463975007165930363956863848517
533654781661623184131775399534903
552079713355181443643564214377147
137973888812604116327198520291769
