399395653
2114098271
1032088153
21558751
1674739961
138550381
781523891
366720061
32124926
411963619
136089019
174313253
485205307
167489957
1549909987
535121761
439839149
72365321
61108819
3207022631
837453959
1603089689
3022969399
213503833
359755813
68579099
898568381
2257176937
1153131659
418574857
415645129
737346179
768948127
972107947
263302691
94935947
1781117971
361381151
3673283681
1663029943
80893789
218064563
154281139
28127153
652247819
188604503
450443011
113366429
413465413
1694070121
602110321
208423133
21954559
476704399
693774661
246634931
1400202619
1461232393
1560303281
1983515591
286111967
1830722653
30709223
2122374827
101294249
2452282381
1857446069
1593427009
1385074253
1889579119
1558016419
2287026353
416385397
898912493
3266993423
471731971
718841771
1535317123
25628829
461906509
1539856777
370539041
140768687
47454657
680777507
48368109
70758217
962346953
480669083
689901221
456460159
655825207
1029649459
2678778139
49759537
515199431
1377176329
879811547
130079123
823248203
