317290751475576996381423433925298227441
17707

15000277259650409747916677098967689477
43117

193318679345691870387116560246577999183
37907

43054878351927636025114026118921634461
49307

37408167713224613269809969219617263727
44381

3689180667435209227542017302898111173
50423

181241791633559013383182235918159080477
41729

102539592841414723723374717427260763433
16139

146739157771352748655828375130339015497
20129

204252123623604658161412120124670279217
29917

196716948241443848092181600623445999671
6473

66225346891245592787666433886289889539
24977

256687945854163209953387457592570221361
29671

92446978896987751651316283082315196623
51719

145633501878568004915329666293833322829
6761

310015584483975511960318784138801541481
55331

105713921905056940758531811589661895669
36467

144316321596790723510176395123589735131
49429

97708094451278317648634247446779961201
5903

83813286905045586768766563698017374877
36293

23618611994452657755779307493348388771
7691

152304290856348967125424530456739251181
51853

156203477640717967739670374617678680203
46679

37962089317186999973191638729792289957
34369

313166220208577508962667383555263363649
20173

319695614282849261324922669865145988611
51257

26588430572289672752541286797055606399
11587

137933781648656026524837913675954739407
45013

293524578040055759441172679901927395397
33791

91322099951528573220677357601891553003
37357

330959694655901987392474434454426325483
11939

176779471373984676833761985808982354141
16661

223380582255276775073952553508137743347
57383

117318588779899791188298324955570148909
20357

12490532166956305988954398510516693669
53231

147021330444014547148985420835009076981
1499

166855357538250993986036753704417808299
26731

227718055004557395928681442476601096669
23021

279285388982058990315426090353425657159
20507

41455487947091053164107104319779909759
8963

203814650531396225998269666182449191491
30851

67966670152822608342780010436743632781
35227

199094777354212666140094814492528823089
54601

295646665506805032512080887391429853743
56467

47590640686500123021656040423417236843
24001

81525021004169174348702006095580346919
2719

82446705467494137861915878574311626207
59557

177875150029794103669992418642827129833
401

243279249571027092380126675210082813059
44839

225561817990338611733899182478886689503
26641

125555808785440133278500479148728314967
25703

330707719626548443035652929000038695207
14653

258329208895883692450441192129761152849
35797

84469042570340844388467793264123753163
23623

37535574503794503266925729030370635577
30097

85691047753668298653476038156516697087
18461

159115398214599175561594392397590276607
4513

16703971130905593111905103406607974913
42257

262130857096770349371297245971234203337
39847

260736956216279602580723870823404659199
41201

320084633008407309757472811097539468173
49391

151749515013718936711358943234223384741
61673

161612325319470766967751483681277039099
48017

323159980919502855787516945438936212289
65213

272935467338300855409185181030190204891
59581

183748252482546476730714898874625045101
33997

103526957539729174114477343899426704187
151

260168751820420758574760337866612768611
28477

91442941757215917735799990320194176537
52027

321182596005986524963939910928023442043
8387

193399842876845429810914083172720947641
1873

113369213373304353884317418893882558999
2633

4955711767426109653925704781328031453
29671

1450486601088463467167571466983684769
3769

122906613013497498777460284809185338901
64793

143354273607281614552923903665021776403
49253

266822416241729466565340853548358522763
13291

138360956219526500627332515711493017079
52747

280237940221941400922872377464795289479
24611

277986516636145155134022759814963395899
34483

215687117000933584747549195061331647057
64613

48319659911792953867744819869520397641
47513

66336164506534327892396324396101320227
61781

172242533120676955490467852862295513689
59581

258194245377142689060285676647077658763
52067

309759402012953980220747381168465961473
13313

305783779199504597525176652180452811767
36559

317987011263907126128609300842320938707
11789

97780877496843686947884864328780975333
22133

300198252155563619327380482891382506217
19381

178410131789959860033880397379101401181
37501

47222290299812308302034672709315618141
18539

103760676877129622754688921187947839071
46919

18128932884323568825526265596886693617
22769

325844523035589026331979702990708764247
27539

300153603204107139334511155530087629911
12821

73366604003508228169435969632159737681
28229

47452571626480104561018984535048619333
32779

199194687871668458797430468243263148639
2477

106783859236869191052396063336069857461
4051

