485671
2

193163
109

448387
3

783779
127

413521
37

779699
251

243589
29

585023
61

112207
211

29669
107

851881
157

338207
179

671911
181

844601
227

341339
11

870367
127

467021
173

345089
239

445001
71

187049
151

749069
157

53693
67

89867
229

70717
137

973801
67

260003
197

873617
113

293893
179

560293
17

547999
103

936521
181

494051
241

994879
83

648293
251

182179
137

49069
53

527701
29

98801
13

834671
223

811241
2

552053
197

426541
251

40897
47

254833
229

1003111
127

362741
71

868459
197

50341
173

245851
89

881539
53

194749
29

927439
17

596369
223

676129
101

950699
251

877573
241

979747
109

612193
73

96587
19

332569
229

640669
173

743059
43

147211
13

587863
37

990797
211

813583
109

113731
37

407579
223

130783
19

930011
163

741683
5

28751
181

431617
241

70117
191

377887
23

552283
131

915533
43

129061
11

153457
59

164587
2

980249
73

554447
43

66973
179

429361
41

530773
103

431513
19

550789
97

606587
71

825527
149

573031
139

436061
101

1036619
103

788819
97

939623
11

458879
193

479287
43

957109
43

297683
191

960121
127

455701
101

