28649
1663

57709
4093

63361
1523

50753
2741

60343
1289

57221
349

63617
1499

40361
2633

41357
1559

11399
3803

35831
983

47809
3271

719
97

27127
839

33961
1913

17957
2377

51001
521

60161
3769

53819
2017

13877
1999

36469
4021

1181
821

34739
3631

52999
1181

10151
641

63997
1597

48883
2683

6451
2213

32099
3709

38747
2447

57073
2129

62053
1031

64567
269

33809
1553

9227
2239

12973
1039

51239
2381

30269
3583

11261
2801

26417
3541

9137
179

23773
283

12763
2003

11083
101

12713
4001

51517
1231

40853
2551

9257
2069

46237
2393

32429
2389

5711
2531

11717
1609

7699
2617

15187
1901

21911
1381

571
1279

63949
193

36353
1783

38153
73

29137
79

40813
743

20959
907

47137
1811

43019
2143

49109
2957

28559
3847

1093
1789

36607
1301

22639
1747

57241
281

59083
2347

5039
2441

43661
1987

45887
3877

53407
1013

58027
2371

20857
3499

787
2411

60217
463

34361
173

52631
463

31247
2087

36343
1861

60331
419

34123
337

10939
577

50069
173

31219
2243

19213
829

53857
1301

18691
2243

16363
1559

14173
877

38371
1237

19207
1811

60161
641

16069
349

38303
3187

13043
383

39047
373

