226905541875647721312098069
63823

37934893532546329782761717
14627

37596526574055772695479047
18541

249443974085995756367603113
14083

130515066084522182435944153
22229

255048714484377674183651149
10529

176105218843183448657106791
28649

260837949312246261763237357
30911

121586715227486373403610723
35491

14303081680137447754568677
15913

138063659786785943289813529
48817

175888740871223078228772131
64663

236562237263503872288522557
17231

297317279402334383590919369
32323

266213824025930029708638271
43063

18367733886383508429933617
20389

129440698323436547150981459
31063

80429871911075981913136417
17863

129513113198210441437756787
65129

12616452195805543301407601
10627

168939798547149438655924321
27179

4943205214317963330737101
51613

123672361548565213684311577
41759

211868351804268021322417387
14149

19454935993473050471627819
5501

3873544644065186557856171
211

103218284986609956601351489
24203

262292411197786405619465791
39419

41225159636371162894278983
15527

21524686701590437169387123
31039

297070448596788764473406437
44633

539569184660766516561713
461

35036406905395090644791971
54133

111591527263966893441613969
49669

197882782950482054531162857
26839

242482778721750981954735557
54869

69789472096503348633883627
641

25151739771404501548365257
46103

207845618388986294538727001
47123

277886105153728095161982023
57047

70796408334816664071160801
12583

137566031616794595059706749
64271

81126473222019621524546581
45557

305040066625612165738834187
9497

61819210127756134547009279
37879

25878643470013342345337863
9173

202568403854967620584229257
15299

75833655892567511315029571
13099

75337149750898608807961319
46219

80257365959421477664102093
22273

95450827799450959837455479
10859

290499875296049434363169561
47057

96901715508147009273848123
449

117083664916650606673803179
31319

77749561599248833546301347
16703

20099406068556016669951969
56197

69889171677908148452733569
18119

232905016410391382213062813
18719

29947444391470785156523159
14419

292012770669456740317503029
15739

275362954449574810870699423
15527

25076825509167758611409849
6257

64406588000172459427209157
6089

214465460292406597032048581
10903

234925318070139821674794029
55889

32587649885709251842931263
43651

9256495933462114518102613
25117

70470728899210477770059453
21163

220205524729304258965547899
65287

174274144953449107038038683
36011

195055641435838310774708693
21751

291463589038099441576610069
11941

295439201257232073685263673
35507

126759492868458852187758443
5417

260367530227651795988300207
23603

97724816423855548803695629
5233

44073039744281819975235023
38749

272478394144187079935680567
27793

4694490896528484201684503
50231

281154882341256597567857813
27077

207571474597702035184260289
13309

56258743946412673950858289
53617

270800038888899863414098619
62827

13828340385013873938153001
37951

260867634793518927855911287
11783

1287305372088169789702861
41149

131428228114421824526445023
11827

208106430795601976322120187
13567

292226714692079683494476131
52313

150076385683075034754576659
43987

195709654403657944323241973
34361

88206655023055763981408051
45247

224611652901534517535412667
50069

257798548442283608426028281
10223

191613480814938027502570061
37643

209679426155659130916595853
20773

133640171880293065092506041
53899

305271965086886546122762777
5557

46752222170659962769635133
38281

84066677291403354477876281
22159

