6382154622987565791174912319
3413682906148805558446258117
56140440241782281931004328663
62034539610221661378700259779
807570011708600245056581963
22646108111346668512994609077
41292162810234910120545101267
26683400971614492835488838501
10631853266241455045427915847
5566830523848026123632733279
5135634455674898828311483261
16765484306029289072655544361
6379229171777033970918202741
9133872784872786857997575843
9170711249388911002835421007
17731829528857740204265057289
8463517023717667336020730499
29655510826062008570669053141
5904587685785969904812598073
7852005769039477877063145523
61573052708299977850877924473
32264572985098553743775716867
6129973746411755217067645939
27839795115935615252630371277
9524876598784413947377625021
148256596922783392018963129
5420971491378826676105250967
21103178535848284816679795047
2700009870454550841460223413
46550701886989257069984323437
34431935118412558019368707721
48830182790286493494412739189
17470195377101783928815491103
59971903637165843174505271771
17407700148085995342431619851
13317678754610662284235357237
4185730562258403148980782069
61548590598299847171306831113
34912989044345406158969390581
11913845732259531641989449403
1871059190360965086697837613
8098147956977270097377728423
3658271190261333717046549109
33143346459186425945283079901
34514583962686287509907627457
2675581777046436723256981723
33742704650451880663591762601
2010176725769557645480004063
38656201267712303028586009769
1572993940828918315946132051
60897512855302144713726448459
7557962224802750925323101897
36422356564017360633312134269
556429636785568655684718259
2602107365863900175988859291
11354500963035107085407649091
17484403231826170985729099501
17229845700769049006466471737
12243085529468803284782522503
835422958912849532195135213
37858833522680568356585063509
5411630232976409748287498141
4203246618175570454466837767
13717758578532519654467288557
33449258993245623673017811249
17339130700587631278814220093
27910930661077670030227549631
2905010938458003244475487967
2442119377637596151775907157
6334382214036071422776790583
25476690616275144879380246459
22153975141491737557240915453
21605165219827177374375217279
140786442558566848444809371
6647653328838857176654326301
59922701833501402721291660791
6603407331841515876053996053
10753769291922217992611744147
11323331275995970569109808903
53106966091820758808507408699
29111485413160866948104492839
18347753950416714685885742437
2377743056130022190971360039
17590917742129435948817300899
37536061878529804796674721291
15324281925906654912382417387
59701010764072212890062850771
43364834332767289398915745729
2703921308581265079442008799
47298337615204615481767073063
15511959246653194415384287859
27882537878821268464471007849
2457443675549359397432131361
1545743758570570666907041511
27376600020168072553906600397
4772043951955757172206613173
54025062598498248745337933
45172942595877108073360850393
23935116924510578386954394743
49268527369977328903964263303
