3400256203155421993227059242808381
993554892739923413879039667520789
640942504670743842538182392055727
642904821850046549089900169697809
4559705084752832083351229221690627
3235136400826083721006956381855017
1290759175081843703761415653835801
102085146254875107779471846977519
4123009347725580567524857354479373
103473153223544538880737045630973
1675562265729660319673059400857537
1162270177829030050782588903539063
1991261767135535112197968505808887
1388635982555937602897842063042769
1510257776332605969603834648655169
3945176868967181959289653508006009
3873371157437244585355646360133037
240429734891532374750625379730429
2356718127820557929010080836765711
726697996068755887108583860399373
1487726205913310076527634126700021
536013270463440448118964577541503
2772564329809961618036331479206573
2904990362532991085051935802367961
43973894294816322308928183864397
1475950565022027988922025983875961
1146496889705670541946057453799863
310729003447520338606464963187111
51315920116019421271449753265571
1645573614290912545018045198735741
181111442021838953749847826786629
239046271209090745436269426329779
531436848656427736838792311919053
1475162446159557690115886576935849
1236622035002508062451867135833621
24637150962344850860482410576923
842364844465466192305458128937379
332424800023830631194507850722557
2795714835882154239670168833642629
1398217100805411349930771531567337
51029536492561680330147414390827
1115574106531578544023758797946171
1154000091676382360538526706748971
700282719954472310276326952858597
771260739513322939828278426039311
262927648799405734948857741264739
2969910445161903342267731451310571
1609759777976335045737888722874271
466272816008774001422570037429427
509420937059767916656698136035521
277819649549238716676341125901821
683387209881690933722650886633113
2879321814639508567698939253646581
534437369167985793218838590146669
1447366577223315196207857775845539
263432053094510995780297555233599
42257630085587693110337251818949
1038250200526282536690923684873
1427797226516580282891149701483661
2613145146498935106662952169164961
89016128267869421116685901064123
4004986148304972440408241702737677
38897180127840347372321181077593
3126369967617100906159256337801289
3810463822699880252299501766194973
3324264258849207404508994984664137
262687457732573782103047470403717
820268208948116529549880196093641
994486122057191133437305299453983
1691480022791312988384381812989879
171695473806710919231781674959399
1414764841546183954978672304111191
3197485767541165063456779249586793
306247687026047503685785768902457
2950845932541067944900974373484417
736059446867207356647984039776371
3213272191950589446593422915666441
1513767342611664105100884053853607
1527449194317016651256278129746119
4983618806564122462079679903422933
323986227502452075217972125186983
295751660052620420212905554393891
1171956149836434264168779300877163
861083783210200795086933634046183
715590514579337020165734455586137
123272040959107921522357788550817
1214688441755892871152082881027203
440697364272822038121310541508949
81102712309442860369824645681221
774279489688690989798694131067079
3505046505273911547790632027748007
410774889629592196534248959057323
149958592828248454347485731725449
2985581518400479113242446837642843
1231143778787611669446404698288121
4092831404450792107376919527705933
2864515336616428472564462361437689
257688867131799193983799720601063
1143828924628800859626555697716127
311587058893256347546790115310799
