9349
24877

109147
59629

789137
43403

522281
1087

495829
61151

407783
7459

859799
26627

888989
45953

588683
53653

165397
53161

489179
59369

79843
23333

389029
64373

994579
16649

619981
19

684581
29131

322757
29819

617077
7213

156749
1889

26153
63607

1012433
10859

826723
16057

46183
6203

509581
32831

976471
19433

427001
5381

485941
30139

901471
45317

634541
47797

55021
60821

720373
56437

249037
3167

614687
2089

89809
19949

135367
9413

995081
62017

1012201
25621

460417
2687

669379
33359

84223
6421

730553
4219

641131
31799

1033079
5051

1026661
22621

860077
44087

130631
3413

372667
40849

84787
21283

125141
20297

530837
40213

139169
14387

37967
31151

732761
44651

33851
15679

346699
62003

347141
15881

784387
11131

867773
24407

550469
15091

553561
13487

676937
10867

956177
4397

66853
24103

538721
2897

355457
2953

813907
18757

60773
44809

102079
63127

950927
229

346559
30313

727189
52747

381439
4157

539351
62501

920039
54767

49823
53813

535499
823

803849
56929

362339
11789

639157
14771

1035547
53231

76079
5081

172561
38431

176503
49069

206543
5189

821861
15937

304063
59663

977107
16811

702127
55871

649007
38197

890119
62981

51769
1249

214663
10289

464801
28859

233267
61961

115399
43063

529049
12251

227629
49613

634649
35111

814447
57329

175129
13367

