281288578858011622298351209051260023
348993078917458606054153760958975251
54272546421197845154603501229748913
436486141623450567534733731153234529
1510277800959738090933021621265603
154886869005058600115831953713031453
1135484655557512602930242284523488013
796548798968435403726725437343147029
332730308801125706914184378048103499
424209538940017605361541804183713909
453651131392668937816094313549057967
392751660643618871256227161146152633
3929099677274622113125913950907323
9397787581867499550386435651434639
13655607754520751544475142435912931
153314998486575712265367716816074883
74473728338380237508546856547851599
3466858829571670391197896953509279
393144456090206600394865755969837293
1096539772936053848770783794837793007
545851182844361871396814401003177451
50120962258594183917198248318826491
453910277261232851458306208580142553
400480873718355895419370146629321011
36352271388321518936239088727283687
195188622137675034201933113676183509
66594475321715427220235190538590677
36247683023515007903445154446482983
932534109259275883009925929119557053
70143008875446109565206763981503571
716331585685707096749451954463536599
11652035901165724404469542025047497
205673499298531815699419250005573909
485508091892988402794803840732270801
369261976621530788454796863962509969
46181850282214064815291816806500047
14887036065400030970402623396303781
32067180356953439124887753463177089
193484139116061258169884348082336999
49965386488204922895883992411445657
102770690717869737726120199865932943
17687100314949812720892425114956501
10088011371695107786717579764419737
700777798219720594110719509550776163
827447719001109287163823857983537207
916832319632736124427682318272839781
5241128963790702249326020815053779
989011211615739513108070218318139741
554860509608295176834411713569072863
121048865720267531382717853315573663
20199788007202732926164461621279607
91826104099312957773744520922998619
448715567074280376675538305766980557
113760121890462957957727227969107821
265658669741584105838275616709666217
1151898624915811537652209146866426153
193220874499871113854071380949521159
149624665544444327833700157662481247
188675639026471082454972627195044201
115627548116666331075416979643083527
476798472200900887691876682207002039
148954195962912826879881259055929907
139567878602271402708119329954182007
56073729238531459229963304859912217
368350893919489967873682545276712979
242011476602613336010805929465584907
442755745111358810102855934506956273
416457675204078585552572155774810343
47949846431283498074954658814074473
135988508224875009231411844968182089
105700283518657295317648977185747171
23530226229854654000392222630182811
311242202110265382298020279903296179
59310048141237596721540451458012487
293328002284814092782692708053603183
208169195363436338092447813422809813
18580467254385477884419382104121749
540392126146177757978566232801536327
38290549337470384405831122038727073
82304279040117036726506181596386957
363260528841273581461924048552957153
137315813440093288246982548810826371
395245278555642473322122779754883467
352371878475268406970680171439863387
159850221752446773596164333016665111
251974715176760146327739556906432979
14390631418755252990833817325176701
46078420033432992762338284205394299
1032657170400436892911843426612397581
13423192565872063590054741929538029
35629113084033293301480751734378487
218993352731307464972318692523741147
8883515568680689902688429808575697
193898632960621402873257871076912017
4359161271214652084331119187771313
427513267946591258857332258322017923
1786103004387062408886107329558093
29575817117886431370631438478191823
51785139160793733253653977994644303
113585921945559363704214563805085349
