14708503186763
36017

5736413189279
789977

11576369441519
694879

8745860530333
169709

15628857240883
1008323

3424532895529
103069

9791657438533
320303

16884085454261
448169

12021319029263
594523

9144995415403
969907

12615822045997
730789

14639755200503
101693

4738879915481
715849

16648481263657
569851

12081947769851
395383

1677700372921
91243

10223603031277
953081

3262878331673
231533

5522468963699
289469

7840506115297
469153

14016416919653
624391

16584042527803
307733

6189846887149
114641

9108816040487
69877

1595860444291
828797

16980980537879
368083

9377403240397
768641

3393015292609
994073

12116970475711
426917

1498183745027
691463

17075981837809
750413

7945201613761
867677

3132024231169
647201

15039335654227
946003

11002565487203
742069

7511688375437
611033

13124930548297
945811

7416308181349
873497

15144925460801
887681

6865233395347
109943

9660415416937
879607

4866211574453
785353

5583700877057
834503

13823740895599
231893

3512074456403
557281

196803628543
728743

6290907845419
171233

17084682216743
462337

12126463427677
949987

12079337862539
135431

12185361410471
805559

382752548509
838993

4299765271063
597689

7138334855033
682009

11873618288429
449131

17408263966109
223207

8144698259909
932839

7957090720939
349379

8352107821517
323009

5495124090667
200867

17499918581659
53899

7189685569169
453553

9747898362511
135781

1786000886861
170641

3282416202547
14737

3921471746771
980587

16898221693231
514229

14064379014403
203869

11228550793351
437011

14852858916509
636061

11640220059191
640411

17585212710913
736279

4645984045789
427327

8137533451109
344483

11467338781489
915769

11258645928239
513511

1222840880917
504011

10463533361663
9967

3701503309351
978871

13524565663199
1033679

3147594901903
684617

8173355592797
707071

3208522502327
362053

7311102819899
15773

1167405044777
69653

187804719563
845657

2749246106917
669677

227794367777
433679

2496456696823
847901

2875995138083
420809

803442436679
19427

7870726594189
613471

11304053473807
489479

7681271710241
52727

6504445336937
540613

8502161111033
112153

160508399531
484999

9453538425209
281783

8524117419773
171263

8909673119219
81173

