180764521228197802949463778402767847313
299223130925092518847976751393358991

338377236159226899375321476233184635069
419073258891726458371871050225101257

53992885904291781548789699348003639803
655561894430962936730527568710779349

238735268413642916103689028891751072519
1051766583086769008891430761255019941

168908615027498444423354133979697988353
1173808943787688774177643704696790647

179338961929514032152519266094467479403
209266876540976353678257729425378593

309235800009583121308723007358695386853
660501887077013731956961299449505767

158727598625692271162629305530397342523
207871218184918731856129151009809583

62552659234201079129635110329053344353
1003663779017465053804588229964979607

3294400466202185512940090455449722003
81763788042405695776740425852993911

214761439817994071071109818505042335051
1114790379003323697240896674097929883

232623858057437764156525948737772431239
300965696070599738782446661421078923

185111535328007115803228285395923360523
1215688305154138596317407874485857383

179915601156440133986787817198433934181
516258188542436452810205554155458429

222495127764273859544101071008930819279
628521886431909362332243320504376531

320759295543072142856677185161629885153
1106372136485683465267513607770644161

213946838927382037969813599853478449061
341123484309242148286115610605957323

95380406679444136810158068651495850593
157865151244253982562571288508680369

156578904724117890621944258504475717817
1191909410428812306129539246590400399

324374967900029888439908754003567267517
713049412658156886418688001259172563

13354735676721921360632309389670129639
875727455191366390294793685079707781

76803818073079097615558452092765254317
428018318160467281732829303102761097

261236219388584809308197156957509427651
697844448800226697121962290568652437

182144560857315915499209010762091451073
137049629286769862016773994710595743

280074066199731406914694031970268165609
906511196373677372651455430933204669

224846832277590636263225457693678029219
344213366686640575600028023922337191

219793056396310164268553987141106112211
173062227938805114980297206515081319

251535675181855431687249492768684937009
1272042545862465980440299839457230093

39308304612963452324039067402325382023
826482623756592215670439449733150037

175042025611396092043994463515971957537
218530221093072777657904729531533899

272772819551923705313525225999345298989
879902083212307800376734593514831883

240986662015390441905648227282587908673
605245391915918384512880766965303737

284074664675081759303398091969324745523
868441978012319354869405414014781369

172095407432504302146132661928301835807
864808144080982439676595364214413741

186112221487952517770226755804126172847
933525397937974344906003811164898003

140899030789542508475800674501561153973
1197017916828368062359652137660718751

141055361588446757768637897175765464829
1295843065186985531974006464737731109

335953019538694755771947524865577990173
260998904000819781124619916123271849

20217030201339169065023498287982010157
786876990026833838804159561052023237

103482198326312405423640611177853596887
285060461176664816939969206273703671

88221348106121892139696471303790146259
597489483468713897311176021644578283

237702156206314839521000421809453096393
70614904327902396509248472085958763

217087220455090448127309098791939607563
224420224046340442970245409446250401

325561845484062844887212369543979164119
468694210731363724606039109034392923

12153683012815271811585990929416368797
854730804672863188964895001291669853

66158706474003733719700108602340128379
529807469230727493831901873008238861

173508649221842997556609921789095918913
1194526152167582682722577236800388141

85049313567165743785668366780451745933
198995612321616718443258560721699881

171364708828021017948761924663303964721
941252177781679820547675948556657559

44260001128147255701361206991287719489
1104436597722748129096149415218547231

232430730934972664792073258503126923247
1308822532437754502743722054680703937

94245033656360571367709273607354749687
830387873918922923343608025854333723

206110146711153073948236970538245572941
920191587714419138332299048937758899

177516738599250436603495851721393962023
882255149205390621577494230163434897

249554374435937950624391045784274262321
939789714219854724147454596832816357

73413410528781238970148409754330512703
734887361058951477969576948256693667

7380942435492373616805416286805672951
399295894993449451220938446136569629

263664318792917717498705471770522913927
2130955379530965711416760528870659

95220555663069494578107324456957670841
1188500881618600085460071530392673589

116519144336318957314482411986562872017
221409205207588048703054250263692811

178838134567880690449235180917796161853
743916843007596066142791033198288193

111719397539739332021805662669750391941
212767264976600639206415619855171239

2313522524881589915646532630774503301
993686108198245059955096669403348689

205509485152451265170186600813544854251
339538112316936852877839280141886311

37344369578173944424950809498693122969
1300610014632951789849626091369800731

304222869013530884851845655505991149003
1202408303707883264274007647653840663

21138987086373938620402554612833176387
85467522488107461149535077533188469

324207389992454271882737966753083173793
1152373898879585788308293055569993287

246436385282976744006667122764125126633
366197277237020232460679114333207581

98381423399676019331543018697512117543
545456558442714138997523550815394457

288440537234602203798243131250296433241
778556455129236004215786639343361977

162564802747980110241204496171614718499
1284756104212789820666547932219284499

169351997268259438580746524588119332513
311906028583698120364700713422206729

163441963656252406438297760385201581501
1165364156186170139760136837500123191

63022122099927103094803356192719159653
696090381050004041257098397081733147

38371231733912695143827512381493987369
246035042117099361820810563850669891

199994529917118927547636740201242739913
207218222886461045845065086362299469

101824818077118949215558022763045455271
1238208203499555746331496485178686211

159281240671187834395767021714008178077
672471625645547410848408961579488103

15043250759968932943305231752002282033
214026974790851829599605852133333953

334807249133836603894477503346755539141
456405038503753614114379606366592689

251801585698538678096876677661517539009
1064609661890253348345389333995881793

52325651666536589094620681783290341377
932643356559923875421894747978573959

222380595535148418642401275050233759651
768317403692178250973387325034543451

262653783272328564434548429042303456039
253316059315211936701639833451021133

254526714037068094327410059010885239609
70430034621487007110899208107751031

27304992718007619869271941102244632191
236478934098535919498176303560315143

4550538976707291951110954654648393221
1142027456871574764517817791454985407

266688126102954256627537271517706069931
877745122483264484438731900424060087

228675731060595746609594039625437413853
408222748114121283319349676939869473

178948608370392416956594417147698481363
724654886726526697839957154113240077

183918668522899678721090377884703998541
208552735792010528893724047576037237

214842953459737564416188097748455560659
1290393935913103339141470115882273871

76802159049406571806815409772781646421
741578121964935970478376599616590963

220710104824697392536122777732986263277
74950203046314847157079247387077959

263130535563025881447620157403229598803
921707882168551279989509264457815383

273533438141211290260837709485025464433
1182217166296803302813086730094884971

149740841025197182588444714797014196779
1170113807808203604507284233004242681

108271720194812493399660882993916696781
1293460591715949889612061272960047779

318766135935192702766486603808755232167
73532427888677992383705631890557999

