35702599309876739
63506713896377

28570033470887917
104058824665813

48331052212254809
257213779470331

67573223588062207
105406288475347

2183836622142941
14383503411421

14855413903482017
112248707131207

2282012930033657
203213112230131

7725859637195041
142651175352281

34848494397342139
205466060016989

67958440435819643
249457770603571

41685993741151997
80192287028311

19058419993716001
108320304121441

17716212218633497
167655519093661

32232941889295379
99143705189063

18493981459108327
17349038819219

6136473208341607
215849686735457

38018803979108377
77619767078053

33470218021703609
215189931034843

33931138905889157
136243904849609

3526631008818977
143920649413487

58196261738273821
70001027860949

32541050772647071
175289409330037

39243797405214503
136749891492569

48798327591939469
12358908264601

20110706736546883
34964454818047

51353391437053801
196485548129653

1991330643594923
16876408209473

10255880933119781
87239351234177

60911891912680999
252218323152287

49855133953294441
243343776483103

56341878938025319
112847797546577

8258252095197241
69389604584569

66163103827169161
28988871826769

47770587189045769
77800474664173

43814611205014367
166732717130699

9922862590765387
232699852856171

60747215433469471
73354656890927

3117821461066331
272342138430521

49637631052807927
32143275861313

10386554748878479
73432379074193

8232004399737863
225216062490707

60422901662383943
45801767894833

31414863590113189
110581240810891

17434078057291319
210374645059021

25649486004342103
153014771973629

66264648029818649
73213846074643

62767802819653667
241596728217431

15917774777261257
145341051688681

18204485266036313
137659608502651

47854305865361363
91356397987529

70791413326952141
86225496603739

16200271304979449
281459134215653

54624965468841701
94364676814957

9459027095258641
19707111003127

19724936816670083
141123719616989

38969830158760771
216191893250297

35851629888019117
183440027127043

15426461754311141
26646904725401

53462326431971321
138556944236813

31546918446898079
225210976201529

20093680815768311
281433357735427

49037681690839711
91561397319473

40323110605463449
13915699721879

40764739089153817
143831999974037

26586034871475749
257174971952827

65646192458272817
222984325177409

55535978331695989
107803050536999

979157070172277
139605441996257

15764929309741637
262961617239481

23170925749681267
220157292758023

37954448999006213
173993098753079

10886164441204601
133424196037337

36890730233209999
187181780794081

26846463315751489
171693223259147

11444393056325521
167165957936213

27267620264050531
91132992528143

9018452066556643
241389484700053

17735035265894083
227232879250031

8415059512603433
214014514672753

2809080898978019
94503990719167

18017442349388351
100197656788499

31228617326556079
37346495259361

53945751188116687
14196871630217

6080212804475539
176578460579683

43934515367272423
16340139487447

34662357102336149
131202957991687

52486144313960297
245857699293257

454078327903901
79175574584083

67780707215381431
33644523203591

18959216217422189
264453412677659

7682713770517691
275215853083477

14209213761091541
56762354420131

18830181793000817
240835871347087

39591800890840073
109704206551637

21517317891749423
158238131156813

6460333802786891
102481042202129

32518569291239041
135879404531287

25330803347871313
123517052121401

62179038067606487
271912788444611

55516357457839283
180788433489977

