2381478863
4735425479
24075327239
6317901313
35795424713
49412923279
6141598763
30972741929
999922073
1313180717
2249398171
14937473
18969704951
7873867753
2521861319
9198813787
13951463633
9570871199
13869072509
30886777741
20279634923
34007026279
8502701
14559546943
4283822581
2459872991
1348493819
43648169
2759800853
7194026579
39699550061
10100784797
3918767
43421462353
9671114591
1627110139
43612830553
14562904381
14736058553
14096768053
7775708987
43211431343
4766003107
6607234967
17487210151
26912503603
15986739269
26121370609
17456706187
13335705821
44133127721
11418030073
1920173051
25362707351
2256972503
2798134783
27079842913
17821244999
1322581217
4989945913
19232523259
18553658243
6050591089
830100127
16878830833
11223013147
2203066031
20289134791
7107572161
8764952839
32178553679
26527106213
2715085699
5006246891
10534534523
62156565727
3456318941
4788232429
3327857569
8337372011
168337273
43886296781
6899480143
13888695287
19380810949
5416737307
7288916083
14172034823
21998310883
4083637021
1214423789
861278183
44320849543
175513861
26654346193
8873071619
20348381239
30840861461
20390267299
328386599
