623431
11

544927
3

821651
3

126011
11

867509
11

423727
7

620549
3

609359
7

643403
2

460087
5

146273
2

956383
2

629989
5

103699
11

359231
3

292057
5

106663
13

439367
13

120661
13

131129
13

161627
2

422203
11

655597
13

180463
2

248051
11

348083
7

229
5

9397
13

77867
2

107581
13

418553
5

179051
2

509783
11

1040951
7

821291
5

466579
13

264599
11

782267
11

983659
7

705421
3

649849
11

843299
13

578251
13

411577
7

299903
11

385109
11

45541
3

690433
3

158161
2

82241
11

19081
13

339821
7

164251
5

168109
2

848363
13

873331
5

683071
5

710929
5

355517
7

440753
7

951911
7

791081
3

492059
7

617579
5

305407
7

233329
13

754373
2

37277
5

248161
5

221621
5

507139
5

901009
3

643633
5

81563
3

277637
11

564229
13

886463
2

370661
3

240797
5

292541
2

942607
13

534043
5

104383
3

203911
5

329627
5

696491
5

403097
13

715579
3

439007
2

856417
13

1018949
11

241069
5

899981
7

376393
11

898621
3

586919
7

527753
13

117119
7

440501
2

933601
11

