3897950931160455428808749204313134578676087
9942147540816634527370721741700001562382503
7852053933569878086441892647026653796012939
10137491670030843408343252137394388386030193
4849913858491450584821757183037978732570919
2859741895562130800072669283054196914663191
1920549740120507624427011301216704522818013
2291794267976536143204875324508992863571717
21354596142481500728550475383982576438438007
13075252502734973410765753890598734440955491
16477959611882314187990437042564366221363967
596383879500159593986794180428584687839941
1092196392042753594794536891258508880377521
13109916444283571526427145646936184631478437
1941782434597907183196893494385414150608033
8704710567604626226929454222787606035075783
4757344595277699835200897330225258431331439
2069367515636330931643002520069011813607567
14775321165376127009237694900974974120590887
11990212011534791162984633300419927881228179
6565491552929373128041866038213245889271293
6491777377308652365036271074325976755732103
3586364071174279244205576619739623653011231
116809949241555469088707321652022659454199
13255328113079640379434582493699985173579697
10093877307530105515570404640962602846627447
278088902407200686520822853345250000546149
7257086081983930684063318322221326546589993
982495681494893930914010560194409633533817
3766523118409905321599327324163772466385701
5374331550576760626691362110878738128167489
7159160794560991729098990241455271161817063
6484212065274402986247320634683049921370003
2860164011053684579750679968428861630526199
3132354417738591753359278065838899392195153
687219309887101327198923736299956850286529
827938242821337800524099824301034354770627
2429209928125853852995719188015107442693057
12464740538208069931165533456139425214467553
12108134467668786324329337113404365981100861
16253158752843375402949979717409030122883299
15380137310573056849351809253879160910744823
8460965209505044288283848836934645397351597
402217366132103989394000074706229433607561
1021366717251743248221089521989831170143711
588832109522178555706866793711710872391847
1600736027216172341243506430738475334122677
6426727845268175096571855519710235140740601
105703741611142921869818633503260270769667
678284395497071337559204415339426892723001
4152314158623823045862564653669972481166721
5075819214275640458275423537463216766609433
1148858605416056015188543591503997240092911
6090495996596354539226368270316570856989029
1571340559028489934273577039545182075134361
1906460258069682242754216647132829279885491
1017239893414631876249773337109839909544083
3190637720711251237481271254992213969046431
14830426835572641422116534836518401490550319
18864533532126123263471042445452163155883047
312402532191165395055393568326940658529517
634558683769704253314550899528472116772657
17229065376414029979395665671251102512900519
1556825182989559600148771706892408164732613
706272460767043564420347953198914046752193
13952873918801470042970124297800493145690873
818966767991422522175816384071937163982469
1034045106526260767081924161950838585540871
530414230089419274124555879649524223801957
1586695408624923449000171032937945290818353
554260200831147197898402797327068913475751
2887331368677459622336302480498079434570959
8086668887007488074337581633277404676277383
11363509524622837851828334983643228516102387
261145735911245618173741920317302929651881
4513062699018763416958650451225230413969773
2053544222091221726186580160164861858513157
8191488149959520180097766532218887664052233
7635846761266387309893361603254966464307481
3505723174597762448526613210794189742531133
4893759923114889777619251966625717786002509
15044781813820423323309630725957996890904521
5654985613305087095656074691205986183718539
4607223035234905511256345838586853198554767
7404645898543305546663841399217053188124661
6320479263600292398226963167505108209574247
16331923372802021442423121440481480105035679
12860310934932859318993094532076487711587151
11377737494919103589192006615383364583580859
1155589004692936891155046174114042589704247
5740018110659466374060150672299989172856041
11169551020202448462769029413269780786963553
4437218798800661704722480846392698460689073
16718473522248086617029335607468401803022969
2978873854695458440050538666859321296861931
15933094875295759175273608036593495318409081
5417273377393560345077508690926409597319441
10252159148641901131290966390964524851734367
4599654610894038627792884553747796814359633
16105577803773934864670107929877760918316233
