562936045963886116087
1097192427164947847017
344726603606596751369
3715666237775686778141
3412071923488438849099
1251411926391407533633
3223513987795890057719
1045726103877461933491
3766261948670999543603
146358863949202068293
980711115218601864479
1175549485343774971879
962963829604360559537
3101104651501501500397
63792585785503759367
2390320200441853683361
2776849194328444778507
166033044745907564431
1897273636383077727
4160576490314630753569
483055259956999958
3026060097436616213581
75389591538337522109
1068580469211153618143
467097090998840849867
141973157665915269679
80519609968782909983
4154430715562704594
1464287369372075269649
298092033292920930187
178708231769398593589
135423974864058269119
391486909374354804397
3033063251291742678847
426749672360058468299
540630913775944873699
167748010291238082161
252910143278148580429
346337774090960661239
23860834371122741774
736051909788105048521
1473829592291064207379
325412288250505528651
1695690490838732146069
1041172700061803423033
1419078735188210485183
205603267082203056497
407391242671507416527
1695043856214778653277
2585934147785232869917
1744968924099268372283
510696479634965140577
2366917262950809091321
278436022621097073143
817657592573229485401
3854928308517327597239
1101228618188915165393
373337693882009814077
1169118385567482262331
1644412191916667393419
678950619583468771907
2378568355169328514471
465780113228575084183
47516446531654858203
2302020210207977090453
324944415775793884523
2464563301024459056559
115778361553588977871
59879152605492976067
3170602858642143486511
799706676383778558049
893897505606626943943
1482993593448085993583
1646592791285063042819
775512286893119603831
665619473295809551751
80955371290537881481
573319837045794000493
648615903936897655463
211534557533622389933
152753957491843636441
2342054677573528171
2751789788736352896503
58967744102638119151
2203082377061465128289
987169218507823251731
37312832785186321003
80051122699644791641
3595183209373703464051
516210577496300758223
1039282640582831021021
112509793806669354911
2187092045636454359797
2642767840884345608887
1775364884445290250197
436438054812972554179
563358761479784034797
1801209007845702496001
750847115397334192267
2829406832853742251569
