302097555655617815652273371
379732253

61402238409523339213870883
1032446803

239060938403020532045644451
4015247161

222271441864619228957308039
1785334379

290299692351015727812483353
1173630011

247641029414698457600545279
1261271831

70446454573159987058069279
751426139

2283253727081313196024117
3313297061

12622822182022512608531377
1532840069

6668914305085783509130387
38506997

169812837721223128262414789
189276299

180807837140471659552372399
3382609339

184169315809169263477010803
69975421

301126441055244810132310009
2689338161

6488495105693472134715889
1472910643

243337899359332872393815287
567057889

106749663848142770407619053
3414767201

57336148691746767186054947
3801058367

20520592743186073229733809
197036659

115242510283950783039932089
1014528791

75850001279667967211432483
2399256659

133777634181784581275631073
2924297683

269074020856539444234395653
1563527597

291097874748165631728886027
2782528897

207180616214759237646965233
2581406119

38508379304246729407034591
616769921

231449765118734683139840677
2462295023

219116057286790777676295757
3656912089

186254146203408021342676139
4265567219

261750986073330147742782853
4152103729

248517153095780896444692917
1191055609

40113510192450248323242839
3760263421

73984327568480562926131969
221741101

53797943567024523973902827
46575349

21176044631157967534341637
790050511

22839112240477692493068919
4094975789

71081874514953484904185441
2079707753

107427072495729811985693131
2734230089

26941933297892153301484267
1042822667

20307266966794940435865451
1632549053

287550153428483630446859081
3574303697

258320760087238393730732419
1784851967

111254479477352012357786731
3910507847

247613462999719557275559503
1378116863

37327302027572396127543011
879091561

262681999008788668877955661
3603952117

245159058488647553786818999
1716460027

172997145881747982393134287
2528066659

139866999875602892347455881
256390699

163437398416935099577259033
2646129757

157680162299766995527514231
2948101993

97404515670948059134557011
1178642951

247917498098420295814771381
2548158449

112870149926868659058232861
2926843033

279918350158885978612873331
2384969563

29988997907997736478291303
3615427603

117776971811410828465599829
294263063

133970077813545115015190641
3976763971

13805542582696222725730133
506724451

235556841127913052381148253
2042918987

82579282499754698988045019
2503092673

210830976137674151271033079
947186743

250740751888907293410747263
1909165781

112608331397735207949045041
4004560837

154955309555160494351944471
582065591

51121762839810454428871513
445407113

35767067680294332213962929
1942843381

13504616850315585394980947
1133787563

288684430829949245094554153
1317641993

174948646871069550685854407
2321932663

80394183191297147686605727
1697037731

167284242826237876004751571
2063676899

226605493007520748549317803
1137980413

209842057025607073375502297
1158905201

190448488199565292558672207
1668506711

68274070561885642998811493
2268722179

85087019678961003201691411
4260077813

134365174727194701556802293
712277353

239068913509438128223904941
2744076707

128757671812466224629188821
913312627

30605152092837321741243487
2122675729

273483821343878961633576509
98305873

180983506421299262321629507
2926855651

209207552858057651743340821
2403773443

209031148424291138913151309
82397197

179141475160482743261918641
808753481

292552037652135076754797063
480209599

125686799735994607346399237
2735074523

140781477430681758209056933
3882430367

15523361982667029235453157
3022013803

303067942330195261286682421
992568251

132869393763453025996672697
929271719

127991251751651360574437801
293421221

204923731543521928391236039
4261716127

287743328061076291161597269
393635677

173943404699202709136875949
2944150793

297998255194125104500653767
3198868157

146085080808747459028143251
3531960347

190968273020436529989227891
8993587

242654881223007503297475853
1672408931

