3992368603
13

2386712981
5

3787395427
7

3282313421
2

2926406827
11

2838573763
5

1842605489
7

134371661
11

3972200567
3

3830080799
5

420055871
13

3198193303
5

3124252093
11

3688950721
11

127041637
2

3468583523
7

1102946717
7

4064696063
13

2075838313
5

2502362089
11

2064132757
11

3868834597
3

1774084699
5

1639362611
5

3531725651
2

1068019769
11

294532811
7

3014595167
3

876477691
11

2353202363
11

904725313
7

2833736261
11

3948188317
7

3231547999
5

2920141681
11

3700704229
7

3152189633
13

2174116381
13

1617158197
5

4198912199
3

417755339
5

206369143
2

791131867
3

2074042771
5

2835020263
7

3660138071
13

61074509
3

1980243781
7

2120561129
7

4105862861
3

2923125841
11

644220557
13

2528315107
7

1562817323
2

1996350793
3

3212710601
5

532066009
5

2090930819
3

57826777
5

4263259837
7

1111486603
7

1070050043
13

1292683591
5

3661247137
2

2704425103
5

2237405099
11

2672854831
13

2555229647
11

869898047
13

4058423353
11

4107549421
5

1210894693
3

3405409297
3

1396545103
11

1935766699
5

3573423017
7

1365881743
2

620345203
2

764604913
3

1254863741
7

3423447077
3

1898599979
5

3812113229
3

2463779189
5

166942931
2

557055871
13

927442367
2

1739063099
7

1561363477
3

3521313713
5

2339196151
5

3170600431
5

4025286901
5

4286872279
3

3028468193
13

268173091
13

3867832541
11

2382312943
2

2300653829
3

2814749741
3

