54965061452571911316011642078577942863731
14252740315557913236635695472812890587231
2476176709021704956703113015122286527351
70136098922346431374244706017584857593641
12412553445208362371539275171923467728673
37430412201785100685316337378709971479921
3876042011873176707379039697750677367111
1571689611396743794007168841230911294051
173205088067114611431421268697577706177
3059200568277576406048103003746969072733
7358020458135013276260660318981828000263
15749204009898715069496494933844195707907
4883962565933134212694448612115019206049
3376089083439296477847587016227114903819
24168915877452484365436821671416681990129
1496741922789529204166025354481560519583
10372553781689766041218604725138323799073
20721715645656131557943673510783849611291
24280470898726018909794453936441967874839
4287130757612238564490758467059178737091
57157476000617326883743161130850502714331
52720716467471544598081919495124466872313
1667996172881150112381178509028925831917
14990173356467599046249486046135952438729
11393722543630992329134858905177787272821
44893679325162619723374474404123254802713
3028294701078581682664702070553137640973
2685052618375232866593160678738056039769
3653917607224368834899997512823281693503
10544612193519413791650145881246252537523
777915379190227952690865265203851857613
31080191697066453337645529068028302821827
24122946227227360584796424287107811564501
12387392301674053447458730676209306745987
12819243814298510557800151153013503378021
3193453281577934440614783501864324544109
37581565881207151524804836323085557383293
57380270133773792719438339439801307584381
10042206141674974506786944748251680910729
1641379424898673853546879881647208369039
6431361339947589842188246464553958294729
2031896984453653911015730042862003793647
9289224657149565810963422958820908927829
22962833189831539088158539901940656170143
14665382977932605239151827662526803268099
12529878928863713714605797024313000018097
16284564015707518238399685631916161263581
41939625208109569761425268388473624275551
17510767098707245686668859865093042919131
475923947451887575375046827496634620879
11817832507189529505883490634441984066451
35249606075157454743487881652624261963301
14093064993724106423158394661639174773611
11104081938918507046990339296288105597079
25805034130416121022582910351308937466271
580018338987753514384794453157279204301
66317385556848252072962559283219455086491
2895704518259741287093330927851123807481
1728517243110456093537453318508720035709
9301663990057968666507357070932746591263
63848200811905626992392888843185279985753
1000006875166515656913239822743179442051
7027827700501951170440009332714732234741
53212718770500085734136470270735288157819
5503800392990388093059905546570874743159
21736177584577321590986764581672034862359
149502552001212606645462483834365130281
19567217355397345952333446292995048382041
625931898526168875141403393385267669867
54714345527044333914546280931762075205781
4809322820034417606898826162697704133343
10117098382804346939447750516630247021901
9090796291548382943138052571634897529809
30880983883976404449653729959921296976273
13420564889744541728868790679815300873997
25657112171125238135551911750378287814061
1116348663902472948701130863496762193573
20362077947059580003046944207941875163519
17014365906235418707964814798393185813461
8414858333373899556208635276150596336917
1075121907827152102875977752142953732253
31391372554325810106872349639088953365237
46460184685622385883498170438958748681923
51399517456650800221012623396280884737273
9840075978507028910595041363359707294157
14214116952972181266451027645862464136869
19750968055711735513773130227318010815241
57514534540593667009286119212046869159967
54430857360356342126756267390958724594081
30024097257505811139144319939211390116213
1441322189078176248564005660584744789409
6200701425529456626851563032532434316363
13643457969201369731180421828454632136393
55648659598312250196267335479172100006887
798706497028329896693528471013481870679
29830453420075207759835783352501753426473
34479719384396525382032329964979924604217
10304685456031801225879706340615535729301
100539219664553554651471588214304940081
15188461010319909469545771523449410625751
