137
97

47
223

139
109

47
199

199
97

19
251

43
2

3
233

11
53

241
53

251
227

61
97

11
43

3
13

227
227

47
191

197
211

107
2

59
241

149
239

197
43

83
89

251
19

5
67

163
19

11
179

163
107

19
97

97
191

61
2

61
233

3
149

97
23

61
23

5
19

23
53

3
47

193
19

43
197

17
229

47
59

67
223

89
233

61
41

101
251

31
29

89
151

137
19

173
2

227
101

7
109

29
19

59
163

193
43

239
61

191
19

61
233

31
2

41
181

109
79

5
89

103
97

79
239

67
71

47
173

31
113

67
109

2
157

179
167

167
137

7
139

197
79

127
113

37
113

53
191

233
61

233
59

173
61

53
139

113
2

239
131

179
233

13
239

59
13

97
103

59
233

41
229

31
137

191
47

61
97

3
229

113
47

37
13

107
163

173
127

71
67

163
37

139
251

107
109

107
191

