295898070946857830489
4112675401

2715094913670389915789
1328275583

3307210522037170928143
2102487467

1426108807563758294533
2121781043

1648452815518694540273
3271816589

2245406128441353112877
3986022221

2519919834392808659219
3445678409

4450463118864424545463
4117911131

3838888714707068512267
549285767

1889485388733163706591
220397357

793238244081261721997
2351553119

4648684603645981652041
1969145551

4703403001397003464663
3817603103

153965836711386527491
1254968423

137160807888546146891
2528624543

4323874153705375756147
3101217841

1748891037178883844839
653961017

3336314319902099274799
971696653

1943926797883691235919
1911382897

1629017846209207015313
1570227437

879989910375359653787
3772913981

4020660007713496951709
3844752911

3161559193085079508123
1884298211

4472001192639186208243
2650347649

2937703975833096302249
1254414781

1849390583695960393189
3505590037

2894856480757237862251
4289309173

1511437742199904823341
2219101207

2009068975156798434311
2485312733

1636815880500988235003
3590563381

1311411575468487932899
4134714131

1862099128285281322387
382440761

2633352692973673591633
1076341663

982570490784370197799
4266052711

1122635743665909834863
2930561411

2676666288735049625983
3128568187

3089856416397587255051
3978802097

404792596932865935307
4192740779

587554726209657629207
3084528779

3119790223780323382997
866400391

932138040746733968761
2108342059

657790715360736364307
1921131229

931087260289798499911
3832853513

1675144604298892833857
43067383

3339253227121858829039
734870491

312007604477119919909
725097619

1732292143643869379837
623474729

176619403482897983963
610166237

2496678622070774383213
2506812289

2994975258130443270299
4120567993

2681821774911197272499
287503171

2745910314307935218683
914358251

3965696093930370988291
507734041

182195914786324934081
363133103

2536321875526398674119
411213373

2708627182308657466013
3093358019

44969998964341449689
3102265937

2236262648042338237769
1161102743

177657006097678373179
1662899981

327070743798714006121
510685277

1345315570893252334811
1222820257

2171639888959676997497
80198077

1038322759338407934019
483731267

845151681415728076337
2222030687

2908506713603364724441
683684933

3215262746220114079559
2599193651

4201398697645541635021
3259055549

4305253835077613198357
3899753107

596840612036566707169
1857362261

4406482589543695979239
197608913

4026649694291283840409
213529513

3710110980908884454027
2312270629

2849611606963346560553
2873896187

3056046703559705111551
3240097573

2373704735374529192983
1616322251

1888150416788770485937
2324247631

971637202894263039401
1057725211

2575579009320977035919
1473397141

3987188556867506868599
610406051

3706371350938678847921
2506303139

2203702520279077783393
2845263937

1277555378825629310179
2765963857

4483569104776152905363
2637558307

1657957801868387260883
295680221

285603590546524696997
561489857

1816359074799631809149
4245239189

2378606009378783011673
3190173737

366965640552011224403
4029394423

2320057816707752393297
2283514789

2159669943268398363107
3747816089

1024521363112053654559
242654897

2854666574409610681141
739945909

3225278664559183803733
1811218163

2449408170850916157769
1068061339

871095435457110965837
2669309359

3682353035844191914883
941204249

2543619140354965014047
2256374851

2209698390484544007611
4091266589

3292596494953614099281
1963624759

2181004071317813399321
3293879513

