19376006811391585006563000942059641636868016260309437181636309
362613093790000167485838466376199589440800483062190934476065999
31802044768461018317302833535778914012643749949345508829109683
7466741647837257485177357726935328154339512629672046856569821
2051530502799386918208753953981806865729209710135493865482637
186378016897879773943013422282907366872957234885399244461234019
8726002517152476458827123212165748250328598981806151743915697
29505639445504337339256180708932848476781240746024734199185621
114286060123706134642313889433178934596101950966881962858226399
56398258889520578461664442474974489214853544193600471395578973
12677032867527139275818031441489155257103681245004241697679663
131200589996679123753580239373006552985483777398475760566876131
4903712440694476574994133603245201559222370823112956608683051
58495597212910839540521616817248624013546103640956216149611347
174699582323645284847385149082572523226994850399633685933711597
164825470585625778056918578453403767319545441795608482637115703
15054773116690641269814575172020804306905032281243757757717337
165876296607194600745559262630646749874673919525391411642093151
20017529545795321782402534231437200904927623563871558851839947
34202441198383008203319042380661004555762974760280044896898777
201562771064772754923355930886406851620953716540581552742241599
310765742577342550747798736259056959443786604975477317209775469
25572651462624623803147489026865163287276477112327288184250751
12266280137555507534066041436183469803789346549034912738726097
57973207982278102337741604183820188808187140929434782824719449
232331104788162616229824799894249822971911560275258040015395729
43008795494820077204942177586006411736064008169852459639794211
7124261085070158741955752629745954285471707799793412521644763
767284167850598506934693660745463565871544836703736023569199
2777129150954922357591376936013892987849814899430049998568939
308980992877828183140695735658055087435634568062876591368313731
33815240288511494206819463306312734761725746099421851484674421
131863274486180768710349233967357163889299535088393021579839151
10160416842082068138308157806560581918731638847589580104059651
94359380792502063311072229034580781883581270741126001199081567
127113088972859060508789164080934302572458604343154565834328969
267882745140418525838641581485565444788114949069252291845476111
51279877066014587964975611560411577269582008783299734580103583
38148992710235949223939796356261754847873128786283029973912883
206709734549879579654453379455754565522689773218960195706784349
54230994564454124842666915553082203933605305905132091541547717
353856973607746516022488659127733193451239658406849808826552037
67806036172953942189920203272368794539762765780344255364534611
300031322602842508710103486371165491807812951701991757662297213
6219442830845510989214279196093129143957052199535258485557751
44622946045644431312303356941715388390408755433886007813204463
166416958474136193849126631822101392604674918957068009734054209
56282824069406574919523834461806070786582538828216878273123967
64592491484942673469998005786337324797735603019372136936697567
69804139747686469422373204195719849119694148176606298246128901
28949268772535930225977629494931747170189867858005169092027891
153251983569906806010623285943257253356964174684666176289499469
30172655309865275845908139888850248239575856543305355490840379
22777121758226953872394495550242281760762355594853763465363331
12060544179123033455716238589842288921986591767060451992918631
22803623832298434379234416570403534911465582213209311762427983
246001844248928281036604937357772736341101343133698176658430387
17859827628796123140608559251917756205093193510864584068146073
30038772445739310701476231733952798237133105067211645002167433
96224778124901337286543093824167248375655055684165986238837499
268190281538258043280220309723297034806180821855869415833982189
23041462719081480071213757316478737610184231197447495465890963
2321366470260787149254744415361178806062999920589355550854529
71797087906330213344018953192809497483703442527842533041435673
261186112845662873360619588544998115788729016486001145085283507
117677801658866706651146919116715575056325159868490940461742293
104091219209056666718052985179760267231493857356893192267439193
135979352692903823398986780542543263131482290587853808262337801
3515759724277551447425848721451461449420832511074047423497823
158051477393303740378840277850113412186634614263018008500405421
120194482881474660337230434814764857263599664203645154309499927
26141547123953228098638036024150215526152682755225012353019137
113472083385790376093137164757824956446717106651151315021781339
219726042930177066025091164496482319444055312930375139486348777
23045585076181709122329797492334191638689768592764945593089117
390490839200708271549262331326107374089724733889361808146655973
40223194196800472237330997940432443602676304966286067231104923
191399526170593896363643518766909604917254566129672276156801621
56532153780363855039442698234657870043668657883834760685899191
175235544598923738943141120840016695328409887218036299736638703
93876760606683933628087985382117263071055291965196286337313543
69674781609559781214504495539143348869467010250114865969549
100022575013060561224885851003450860628487092662597291479540927
15337256116824874659167228860299975956240681113766582712253757
4098823755866539963055992952868193974741447424152808183950479
13877594964909786876005771588090366341869710336747255492738009
49986501506586935507054149063290844319735723961254203825381883
134515901078149629535749925326088866265423261897380060122281171
225201640262744163610620710301173252240863479235428696774531569
97053346667295099647918489685659829874980517189199887960088269
22222107340976926104426589529045808563035337983126311202851797
64079342490778597585806550840214499843169919955632381997773753
249367554240486659167891943206725435909408001172828779777791371
3059899023812770413409131048234211084573826812309146330560803
6462914627178097827613247342600629295663200245046938492682567
78845228395191644666995998220090279155279899117028647043350819
61075222878788298036264186482766524209769703662721637467349439
3285076459043384232001574904882976106734380754429379538088081
127666341463649000339073392111742853930864641882092550868204181
259796176333336585504840064859143148038383464888078861160863703
