5679469
12609307
900373
12896971
6158891
14387141
4584443
6834719
3379483
1323313
8850943
5779427
26401
939329
5048203
9220229
3729623
4916897
1569109
1383631
5741683
913531
789359
3372469
1129003
6543841
1824503
795811
6827879
236597
4510027
5184589
3805519
8086019
3341593
7618361
4578089
3366653
441979
2920493
2339377
4951061
3826909
2343119
9983
4397017
75763
6163897
5858147
7844113
6697601
1268719
2445563
12065701
7285763
6803567
178153
4887191
1406989
1301107
5773337
611917
791281
618767
171359
1046761
1563059
47029
1671
11923193
371801
2758867
1732739
4782859
7741631
172253
17399
7400143
5381393
6250463
1733299
5646253
9378293
784673
150391
6664813
478279
5710157
2640887
5202817
1206901
873071
10000391
110531
2612219
34331
14229889
847843
952999
1778407
