890755871344898676983374972224497
203419177928366774129969134966021
482662491177314916716941038692873
57375248012526822136522517105087
560228559693895649752651488487993
176692400930400645103524129036571
1988978588661689891768756777268223
2001547801031070727015603793398699
257820050994862056393654949448239
1057301786211928429883342494248083
1264399122851693876275741017197587
511556153283451506720145477625191
1993824200171721532388160072746987
1603896427255138666276583173996771
1230506351992647190145043801581
97520242627268290881660316028969
3847665538856600018653330600369607
408238505019768112137286183036651
86431960849680039209035337500619
2454213301379297822493466638201727
1414349368186142997917214271624673
2150792498362465194529023461751719
1373776648157936452066317649072831
1358758038347373648283648521567931
213164949021583005425171810144279
1992205645046042659196822439997627
1359366479724898514832906450976951
383917956468736224977978356243867
1645771498883250557889552572037611
190461007188552565882796003596129
1011871351663648930085090097761011
1958084592289441433477892215850487
1867719330850175044145899145252911
4338740434308034302554566512788141
2648116034066728443517339141582583
459512356080802326871055543769673
1374509988137362815376104853195741
120775461812900228701235088686377
461055412450304298203031243632189
1626366570698368641617204307449297
657270966406283527179691123186841
5572596243576620410880594396239
254513832420809925919054916192407
132619250796600124687424014393669
55056980362589165272961560176413
533809055764925110531490151375467
1995664464128538993020993689823549
438025712480894188662193982643887
357611095158507554936972200343687
2245204647933862337813807179738307
4106372802029212606569021177407479
739103317483599508337510891029649
92422471674753908694326621343137
7545890410156102490434966909391
571206833359715993103904367397869
46822114587783661305513042038713
482249515080092587182060980570269
841912475290873288379251486939691
343385229908578772126874008642359
801039682385537711229843656851019
575399171128141374345240831542207
177388468981091219494981915030109
1415642997312695896840929079661941
49309692972471110985116168787221
1772306114021342255302692457925393
1540442670472032987700825996116013
31331659885701431006815883612251
3268512375784160017837715027309461
800978010922910120897440608650227
319860823028571064115810151555491
696256593000329157230958602951039
627084366007420900024020804589571
38475204036274021672511385970073
847134343776191468814854663865241
160362310659951474711140210614549
1572714231589040647712384778482233
933337357137091481345320384893647
744675189448795800325163945681039
2268867146480555222301311546657881
1440823359552216519706229266035763
245994196735339772957385728745617
1909360541898982321150846806621223
409280889441002631809597142584257
3250145052267453492048808775614043
277824897675415438346368333341253
917020706159873859110499700410499
378235971272951032225758399381851
3691516408550793957199074490782377
683657699761109884248322357799957
999340085599306095041647760667167
280585283399127916733673999283223
368078512577771389348007078143633
891446826705669650929170382563901
3089194183031169739742446788571297
3858554389389575985440535009840889
787446093332435302830300723385883
357016041419547442021619898804311
424914543895273673466091418410021
19664184000783198708816557522333
548642110126502389009593983788957
