9197509
5653

4721011
63073

9106193
31189

6492763
26591

15273751
37951

1174739
6781

7123619
1229

16542739
21911

11557771
63533

7604957
12601

12570139
38461

11865487
44207

4982381
64627

675299
23623

3424613
52963

16334267
19249

2191001
21419

15797807
24919

5528779
8887

163973
61609

3611771
21737

4182203
5147

14711507
55967

6519421
49279

2237527
20443

5010349
29879

9489917
4957

5434873
10529

883471
35149

15028877
21767

13540147
17623

9438773
33623

16131781
653

13544959
18217

12374143
8831

5727509
42349

5537783
54311

7240631
51199

7834991
21149

2324281
34703

13762439
34319

5304109
31477

15480691
13859

258563
30431

6863063
42589

11807651
13721

15973151
59753

12727061
22871

4556417
13591

16215923
43889

10108369
55763

6314093
54469

16210499
21799

14603737
37561

4488817
39139

10712987
9839

4726427
33647

16188031
31687

9086593
2909

1157171
30661

3878101
27743

4061251
20219

3222053
64513

11789
61253

13286407
64781

15422021
52951

13748773
33487

1290643
41729

880861
48313

15930143
31643

1329359
44701

2465831
21179

15876131
20479

6344911
46919

7163269
5113

6006047
35449

775933
3673

10292621
56453

10506689
63671

432437
28151

14857651
24533

3520333
41761

2357573
21773

6048457
21617

893489
53149

16438469
38791

5681531
43793

9785543
39241

11540413
5641

209767
55819

7077751
1051

345479
20357

9074309
37117

9743311
38351

13986977
19763

2804699
54673

15108073
701

1090027
37997

6995711
2473

2614691
31051

