68238137620838178875860916154615151049
7873406984164530273915543562005473731
71688041205868788736067883282907007243
163831394662268793932320200003590162233
37246910872924763816874826770954764143
138127005367669490396795891618486937517
16916835073794843630253245493571771927
219884925199439654788407201602389273637
162439523967820068283220918789849607271
93333296633728041041921081892817136297
247837280523249783615150137707882778117
141280245835432535578142317478981676047
27758676706745815940116689162345901693
28005512234975196203052627864280836611
34516240985041371771229986526965846301
87367863066138877357708641505100656903
81097457138063405541394549959706537271
165558360116493474741393220515249489517
99635764831590601120572870627544854179
15798234437907417830008517268580107379
7560896444835667396368047745474684529
83205119581686753442610379568821008941
10892266880567288168824527825236542777
120333077169410920879404627570768593021
207045367452952210602440170216744175231
41596680371558880697129431669052073911
135053105448803829062274532445621223359
2766223897774062900854269451616022661
9305720462395912979776524137365339831
151861845324616017258066571496549735453
36313416271300513672733228073530737741
177358340570887993348659110492262385961
164533647856618623326456371010703164881
152954380981852696201270533566126195957
40544312900399711053843021359923855983
4537779834001033118286113744318591851
13418062543476546420390112483101364057
29913655082931991993156347610976868667
18641442512580945055016534348383101583
3267690905954308374160563206391272819
91343935851911885505243939125219364271
54648775944460790501679232357834833391
102708249336988019250897179951133797963
81185203167345887778851903493567372479
6538360607898434325041780839840978859
12504723091408644558033117330817706213
97798408212486095999192442036215579129
44281781703340725971264213282586928009
125125916838702678918212216510103782357
266108626252821999764209555162036683121
41387606352808948868390420835012631523
88068242074721315102735367628363007977
53978331016997632403454164913690631751
133084770993945167078617033110819025487
47236324504111975111978696139606388059
161535142451576884206101571999499826813
71115447686495799036186823556171174351
16054182109995441722513680043251095781
44707548863523952793195366466757925033
119285996883250799921975804355176932649
1275613758398899492986171732536156207
1396513177209128547426301399783814323
108445799488717822030159755792754840841
198748739405811902795577352166564743339
30725980156772830614313359001621483051
15784038272482483709593337843748823673
13884953700389877700000987587944408083
29400134828253237874684497756862971439
188757688136096114640544982676568837681
99395136379915261464164628363353491279
844211582154481653201819583143772021
183365014755189747176154701746354045093
18103363528885951103606496653519086553
231681746015355136360013977092527610559
231825693244763177457961084709643690029
69824311643155128468064667312675332943
29885135944567077557586879602743553287
149892389790619761308001578894542898833
16834410696508255421485606679527325789
51475549778923530439893873726991901189
100220620274440506130137635706318260309
140075052987132454750612083219122647331
59390305543716593083123189363906730977
73542243238677797014751004585038462257
41099482214839426762894112197149013237
12332396369224536629852743176499482389
6945364436500800884896562162455458083
21653926898526869087511453891284161357
58947477351713084650748847585899917739
209262727735406142648360637917732910859
129169796677153891784835664492738382023
67238794378844187029543094546015118613
8400401543575340907314954012767504453
32068251237273257047858313139462187063
241788855882340677187527150766617803143
59851089704546224676570430325712079121
71157724914570513939137526764723546867
79869380719267034998270634251555409
7205137368383874387759508763680853149
19216931738891178959356408752051257651
