3096715325426154166167549408135165795271665497
124680979029071432321200485378177161404734787
1447895163605465778157863244904210280028156543
4628517313149799257364169712465210229226975207
69517285805165227653973867736830695212717327
526279357505052919206324759359029357396868563
1666940657460222337436393448866336363829631363
3694153430634196821688572107257551182305457701
424468377530788805285688466615749372432822157
13298908513372259883817722998989281657415037
1852017866822454996232718026280800912215414359
64753844018774392458243597683428405115587733
3819902986827954675382260565595426997832344229
1106162222749006968081704418088887885093211363
144474993012359560727479777195639248000932971
42725569428436854046897056694051391404558181
2897887738937931906597548595043985137665241237
769348565273669883250359257708141407514153353
235593357309514666346820504980079335285545229
3910734799118879437169748824872154129834886287
1465940505496126260009791960988637729447529767
1563330652707471684942140279474345462179536187
980532933829841096027693737480629677987780371
3562712432265694511002069464657676610006748223
684571910934264925156757335486469081627962289
680987686888022442341557808164533785075767891
2826314260609116150456194266418318116532343557
202566613838417344426916210054835734957299237
2490778336641780545851843087484663288277352367
5039229254162528311315845367111611069512663611
88788474425147725036564532773351476376656343
3927851427641487630355249993943216341760647103
1567885183129994217229291102884705864400880563
1179718723172885690656936220525826241963291313
3401693093803024011430744479085961886301712369
142982278686973514298727975388442521120474249
3288473188257010108265619111855962536800060899
703303891078178107452409932054097653635850641
1138546318073535632626436087265969040050685097
4550465176645549226915514944258476448524031273
423540377565945402455596943593096309040045797
625001431357999904545076737231774450597172491
645783746085863129962562638407917616859496839
571440957824208759026580154412948977687431149
620761829517279262697770317459107543980052603
489829897108899710754293611703399925090334837
368473868992548634515729565019470178656296119
183510347010427332891296481704688544459767749
1858909133808209362723527230854601825821063867
275251226078488975501838965540620800153898917
266202796915363673335695286498079817525097549
1933427815731627022697882958606124356275415517
2225311222792131139502991512397533477463311353
2487457113730785939333184881108023321331308431
55506995510491399608464277796788143592923701
2810285029174613522033177357244780895132452167
1012946663912423401586198776803136342673277613
1019198463186489219385573659230620861311514813
344072217186485388652009938881350750723221869
1974545120709327476565464143625260133968029071
1350266020647272357727299419807844430093261799
196813879080342038575659814113383165427999983
2423722466634849037823111017566116402734174687
216246186621006406811279888965646480946797917
2219692656869725319522741365190530181430242171
2841141523122187840488739801046589244883850691
210594517484228515629626328455121262745796431
2052586924167064322244612106754046822091268057
1120141881730455339426679113334801296076121351
2927419554466745501534562614975186016594586729
1118451242393794812043432317634718549147482291
5565848662929805770741943023399013161474601
603703251184703984718180432762889712281322591
3206856634167767560162400517365614864908526811
417542090435732176848666591861159583039580431
2941200246763254560702305091935370491314018739
1349981366961269521227775230450879230103615673
2290590115867462513377363051275128117871282959
2855642145724265052220400441000297402083660981
3893696203954687846131396168479784675726417793
2888693101087092245763517225337108611138291631
1127130512141350965049187048694155889475355903
1456558710238825628032550707743191343149090339
1390819542442588253249825183473071364387772173
75301463433763969375832435141809846467155327
331167671149205118864724194964197408283647317
3749427675010348187891767568341571505829507177
1648938352434799825992483363166248215481289621
895652798331269281690637726077656635641105889
1741073757766414453009830128176541666068345999
328557240472745222035307700410616528440127511
123656533498571971245926471940756865308289027
2141644886111356991447590192709687810611458739
1336057678508335027332076253251922340010985423
395243309630461599213944810821475304160109851
1852057621146858886357447044239982391985520839
1701386778617891566906149735147226009506226651
3033881856941993608139228171585966876951891749
1615431983495723114076299683010112556557578171
3468385691641674157765509533808643254761962957
