410886482529848779379
67944149847479086243
2225511202776758872139
400067851859368994179
37352261921985190979
204303400365347573237
993023262279579054661
150522873846022636489
1160527985589343075183
1365003989914281392257
957488202090697859873
2082220953802291570379
1036342688857818356951
130060608075549671573
54524515474413063731
1185310396182159222803
16735095634322966119
1207474746442118422669
265102943064242545127
405261977955059882519
3271505657588298321769
1970930697835444532017
1329298897525689986953
3942805876831346831161
800874409918087713959
2195108387481265537933
1409694261570427179337
275350918507362956767
21525017201584032991
1129755963039789108157
859270275248187269267
2034736075836077159867
635198722738843897261
2717866465076531348911
536309474704110298151
1168076676237174973271
70043864615649933989
3552949483517796572491
1494181676718478247
285557516571377260123
331752351447072433217
347861309128604953001
2295442213989182274227
1717388720161456450247
1360730382121527876103
74806119707107029167
901290443909501912897
921612031727268729637
746072712153165235331
511350518043365724389
2602833113490948982439
1090993075366309671287
3804176056035872700857
1242076380352932547897
1798455509897894687009
70815022378271818259
154761045398282252009
339946224393141758611
403769070628109011843
853037942862114075359
642053013516019027427
477367362483558534877
1498306813715763556081
646646815804937374901
721118488127865473791
2468807669940520883297
270447479804967968609
649661471597163728447
2459352124712121548237
556308320661714742553
2294008430193132636023
1304229867182484801857
201057303218381454631
1278512474282061505939
171592531671967085893
584713705694032289983
398469670614492566399
1408110516420145037077
362717712966393266497
70625236960776480739
131421599370964216219
886559779638196696507
2302662077915097525883
21021027658327705511
421275115439706341923
181415053489942736459
2355334830120752938019
1553938074631292880839
485699794830347909989
51050700049353839833
304893309795764918453
1992938985490595136583
1568338183268135024549
3193096073414056410389
547925895798663233377
1952012754913037917699
2476836078878424730169
217041710359634342089
44827188130169839049
1206518643448497658429
