27967394065117281368285447982660173953
164720018981506745317043720608007124023
116442866096622454466084342345586466123
47332673226493853096172807993593333171
5911441581246443382968224128851138941
169314681777250598979816182698413839111
135330476405175965636642136864134287109
184764473036097949975359735255173561327
87893288977682796076364105233542557371
40075301921345912720295031363027470089
102906544116456404736502045640762362807
74806335908807473298615643649525627463
87579593414971463992416203544921751573
10049800260595790033818217910049491881
69413870245294673235037608845883603839
958072748336865355419628305670575263
16594059558837418755333049178579393687
237650393339631545626035799655350989313
45286101477427917630893708153692111249
33109682027043239098252330440849612059
6567958148748457817793181532936038873
20001548567119719698562248674085286821
208098550133989155000699306939067364761
83304961155916896638938327256940922751
226510374427498777815773890721410431557
69602696476060763038768935632530266901
164865027744072264736268195227228993307
70035162740213145591211040666996024237
70959458170715969112070260542192781479
40822595113097891343890154664733405501
273178977591398094243510108642782827573
43947333017676084848746029656009838473
95734218205033335453864829173268523023
12466652283668040351763212781276411477
81675983309911369098843218385991643281
21214316893557404152764937005967313869
75158647531223542994146066401625297951
14372769942443113947544049950320616349
10721860812266486599965676162292728913
304811367123404216782149161411992737539
78930708275385766863269585777750499289
28283154611351652069866858099907731269
245250514837177232065287788765758758991
109605098303246171652811830878793931163
2144086711267178523459499122987038543
43087991238894984666031875577109403313
19440359735969238570960001926900048091
121580011854132086663324039331311078821
83007639054540281513448629665391866627
58131781522608685724704713169481279551
17140478152043716490196758138365636141
79749209127127695967832265697332660697
60404549077465348464239609586984708431
286639348263838306715605655519023097837
70356513559168147313096244356688789103
73563495601543448084969096717096152727
98641263794934971439582506245479792307
134290847811762444316845624300105579577
142611061612986058145930904748913176009
74468808875149899542451769075798787741
114718602947215241196056272074132922331
184085796216676915710116947546587133439
10762332089909058564922227494853884627
101083016878509181431064258039781102773
155461765674116450595034622755031148779
1920395937216058037030182979902897589
70120252672564835842735294535153053259
66931348406640617316278952737187478429
226714477406187438901280098636407778871
13655760032422671042667022725825009757
13518429052705318187280285455388766433
12534199240420571661533536550698849837
104778164918307141464140180200228869369
94265088210071335692864436610825461753
164715808349294478843631944341157029923
300304295689068743500023111144101658593
159067720521142326575241005535953194481
4191614875877426563447600156185098797
28259857333043566117263300937508230463
21234349488968009281668945240233021881
212081348980096964305597531294512134893
192445928730961769836749445490791491397
64823994516413010711518441274295406459
568506135251165111746945722103935121
8287985286230871415469273365343674259
87654094205493303967561651885920259169
934363401349726376582270631582193117
171831631216320038515428573811150651213
5345613336753767211122018181623930629
31209718478048169179116358714891706329
18091181641992507236964779986016293913
52474824156881541406106705642613035017
723984829657435628528972878961415169
4171128058467833256251546908560805601
4183638638545107564466508450586276673
132812872872678895324381669689934081651
41797081784897358998125884411429422483
33836637117631786488362104067425273927
63127453571253654141121252840355723407
34509198566764027896860596374967674053
