14914949422603498668022451154986314735760804923031852609
10089599422225703923119564497752512508055175192129528671
5448058888317672287795717172124092413407136772202566041
1488661472825723648086564359869662762693692997933071259
5873236232744219407062212135502327422632591364770925539
324961660083270983293373758748788707197623828219177913
6593262212523028408122746728249844963160162800566859491
7648502561365993032222167524555321756131284217153256981
108637433903938633936468167174068196951238653770004013
6042302175916800928837243904361088683504857382595170931
15998252296658709731760439365641375146287623619671838131
12406154874356928031808393877309359820921737933340117469
8090331009537166195473663130593788145410382384059443339
10617814105289611200386382731593513455560112823750059197
1201984800018789631452331390308339438537287182397261293
7035834681523899007665640141276732839036823664665287127
2710380778723036996134240564403916385307896006933778751
4671053901844059301270060720268966142550789435892407307
14731585959260766313863106760342429110862957777340442697
4370708116453257682735294485484641055176402716492379991
17184016102561905628267583505759653518584762567766300397
898479758371468601867655398405183607993052617295531879
7085704054884732900129267070375613695036714504936961533
1501950982438404711763619070863350110052644905612973389
391952059733062350391539068527946477337717729035060887
3337189185605265639708363028199312994477940259658443311
1048660818807185425707984372626639260322460642778472453
1873187255842892912669189951313420223378570068821209421
2544926137978191339105413661462405873129881306927012191
120644704840084807349219909479187928359389146141405827
5684758756988252867822366796948678618518654007625663573
6851742761493834503978532901606213785408270617664765101
1827226875675348541269081585244152005986386392263324489
12177578007677476068509570663709387525710231257502238001
9926603373381467703726588478294925783388880770550795033
807061210759016911868844426147125539048739452265868229
8690839922452443622801600923949213024529933095172552749
12950030467698229506563040056336383167731440201053174509
500717097928803969546541067262707622387637515448817401
48335864338829176822882254817815668122779138364729309
1897269417372399052932045445042542900797196343697524399
1198130939715392685736905259929126485190440260321103173
12561480364159225328555060652163780101374050485377417819
7209041780996615999175692671430869916775791821260827783
1278652919221474247001487031142279756714592785926188391
6601993500107848306761586644329062131204891921673555319
3267316224556706976168692536755835981611716361386489219
3966154166787718003867055744097008312960632741694808409
1567406317472667487999513563572807324813754244436121563
2238134514685596714619483107489476097376852001648668451
3950213147875298796651725591479409514775743683485251911
1094138242456193765412287211511354571680118920905700111
1793118004281721776579336043961459007671129646039060527
1566639082008063765455743497814932442089199755288707549
833665372723566221293410555622326020824150866846723053
3136045293460909503519245386531175443253455109107619371
15296296410282485260458734443049948200681952217815759131
1286525610390675655093305652536662054467727612914678757
5031830796708964814348171435905683275168178867604323079
3152681208115379076660899797639632425597531043261542749
7861479750052731265373566079844152182757410092247687697
5938920414871197484599872981780199540353510366518995149
1442823430452189788322605165439735356067295367594300761
16054209733551890900151991701917772653061185875649059717
2909285841433443673456929243509600010348900519014766487
1830427421339426539404276870252792703559071787067317789
2396237788998510116151027938660326672306026470504351491
514967506436004312254960053780049532628743361258142951
1413182818981444715347107049891472373422821872463963459
4034266375852835364118245997253764060380639014251557857
9295189569482476703610126462524076497495147032359443251
12259787872698332970498795262294997187290933600975900593
3400676015364400595394879841648259049539949575308979647
12726374706318849045097256076161264820998198592387293009
1271834289190918809210779635491611666403790691184459137
292520617313213055566545665016472095344874074890375413
5292670488633975836509790158119198503283013192533125593
17251622572175467351888832389568514350205630378883346017
9616534542547151742046128250671064626562004343978483593
271719461517880484264509399244624606525175204589680221
716305575417232638098289563145102025503332134736150003
5168036983393537296658866057035834602221483104632725529
5470697020183276956104730513920474837554432495121295697
951566796949613210445416542671153635000328264568556639
2986153033103328419366365795915832006140725600180558143
4446831543147479311710446737873616425413470432104223369
83063610654453705088489852684650480206291817879912941
6290785117205290223274730198436443277034149674590432067
10427788133382829809496530957086202715209112693334888789
3084670395319121940867436164676412007057362332391668727
177816973359814895228383547838464484408042567319893329
8051818131673627864196577208879021316440456012037430353
14351403392618779675664553835208035320634764206107776143
9052670613366088954981898462541036347360199083712774863
548329515569325395503342277161926262367477199058970171
18359649949832368835623176719530963382477676466527378679
512956124829498820828879604033883716858492061985856731
1893374647092157792661225223554244578670805020476262521
3123089635167824434152016057676983654812462664084068773
4894617876539240261600155366290348751483788463730836693
