172361887040137466557
917387790777589399217
1079390540744228647829
456566186467867651789
93700638582044385197
44837911086735898519
412253752570358367457
883379250155764480583
248865753186296192437
811728959133779884733
661804691343939507157
388618470642540558971
2182514240043037131911
1039027517651428391357
1052373761457596648723
315988258379760630553
902551263895335339913
972023914185653775247
435659917277835973171
186787134395969417957
200823748616256501817
150019507160387652563
8586736395083013127
111752320097718666881
175899935441571297443
1300465838497977794761
1168924638066495851257
1723391074219237819651
1568573763033889447457
2777860711242647897569
1520051275235782238627
946660829319601477463
222879071858670776891
1289783091209163147661
3147014037886090213
4017217173777328988471
904164065911543170917
917378537592328272317
680864966212524508031
1616476559293477028729
1365975821202488327443
126150901365151897753
1696800163841177602379
628052120246136483517
3474139610637667020403
2189010629626565402741
2065057942108305141653
1841485737175818797821
141703794359213740763
301583295908549620193
2032755446593103889043
1011752022391267939867
41950002211181644651
2328287316092298806197
1475080702407623718457
283859625409518958903
26251421953952557783
1343764176268530683327
777477502155617156227
197043518951753229407
1674178604893926361501
705711920637398767013
49501694956321813993
459727906563630779353
2950262819487805025311
306018722614357825859
681801183567730967327
1261538353264607077469
465841395754690327499
338312539977784485863
281049559092866651677
134648389820492349463
143156003372885933
630918796913704212281
1061978282549586767329
363096705283385902193
538265421160877020811
1734726425834011648733
1129461601819405438459
2010686557439857396523
672754526041102192817
1282951006895089464817
1232119409407391529809
119504828455086076271
604623065316865737293
15119852896842028277
30808390406468234429
191941978516872288323
2048716611840699148567
1158409741756076287019
2798284613473645562237
555844598766515129647
2822860129129825892381
3790437372311373135503
647849770340161831469
694060961710971222229
1130035153607567030647
156844819875925660091
710327009181120596009
42950574347643734027
