45731185942076945553368531269
1492157621

21699466046724040916202665717
362838743

40884502911093951610390946983
1753428221

69390665575662847602632866727
2361000479

42472566547536494554182613559
876963977

74251391616133170281918096339
1860261503

55461747329450320630851693883
305018069

55168878482586230266213525417
3985669661

60385558754508063209343914617
2690039263

25380775016262298184996365219
3677322563

78477823022875104096279603353
3158054989

75293889644128646757252564301
1876383947

7765739828241587298185482763
3574505111

24618728674757159366586991027
1137569393

77952770082101431052386568681
442784021

37970192182533564773845219303
2300959201

22794549554398751385658569367
3557756513

41349996404828332739663008861
4003830097

63783493570442806503472224929
1562093251

4639281274483022663068241959
3405319381

17195677545676265729715957029
439697501

30480633310843790619613573819
2729770039

50691890258913227820171341117
214871981

72561636166991871554890200527
1658356723

59125247009156625783790090793
3501809767

15015629961254406556819621223
2770225457

36895734849197675333407138709
3660398851

38437304302586523947153143483
71967167

51285790996870546778213016643
181448317

40680964389068456396669526481
3732995213

12612500057026343000590020901
2879160841

58852053278732732716160863447
3013630463

72753246423632142055480738339
2261529979

51031009911754482484737307693
2997283049

22339551020926992590374588099
1814911717

28453362472468064885706042931
159481321

12722319463494785676607946587
1054686811

48261527478262071858926497969
619824043

26954944152558292587173643919
691577857

2164229953745261736193523899
1509863081

65258565469331789781551777609
1399723319

43307332487538000689101448047
1261882753

26191587512835437156688346609
3921421307

68078236287207662140619689493
1192528003

46302520997091354509663063353
141209603

55771584269095662480867669907
224213159

24085740333455695400636965069
4060427741

31909357670738174091063200663
1387736543

59310658265761029477541516051
2109670007

77787103332777979802446599743
3420986447

39879995716462436471537646083
1037803681

29081583569661243507486658489
3028316593

26073198039394685685559039619
2070261229

41378132922679175815277026511
3216306817

28695450792901704692268093449
1646125891

56702388121100328097030773631
2848824323

18972455358840113566075633967
3748352353

5902785832218946370230585471
2719763611

39150980873301418429003092053
1141926661

44093817984659781511269198871
2705277119

4170998862652877444934120109
305829323

4743097521607793021567356849
294430627

62940520938549744599068999751
1722988591

57226766055860754454285206499
3473003161

77653387411018168097364640321
395681131

8308319275508106384454900847
1899787159

4494572735924251865329242487
3089271109

12453485361424920800648005649
2360795711

47736701271682051177701461623
3954141847

28758611023945843626500596481
3456186959

671449182636074051265815807
1257297803

62331049375814170794060239347
2941792519

13151730565923113330221797919
1376500487

60573300644748416745719586383
3824816273

65493348748820114317903883029
3539683001

76119666156048254254545780527
917296609

47676710954373313683460390543
626828809

63474442925107287791980552333
2361460501

4487493915213264674458538011
3751405799

15943303260290763540429627757
3228662777

41260280151393935141091862153
2428985453

41881379112121938066384188341
3344566391

59760893060698699095693127813
993798829

63695269209780377723918745037
1154595061

11149925156741532580382056043
3686076959

9859621931856275254742566711
1250798099

9502227615724243867210334161
730919603

29587682984654396417231651317
731856121

47022228444526640021507800927
1253608757

49008975961117689009872093413
4269885743

48278827246002292098149022803
2675495741

22262759212117468344103350167
3020236339

13772099646416999278504276433
609957941

14486488905209853503293436269
2213666227

59040986831185275949355595607
4095271249

15397104706732425915277140503
3887165207

17731488319872541872104209703
4013071189

7101129665327399557024650211
11247419

3130851591941383008302741827
2301334687

60821442498294010426809156413
315956527

