658685881811887782339405979300001230712352543410223114422099
1031222732360250947221165292515041404262814153139856994397843
199352286668841036839971948507417470679794391448757132429203
228459104501046147661539754098284853754104671871207390813733
424523951929495197492336651864975761490663031657165779086729
56502993217059686570025831178124302436589544988136448553431
129365279684638125342668180394075171030303317779491880372943
140814059232470259928888705045804622482418510065946198616449
994659082653282253349598257968982386705313940460113358706777
424585253109472588008554309892728513854622771693654262992723
205042911039659687043056880119045892536931415398216333122363
178326727948691239206009310193207215377664938517628776670287
970535933814291703284804006466880288642149233067854793512211
17493127004133652151141494772590021602488402082925538688979
76910170550975948969035091482411062421164447978097554117749
403285539869801021094572806212990934426124789366019746027273
684173473171816578568981478011869922139274639167842258184021
1790178388356990944294913426643032395065765075939924429687
193251850408671012900644886969337456574071458721409422674523
9120466983964965250388565287570896339222844497476705565561
639916744553794287235378701210783627051510610065539939733593
280566431235222415594808747379856741251772020133075988087261
74490025027407569964208112838557452254480662656835830452899
1019828416718626884483435426369507606293662279325283351980531
363034899641643815194335770941048643839072771343483605842973
1471079347686913579045168216714570236836436302686027751091473
309333784868884893280919832042319848858951299659625270949731
98782954846229706898010538206946752163637607235337742779027
114357055927602392296773942102398656662847861604803674750929
212951490695776787807371539454970325222093463157883132516299
500512966339223733108136326647795100331376169062911823397649
774469867068794252290355613665077563445428694460883213014623
311892923157294693997437805317412085818066920077001055096469
680527289809779883598900057758938872494327016583856340883707
196953131984944183392920548484925611414409691712483669963281
43107692487083238005024783684087546433609978194920389080071
143362922990717008561295469510773791920629682940174840010653
120004576238477193833282011426632781003642020342689309059571
169962489645848933165660838168428059025006248973426186350891
184373145933108265021155308310379225694102081677209522432937
89713122505297891948365231969713558371412672091384808108519
166095219513751918138751150277218972541668100829039298984201
440881687037968198826359084833148793269851235168287497181737
67716838109181128330869706630401638288096679772095153549481
199084463227278057860881185921552290111994959478021660685081
2589173228166197527249335153690524757744346866261982720333
842317910361507835476107083144207199500432284116315819862947
131315376276678721017596433837902364337969600539707803007801
1157961598520207275448229021832243114534217923046997774924919
257322312108697137257605160009773648736674617890669540886299
55607860254015031301073827361076964533685454396696376266437
895751352761192533610915755899069866840351799642070868169439
194861194032920751163350073426755331764351054793614371709913
1106981198508760248348219832395899337699196855831062895562819
837656860399953473448470157776437085201796795669500993828843
811136845990101541040735798937094705276250272537714556324741
78664437466357050167390831825598806285121703084831273522189
1151590003156396526192106930611010501570123902591142480336029
66535114581108402039958627863404786088123796864957201537267
5180285971875009801544237489957025750447201059758492154987
463835073021469106041843600752199084147492463822521432712713
647575553397903597256546925072499155192796407517454796732573
1150985192257265613316137781932529798384981258833667588220257
181719702057311274415795721160413235683618075963073441931673
587106785611124981594690701252778144581798222373645610724921
306259819421831609995931473224639308289737847546630032157419
465661422891915753450166034182218229313100091920396748585913
211171359571190154001400328321100026263777531622691410037747
471720759473762967827601021456576947354815777835726025758351
408407047044377736187851960872046194629282982764791197764913
709355239544185375647280400207429625907779984043434165469373
213683778848126907739432054465037434248976114534885409905271
1418085589318608829905173173388158738490575352446868782913753
226916980961432324316148995168976472585397278831617988521477
775383305675668580620746959895873841705330919068758129106619
287437072104731380073525241533024136452756606868188062978853
615134964677224045619551767011676487416192076518590230694323
38754510259507283590219405200735335658787867534669683644719
369862807942438592644156758300869957530998440130780842856863
243107450064284231535321008871256411300170726787027614506209
91253165681824430070822303741928450899044757108949841451977
222330128691161672050188179721598860968336431940742660270391
348114787633101043707961263210034716875314907671062709593049
102207999327301807930108887800582715056676597238426633199683
861168456924913778392845044590108709670192253959799992218527
453179998395792075893342315960020003744055009163115235189003
254214064167502705747877869446666603576411863472464423895307
174668975442534554488925735354376846342802296232555138125049
503878359592625134628755551832489716801849814836540381448969
63568922331494244880247151147613469637955017266377175115467
30028558320264947361540920122363519128106240659755234200639
1041251051484115782333433843407416672214533761196458357118141
315691628191069168939458390039922521787622983207860566843051
1133946850442146329930755801004284970442624966310038324802909
1169474170894014663657111478034599956498656429478431694343253
856962542907865234836166495118495271199658864101801642950419
204656062297325611690245076661897633719352778353367436401631
15693149446253955027410002273873950586613632480012756915973
636153589406926721435276785494024726953715876427271050900549
577191889557922112723286882923380762036590373597355494215709
