707774701369595
943631967164047
270938043616178
794972820264717
921676121589955
218691620882822
1411529116174261
754407329372567
1209683296028965
674657152609353
123116594239894
390831659093462
1320324671577569
914933093944987
608431383265511
1543540146163147
82506338121554
2809025245204079
169655654216806
516431542935535
135326985089871
704908289518517
186439530987298
1305444771505835
1335052792998431
1086633366205265
1263145980534139
103548233847634
520857736586049
674666367446859
2391870739569181
370711591539619
111877751453834
845199650034095
1669030973007893
1411117352290763
1345622321000785
421632216646121
1100149108485371
1746065104393267
498309880884314
580161423205191
86971469779862
469570358131979
1359218069938705
8511902209047
542292945244737
513680841433239
1433900386733423
1746168067652897
215392081031485
979849387506301
20703440474515
3067328073437407
1787726748919441
259857178605011
1590070633649617
233624773218739
3056016862275421
240682847536831
464362457294915
119557750830695
445677608577417
499687415695345
3628517179320293
88506202235806
241584634069474
237363314503582
2281463563401847
579073995653185
760037603379295
530559349168586
90148799555177
298994057339037
2764448452850249
537842626089051
21507594296666
498433549810342
387707202959001
440074741857502
2398542850193281
348970326461537
3044484008237551
2584216376215463
375541773679958
628605775981601
3279137044463657
309828663377785
329728466978907
299161986921597
429739059000183
1101803992944385
385608006279322
457754965630706
434329336261437
1180131327778685
96821789577531
493544067026422
1064131448705213
1787269918146307
