14539588624787
27631

12125091463097
24107

10319939171599
3559

11166676989449
27031

6471922891097
63853

15259664061547
31991

15816111441457
19963

10745986411757
56003

7478196002903
47807

14928846343261
6653

5096422205291
57571

7272447972847
27017

7069138683221
54311

16591134752537
24001

604530341993
5237

13112758056773
2207

6623132573399
29009

15042413350399
11981

17329462296229
43063

207654307583
46679

9378858322033
20789

1021046419163
4373

15230697481007
10909

14795307205363
28513

4146126365861
48973

1267266842983
19603

16042039524869
47977

14538103498769
23567

11470860572021
49193

13194310998529
49559

9103957194779
29333

5442548023951
61603

3748031536747
17239

7746951823183
57041

165079756747
57059

12693714733481
32117

16251166483781
8863

2220066060029
40973

10588445756843
5171

11955088817437
29147

7835328453581
41453

9231236890877
3191

742002810827
12149

137291951987
63799

15009414522293
9239

7673410362463
6221

12184186162913
8423

13080992601211
39373

9243439122383
40087

13047513989359
57991

16979346653153
7027

10593315829193
30253

6609844978787
43133

16848930770797
26177

550054055843
63607

9287155444747
55051

15449531804671
18089

9125281255439
36979

1934648439629
2861

1960814795627
47417

10957160008541
19727

979244130191
38543

17005361616959
20509

7941816084583
2473

1768102671199
30911

15950058273559
29243

11341596587351
2647

6974088626777
56501

4933038851291
38921

7417090832443
5051

585685696559
45887

14843893799671
38953

5663644105289
38239

2891371783219
16493

6756520845661
54293

13989600044737
47093

14248198877383
101

5465395915139
12301

1979568171929
60457

1423901100407
13859

7318756514423
50551

12872774922407
13789

11215034635039
56431

1472087748683
13633

14018660163317
9439

7696216794911
47353

4879816402609
27241

13804761189689
13229

4957618121629
29527

2111358319391
62861

17325367127767
61819

9486835834643
53411

12152210040409
25339

10241514497849
33409

3390125622889
49697

521468185247
45389

11058147782131
34157

7870118276179
11083

260994589333
54877

4400020005701
60089

