16432782183110550927485875681813
3344842087

19767837690146888495900508732017
721006543

2219296966679004865142390454101
1115748251

20185757433089234006141310605321
3474533921

5389405367540917502382520556209
2303139697

11140452886824377002359233942807
3359864503

14112323696209283824698861614771
274656541

6960874693594012619693362967083
225789097

14374876646276681143597501724609
12049153

2813674981643010421241605579943
1087261531

9794677856723120238667362357949
751226387

10888430432232418319303806865203
1446416369

9585697701901712021860960795613
509505173

8954029286396398770251659789429
377046911

13375326339578437679752642515331
1806977659

5713394305734749294336265358961
261970703

2983553427341110272670786159979
3476577187

13962688023845048426374654822117
1484077823

9169846762821118764420941620711
2647860049

1564775367862929454312198642379
2739773929

16881453998619671938012599572027
3385814753

13151240866727731331625676934647
4008801679

537713467221696676895771764049
3102016733

6721739200007590969256478711467
2230103387

12126299856807721601411909142949
939587729

12495775627960588535199525892213
3592708501

10473382322706365748909075193027
289141999

1083670010883023241677627429111
2477740079

3280326641522604420414513228121
1113888343

7995068791938346997964547339907
1318889489

3973422447195773869357082388973
195779681

19661222124949331997331710946711
1580786357

8513963954382383886229439458577
2833339013

7752065075424552628351694818643
1597947409

4915616170202069298613905144827
2607861023

1095922220414159942628410947631
2913941539

10958494089827866025216676208169
3429446197

16211136666772102423606760184899
3539558719

8809886781597419926097783074217
1139879137

3311852794354072597927598543413
495607603

8817587323060807271394481196881
729378809

810587961727745520729307150873
2506695239

4530927906169251646133594358491
2050181519

16680416874090646963104319784893
1376634251

18709778960447815417909683824879
783835181

6662491388235229420333277737937
1880659681

7023134798962606026271082822941
2318703041

15065267811065685212989229627939
2783861909

4150029496993528055296649885971
4219431961

1202348824860647609221235731183
395828513

8953554019113924891073687688897
1319904083

10125422602888500854912450724931
3481297271

8535823591472578712108214075067
1651049233

2774035150076752868390159230061
4002862739

14055997455646198562631031443917
1835873563

271427010492783987711735828139
2136921959

17294536357326389271502287031223
3834585917

18420150947419658983999257367307
157203083

1246286086026107951022261114851
1386934559

5434557210083666854137632874857
1711577159

17122828671561557137341338028313
3728834881

238355701352896600454573619007
4195439293

3686302088299710317709646571531
1906470911

13634134129340877312795480534967
3902904157

14079764119456334941012757341793
390901463

15002983067549338910118072326873
1448790383

195581518943603266442193173519
764400199

8910986499353889590461118515447
2195853103

3326115630952406035825447531639
188187053

16385018365787237453594916324011
3339291071

1257446334831144822094197906013
3824674411

2705360394391947994187012392997
3739649033

8530891073217702147414584745917
1065632677

15929404085725141250485206522929
1938615137

9735755555461851487128285051469
1378482113

9270199583859874797511423561643
2767697927

329770606669161811919776526969
3385227917

19667676808595675696611550927201
1035306719

7908891011645384574598203310499
2151296039

10379356796643123520342286676307
810730231

658684765384616986363938919001
1632225253

10239071548804556823810792046979
3065841703

14673577886889543977542984457369
3166247867

12644143188100494240068145476123
4065085051

2849047516150667155131428071403
3453812519

15103137031195873483801496194147
941136727

4696592877714630945500160923737
4205382193

15154675632654883893861669600953
3795167639

13216048768850796745323661883971
4118542411

14748748998674529809434848184981
2035704673

516291408433582362353119047427
2791683467

4632567791549395024829209903199
1338502037

11154113128452827615124356414707
1223177299

16039478526633863198322386434687
3469480601

3884322561677829946546565857183
205623113

17402817854732929731641574293233
1714116281

10133350932864710094439796337121
3402597977

4114813838341521462867730007009
2504289589

165747269665618270480603679477
606581453

17180092062386863492196139360529
884073319

