4449838831050660161
1149620895703358359
4769400255173327419
4829069901562247867
158697388710252779
430727679429249949
2041715032424500549
1642854027038342659
81249417005447519
2373326942493180269
5305430771198261521
1451675945116467901
1834837980299553527
1320468979435655377
10076306563333984891
4934332084570932521
8410568723942020541
6244625614246606409
19650725645850623
5901919850627151343
13151043209095283267
4859334649728607969
4824947900872109159
5523692433463374647
3528295100200120891
2849851492823759597
1341241232018263
3048143489175737339
745415418829324693
6225235857395804789
2028514032065048519
1049767452353346017
152736681525668899
2009764212641983729
1585227030011797751
3139644107888539067
17865095527714794383
5890172777952982243
11729612851574670319
12069367044913447813
1207274583897746657
8669294184267863609
8769469358073973513
504767141299452727
354320286613633661
4340437572321097799
5698428972242081123
4641193467124643353
2041096808830553491
3733986418082015869
12728115047896901329
5611607221673047043
16207339093777980469
8754801679415040467
8728962772903041563
6816320681867166787
3100186196879218397
682531822489331317
1558470697339275607
423337350115976363
11816567093128198957
1079316090676844557
6977158455510955471
1726827529665151499
10490409268658863783
175856328123225467
1024027601205955303
1162237797619567421
4936980354989718701
13037475764139758917
8741382275032343311
2390315584083719057
1054652564809795417
62485816875774661
1259872479196152743
5030777232870541421
5156951254476247663
2215093339085108081
2780792094755412319
1390893852462657443
8698292556381009671
7615076751470022281
1728895168473488927
1057091534289586633
7224962842618339123
216348727162684769
2203485478451620609
2331972863379957839
412804522825331713
6487055639924604917
7361414287019983403
2781859570765657999
2693267718335848999
10840109860504033541
2141722028135953789
3847453411906081151
11417440135422504919
1313453414260373941
13378076438436762401
5559221241323773591
