4017608074745175290506132705983553
968128524152249262388455281659607

3731384952222892318801414048114169
473514122458895286363459233921869

2130831714674860020538429288906489
3303163599069578273332216604169949

1438285973297050853557663767571313
4729445257800205747188138686277517

4087312700138009532269258771598791
4528002356160492470997274623585713

2864718327518844750809151621554759
2160137716894167283725527474782897

2643949557865876033951668799899637
4231301059686087236338919891023609

1205310789399960905256437087748427
2993830445974380194348007016143803

2702686085755456542375179425897009
1492353870653260100625066518773051

444819730955157302878461424974023
1602392450383200861209285594640547

2094432573134468551993791824362001
591175000380062321804905128642479

4412911321088612950295900338251509
1209649700356640518162404958376297

3653426196210328769995854170415983
3384228290345962247594590148016919

2637540268655405673024877325265889
4292535129569169266532599878268237

1459929515737515880491249266267939
3754810416535499496214863808208911

1325151742624438898729535851927351
2196659419641033270116383647532037

2430607089118666745247435435227441
3286357964784533093461262791999721

216412770819157530701848612340263
1478470928154783392660373942502667

3169356197662691768619431756677181
4518478651983469420111286786201867

814268797733814206345823650435161
1670075867406022669759534618470529

3164320903410561174741554823745373
4478906180553375670080886888220197

1131762771580297255737964981196249
4608056176123814548814303743059761

1871056294524678112544924926922089
1599685895821175459380454326162789

3076479688411429563185762918839379
210297347577418220252623288802533

205033764119203847811428422184257
489143207689630858113653435724629

2830052021789595304624560260202427
3102283870947663168650734012523657

5172044574615615536024903710953379
3249711034855061554672907481349477

3882321612408619040827032140875387
4517187087399342157285065268533277

1546310497519234685284098375273437
1613437275952203865435705424886619

1705126785032003305461402764383019
2256861282029035709906484068203673

2677025306907702962974437340633057
1701043231438232343679148201521769

485747430467112081088182637202839
4805801915516041092140434781114821

3738633277871736263987487455879117
2364209678641411576603068677854283

363144051385897524597688837962767
914686478345057304516896309127709

1576910230335210503831440829705167
5158870830757236334287533265507491

960121479086665783305934095719753
4374310048777062790565125040132687

2544394197305653620100817347018261
4690682526993479817693193603667537

1540564648714859055037951848795283
1532301203803028443215407474348003

1212244478630636243833866266178299
2608048515892530917101648249741859

414035771957423913748330794047669
86048372899938134454748291541507

2550216884369233162231342436690947
746234045846864309871376133339461

3454909776338518084213387378109081
4351146713769832537232508854034991

3836386201939538209384143445255771
1130303963196774545107163219750599

3233945667227073526487522362409269
684883215334236868870092614255161

2780358146511277962662356931918021
989461427471997223488580488247873

3249630667335723292610510467954313
242626889135920863818185972575907

2590754648053662836258563275000023
3572013977608222549526683838662367

1432623280676610324753584278974223
3040212236712876212726694298043693

330735749165971248701911763318927
1138559606703217473344906095130647

905256872136784046271202274137781
723545985720441861382087262986937

5086439275768160509289164544479769
258439132180628891384582163778379

4091591988566409902526309293597729
3201141069988259751201095309469997

2410626312432004681990838330945167
4395955849814945421234933201313703

3360076200390033622079352991021561
2626685585029428568367065558535533

622082475195136672238119774332847
2604691129142542977248154439576213

1953525602787604147733900004869813
4833372491584342582497773913404473

4913879953983228368882460120781219
4176525152816638534537420683900433

1124750918402180209515106961459897
1808587429632083122017214347954379

3047972927544234005059464877935179
1202483744992098071578256426548117

3813255594858913811774224202773751
1741222011178346752831092508129583

2329241946404183664148353757097099
4415233885574533834895392536344513

3919175234264835144601817419960679
3235932754278167704940074185005987

4342955293878892044145388780433479
684203986655617589044667242815743

5108287027536382370589715744719059
3818847946591650332418400934223943

4208818206680069622436269560599471
3383502339872802900145859830379599

4233718839426915005768919867910877
2580187966850201176788852832054009

4067167963003187126639675008098383
921448709669340522789967847598173

3524177116340556832850339970839401
4262363114532734515939936771189033

4302780130489173573769183259629813
2166017885982065119295860892920627

1303402431186768366598975932204113
3271189835158301940170360881828469

77933120534813155503064667522387
1320130604786749635708332970331979

4115007190843920173173526466855503
2660397369041851723893124306143917

1157217180402224604387430386855821
1626462171806829928387721520565337

1383256495446045686315159843116219
4286983170419562628885430509919519

5087573798061674912145333849655801
2077142357247948443786409161823347

1342603166365738784522801573280439
841709014629538158583454754737999

5084522895600855429158506983794131
1931529609464380370732049291181931

2669196135111251691113688904716979
5143855257888722366118497860659157

2878820579367395118599440628819063
3980121899771050524726340542939221

4138623487058515120781879970198427
4633159014076842760670303248575841

5167641635825137967991112789923517
3956455820653736246583660594221489

1728703151986922879448698198888507
963877963746232577882537124483421

1651994905096875625792029214406357
1850984799008306591296593520045691

557787611531625879011260250008133
347002829533606372849643298891533

3208658906393883075382394734301623
4880221592853816036068794263210061

2285226385710801441776576066149223
4115133173404095611812104497252147

860038645833699185596752548907817
3926246120559738144431953796391763

632910922635500686269167950678861
933439713901805131182386282627579

1108012535565071370967915903215553
3205346954625080288924701436166551

5126429257192343773366543418005517
1439997107132521129586258518120811

2524559989575254195368366324066363
45015677793610009300639343571917

4880213001523437526118726360432981
2110653215712729612973444557805771

3817157979591394768283001056132071
4147546950817183683649408033793257

1637754486705235282951323156474817
658468188525887337485734218264961

3488983756282378374813127734705979
4351951169351801291933519928539137

3631247692623054747353316917781827
2111884572907664345970944977082939

370336946577297215688993734440993
321942667567423570350704811691931

2596249929183147968535747027500939
1807243164418185798504882258305909

1033999149076260985837660051627853
1658525165326967501757356160160349

1424720364644516008520110831626863
1935707879974077093243488824865441

