47016150636974487216879692072447340781619
46529757975768664257358250858134378878293
5835719816393087840196480265472605380299
16234430136699841404569676558250040537941
15688538351937153699087329270503968422269
47580559469162721187402908422159685936583
29309068255780089892274408133388233540179
25516673881521106313875807546581667679263
26788056759396068777254804641307497330721
40841421679804058212176783211737976168787
24052672664628652239553385153578116925613
23316525150600290815998811915123527159389
73707061335808578038950011968321319055739
4964296657893609630919424521069147407121
5427895133036370190846423966858575806089
9987306956899923321357677372135131322837
10665810892755919789962278348563981872133
26098102312703399161678976445179238141749
63039682397748144935757221347576387797113
7581270249630717133920021238257300331441
52121460804171702693668064635872279532197
3941325720255591129485391230377572315619
17752436671224161267091055837487361035597
20155173612096543923346964352873730690037
8682899625905113817820345959143713084947
10357809969965293363966601617561345268413
7064957199667827381187173501729437966137
5870169591551684786197709878097295911723
44448877702407601920766726070722600620911
10802808433288994761237999567996536065143
27052588280637160242259720426956838430113
23072833096570865027829898862513731751569
63796431987107992520854835826119669785619
26719539830776519369243761123138530134783
6858628548024070915923761817272742242471
572303704645157616356403384013558900817
5765071516853041473678960929964601364081
33975277673888876442795456287553270306607
10425426322574853437356348268713823247871
50751549045385928535120107915486808591307
20322901092384457321939513781111812917517
24009724663011534256331182225221226286993
6315565240574346380646174402496614995503
15839691861601684870268517272449928627543
33426183681654610343402674256618065992817
47764722804267662322322221475690592316893
41541904733791495929591642531218128711421
29657231527570275950193232782860499882259
28325843180746456897304759474777265401197
18717455406006691897551591513210826408577
45552103288965970334860583616760722495407
18253300511651234835980056363025353684763
26392867718381277032514323343152408162203
10512029598439105365605524490610360316907
47703241048300541961753846556958194086487
6486179684158785687371422269510312536819
70207753236353306667187852588255139271607
12875097709329074127075936647689545347399
52969236842194494453540862392455019428053
46378489899415286654000706218357205354583
6485907163079104919177021301790230720769
3474170564946867143674822957532821760099
5689953839442230524170755870141192198173
38503807304353060209518969648569567583507
3557349062882919252364827705667223189021
20930565207858152056292640020239834694633
3564845565023436514999531989064801901383
22756029531854927061276531340204135538881
20416682025320840486785531685372477628271
13227520699854926021152125822629932214507
11397467000815886859419405831304984030161
31922564279378124958897390627444046148959
17008295304140541624656209401464391592553
689805178972561050081527060120078424571
24309161633237974767757052744209896057277
259622961710610896667821266575083814401
3758126999743787051905520399737404384311
16543539633932202775264688862741161566963
8668141180689140264168867524145657055577
3545551454906935611912130786738066299043
72619069492853480923312575207679241611
39220803640044241753527837843053032215847
29482156545181790971382219024709964146103
37768895013806149138557191813519581086641
11844574515243699629640303105876230146741
14785759714135111708845157550351216392007
37463047769891944278378298457196360410377
4629964496570690925231289737591557891221
3757043777482994474745583416669143502293
3474010943834727417989244692237098413547
7984023027560946712948707916808406583649
51804095002702497195406021754346031665653
24290443100354880366416036660447327052299
75074619184042577328002963799127943263681
65904308715397337543727084429215597876083
41390175141216496465077016834488246386977
33157354107611657576880895872956627718049
2277380945096441371556791540056989750617
10755528690335113200382475432972062502827
68998252278130311444949040599014983080141
