1087652486174197921
1085160205919554907
161405028425538607
85989463084441349
121268032914534587
273505955282637557
16857234032870191
244507912685372993
159930023296355867
739265234963340619
43590941453606863
6211447168819279
232289263140894671
281398468316830093
247141230597675149
597168356841247691
603403629036715657
246383355299077019
599985367039127627
221221861319347963
53211313512368821
207529610787916163
149280157462964009
660626708690694019
8804232420527617
10250426628887813
21568442430223567
27159150511812409
202933342562040157
262332125541455327
272919916520776669
481422669577771391
207844624379499241
849791158127341051
23674713847848647
236879735551242643
14265084954906211
649440300283792561
144788337080068919
429386378927720059
838167394019202409
3570629878834787
22401034562163931
119141058287797031
81974338888181563
460462457225130977
451873406667249893
61677868654844833
106423577849331653
31818106913415367
479699954849489471
42060680971210367
188657473160381377
327687346088682523
211365207187123001
198961874209384607
339111182241850387
90584396746200893
220419102911494651
30082149886625819
720516603201377291
689133603484421159
143163591017589647
918007193377748219
489324633193691353
681977372130880801
4462005463265513
8806644948752117
337894733545555339
508468679344055641
112568450757462529
241732259221596457
1643618735484199
320672692507070867
98535548037591017
330800951317930151
7793993418091277
498933652735682119
1080406628724016787
38033439180800813
10223411894183867
413081080287966677
364945095550473619
644882138916315137
69808562699066033
482244399913212523
512827348146753389
269697390719647483
324245254965565393
422763753760810901
292245854820396391
6814725984012929
141906774700707521
150374158619090359
24200401235692489
191801642752118717
56776499985744739
585976650741839681
12830169353747959
35930888356495109
