2515682303464984280150658002111843
5443

1399852287451457074437783003739889
27827

3016527944522856360583853590514111
27743

3891165484626755354907680177500333
2039

4361637110153056876508600236857887
22697

1966557081652521910662743812567561
6577

2471145035682955958458151089090987
33749

2746856127353676469765928336826067
47059

2448407490434344881515719930082143
60937

4421444672573129325516415588985837
45613

2068036065117856892116876669759681
45691

3776417357078099988992130693041281
347

2878596884936948375302484799900881
8039

2622348589816599275770466272827347
35339

942876034231367637342048310612091
14249

4022254202617696638939674580259001
31247

81681389233229655652380727638241
57143

876314370150964049329437188836727
56101

1213758701907340132534240417904909
64679

2189033043066647786762166271241311
44971

2097650639891783529574220530975211
22741

892267613551004563528751740953461
8527

3618226464597785093661571061489893
3187

542020063135414830641692836940169
34253

4134076838517524207257382832072011
44623

2366552923935450171983354643147143
26717

3285788654428671922946764536371411
38629

4747723824825667873524255775962727
10723

2093711838374846561672523050777723
7001

2262229734948553659156180234040969
15817

2019082461730813500912284822642639
47129

4329200552888314560972535091576957
13127

1255642682135218112922717240553433
11329

341947201262685402217435356985177
5261

3651458925260683437434094920980363
57713

504245244479599676543687345782741
27427

3847605313532049707064887764793149
58543

4912606017198502538067173057975993
47701

4688005442688592219578373142191399
43573

4705855737420486302714067090438503
52433

3878233641023914350085399579487111
17729

4313210545299920839873448395652723
64327

3681958383578361677269516683054677
45853

380386198888168014417846449873363
30089

842825664093279731992759181388481
9649

422239584478421027603140949977343
11953

3489562020099052231929809945483923
15661

1908427944754193893827827646448247
5077

4527487460331133278796815176888147
62213

4319491660230504229100468609188781
5701

535434737879482498633188791710757
19423

2034552409773340350583716178774669
36493

4506710969918767473083311382968049
59611

715436606752033983975384551559917
60373

3918711676401810303917078463238507
57847

2306313808821947996291149624809523
7507

651424689924406668553892502924413
11489

4313309784396257195089863299898557
32717

1150207168836260164303375992849781
14947

2514151932088486945613129956787639
20333

1872423754282971963238656373083569
27241

4147487441495545239682913265704089
25943

2248374041939856721879841680839289
27487

4337810452868794306318406842245139
45541

1931101699249830111366234706611359
53047

947131442283853833894779850313829
2441

693538681038981909031779623464429
887

2507523613328119687475862841168031
26263

47007185372969486864976385181159
18133

3724004888662113506535728072493593
22397

4002315505208429880874132473371941
31379

2134386998716161312730860970425311
487

1016777580012962696289061210298941
3347

3927283427795685739110065455657343
48649

1366336804571213409173603794713427
60811

650159409461231564570570056283239
2731

68785838935764084105891267991469
41927

2221617990109582422097906396910789
35671

1188621992929494750218763115246123
62597

832370466717685371109838255988709
64747

38212392994201681859412271157269
25411

3595334775391962232024084190845501
61813

5127747130793615949529594824006767
22133

5031994582151156429975311626518567
19753

3825570854008391453357563753982123
56629

4316741955382351455169710443134243
38839

3976126054562664942230417572213123
27917

241745438146945892481660654225697
55339

3511009214790230956598430542344363
58979

3408776125675215218616642225434437
44497

4739347938885431410814010902485723
31147

474688013281192491145695184484369
61231

3768697810123223470308376921766771
46867

1263610468003596308377894666909669
63299

3140950134620170497295971067633351
36151

3858670177748387059880799077979289
24251

2667807583020206584901718250588097
27701

4390131663865237480931208286069697
48809

386693310384432865058979486330323
35257

3727987131187569478447177851034717
13883

