52782886692476376710765629
20496627333450714733175117
7827059103308465505144479
3183664853226253296904699
63102715480809909005046877
5873809528893570179271259
120166005038587010173227119
44730694202196371711928373
207786547826877665511024083
84641314663551844407932483
154984727569121919622226417
154930577920804211268174869
62516073543456435712701809
15307879588269784512681493
225702167635796054419218487
208908291473440900728570649
1216730095600796921888279
74948371089078678069104621
20426028798465187606397813
63296133444438900794337587
21874276128732814045246081
59996048289918690134114719
30150022254123139874897291
130523602821399159382322597
30728401417078485031364653
127093279381986113875797887
6618394278703439311023761
99274524063674716382280437
6608175663849884401273753
42845733059368282321687757
121148386134131308687544071
136593035432438273361849581
425863714875756197069053
80245345840348480595677529
218359578438858966959242433
14419266886570134159696217
110452639052780654626382179
70240690176920144902367801
210120958419433867766209877
77512833852907906605237187
19079026897447537488346883
2575242109879403922154391
218283270277695405803073037
165587111676938964224756569
14355225589179191114824057
22837547142370561921540621
137570308277200862333662597
123254765278352034888492439
228423964434096972805009453
3547245972170533470021917
50185326392623716075185749
19782521544885275106837821
6728156424063901691690491
100780609731924695086779407
36909627821319673468924549
12534215232554431169448689
6642558689847321471412799
112618082839810814050639033
274230205041880572403333
83948574125995898522276237
78909124334692345590890453
58209150070480371184161889
301780948908202616281104817
82476531799521747892095407
216439732953122685778185881
123334060966438122325199933
148191961627082170119332489
113901917613181168968830041
209947700118510254416807931
13691751325580186895663553
70378838044635284590321499
49763583040776322957235687
4541337525242983505453663
211453602472488765959898677
150207063327162952244854243
105155802646863798653246063
55972043750597476019546089
42795199132748363923996747
35010701860142116482094117
76945811802067516131774953
40391107721713107696029813
34974065008974182731757279
679693846196299848813763
47667464834199027972320401
234264077659809465717036677
273011731489467960632009137
30002325525985151967224543
15994724246949525858145241
101560111009088830373528441
141653902679866828494396863
166255082506384314766742347
226258764604150544401217287
130919862622209071870307697
177139205592735476145932059
20535839195773472725811999
5288916768246250021762241
97967925322847983831255931
103544206645410531735368743
53170562807002816395689957
56145122595300861733119419
