552331667356062914687945926202245216736397976225548815099
617738157866120874071496505937178450796922789191053027977
2650976166707066631393620378231085748366748953391149170619
210183823749965987724726429178378579433533935605340405691
1508243402923257305586783173443392207129459123979260956963
5319178722760733160246667170922388765686342754618316342319
2533290066743841755439940649611630220579087727896749568071
2673765834813890236816122589632839569383917174230468213193
5241474434532585400914998505047207557118411544898684124741
2265431228016248084490550875631058455579110794663436522781
1553870393426442959666506710165284769025448310020426646181
2445910514285281810745150933486273994565078220377649533031
678186540780188728704115255137255931243152117961901596213
2578261598896393158558557037275909148136396100286268872689
86990501090655290469524386262494129315526625175056833369
3026237413223791684245930866180158462781552742314112717967
416028300817723780271805105976639431180586650476984757089
50488938601294155707398591824510455587808046647932748779
2462841426458596287220784896257274447428746583422554726607
442416584943313763587385665672435410495676793035995421027
1026405999890924424358651980087685618636406582392670721787
585162951983438792696874359091085017229335878638148636323
878969858008278346196633717185035947436237657216285691967
216494300810070732633798468680454644797178833542645162853
1305364570333947017887176409552790571173571719524095800569
6858341279745054606816440260071976837081902968918518597
3062634535403505698598749844657050380868303283115116073873
1805493087323624377943799389503660838796296630461808966177
3202217872305940595774897891773258473332960782918119101951
1280300686252602858230559077457127904074127128196952001349
603653952062210002825113243533698500198632195610491267171
2678681980922359085614215973603051705336764828385645054561
96458160109206515977719033750129264772966456913238247403
1279499452435314503990077067649111315932819124491961747331
695655299728319632092718210905684355035444424769690980657
3514883144259316374744116556326596249225755684745001361047
1983248913042489509355154933090500752906923563947098541149
1977481471731176552190855222155492833641175669365623344147
123359689561072544131443893563443954961932382479742182023
1565329094304650889126024563696479030215085490369803180789
1868983124942651859058222389907084506523399628268705571091
1951619803100097302481013649988076386826684781676538013779
2009150481460892209263482221351597555969863960245781125563
1490088112845263267977811259961934819258510590274090413481
1251268645861918076362456181566184885058123177172003266043
359219394165016206884883005944233655648135044681505932239
1689403096757905631278658599876791049871836473199984858657
1474907945455217788038809153893471222185276360241990724731
3832637216304360982943354803098789015563228164924443697973
2005606397193928676754303189551763404025505693404459870871
4163567833092720660474624103049236535308510900819412595349
1989607820328901651876873647939632027013080510054584876129
1376012231138503186100577487769392281968696229457273676579
158328459840206716175338226984679717719642835692606354753
28998806124230128671773603257598373889425241401287073533
212758134545574988667287171505603045941262249202286365313
4490429410255065252062636688121593178912166799030501199273
70640595259447008088529160248131958365602803455015267867
2187911450150126304158033068775670330782364913119104846947
1379608399811755825062497994353397810542540502137416110853
3819681466071007169418822163729434994079092371591692393761
474289513773444085631064798402527617205975038949853701599
1716822863067954481012093020693092252842103258651664826441
2158598460334259813440940522225085700671419384246694098047
1111151683713725593488714727541786637507821706333459014471
838061779675290314821891183836919303826469386715619426649
111925612701321180960109064271189936970093163147296392697
1203242661113424544623169457615738172357866599989554419133
1937826531873390966717005420404792413202212130068997545391
420525076169823453967424559740628933342628912789250499679
3191226390511328636982875616611893855164533318170436245717
216714768637560819939538275261316366772627100418786070531
3137148765309427259715334225293021172422860570642696544313
678249692114503774498405942679187122854980301948428243937
374932113500756840135237815203314085189372850272470806789
176982467305569851506937254416583163237728109468829360887
4207814283709007148729500096139949796794230649374513606409
1327460372244005236883688264738303210528371869061298836443
584474959184874694558085279794422889913814671156209525699
343201924214230725338197244265156511309870586305534998863
3853906954618579443592359077640592001084458288898449661333
1554511042176784058902829680678842902836115746053384798827
1961237816312543496825337890064879382644148514682846937723
2394492599739665968271177218906973835401504437028499480197
2174051633016678486361442490013860142607642705213499381947
1864191439360657979524505666983884248965359097840221868679
601288432219079455261192017189474386701295502701269486781
584310244412098117108090589721971860962411387167146639631
1557947443815915212216248423015735601346956092014909456277
3100950894517258982521285102305398716426127487746821468129
4403619333098064770035835792465907203657206344094563117269
598003681918399615597568271493389897138745777902058436267
886529558829915210158872722889383824286036048471838474229
3223405945271806079694157234629034043454168906651698596223
1602368231133505253482975595616230751537594574135754405671
296444405456392572031693170793917151161446590048517150357
2233963556184566732910444096787482782389672095086629232251
532121869426975214846573029796002469944366068478959579577
675706348889054160969366159851106056187360119512540111871
3709346316837544273899542417960653081163198185819504204213
