49310487834951877994310023
83562918952804926290665439
28089198513654418170753683
194928050633734388655217067
175065168066219512346623513
69371746234393680639734933
39201353761583261690529677
34152091586014246679188693
25673326874162278834298509
21435309891057845227433977
86887547596206330736747903
75224777680570357197787859
187287205190387564673734857
6280991310297244368697873
134245418240251097600958623
64394187388802708043874097
52501991274204748027257307
116758469613693531470429659
179577819794248978579377023
166703737285587227115392659
207151954302223768346979479
95065741068118221114395387
90519549951654104382618841
36782142524771252641972117
9905448172589319488917067
169259309246648588482996907
37504885126437511820052641
121006794785390684496660899
17510490229480095214176349
108305381320516243616756089
127404245725395424170788197
56685830835862471938530813
170418207348495004411089673
6321485505887994622811783
43978166977524510480274549
249083717708529220832787319
156016835382944813236035287
40368193337113536683183393
33827207966098752266343313
124304821393282099791739403
39087198384373521956644463
9979374437443378803039371
209360927718000428993519909
174859801463428230137703541
145107768624807963394138207
41918133101149507081085639
141873709755690467963322517
1926368714358011874132163
82771328927069084103440477
3091760370648328995662377
5529982610140561339541947
9592608102982187180595329
53418983071278037916262191
146673514635574339273674889
125582244146317903326245593
175680352166574380790103393
249429117073330180420048357
35093332748721835997572913
11785048894358661705410951
116554408917945322822947157
51478858080490271980862143
34802748126110425223508469
20519054774874163274877029
211056864586567832135303149
110912438762948608420445567
14466303979055726223826291
75579537969224270649813073
50115872482070149197608129
167949323422780087216033981
21082206074901403386255079
84410181457162895758269823
75188560747345485336009551
176135172227234939443282379
88933202079963293658084463
76871674965759590605732601
16981109195611094595082759
84856300364282861583594983
74304569460309379113468443
22054119319869008369370977
20461905678482380581779501
211720346414625226615810249
115212128355496944333746911
34699650583278662739225067
13757153875559844531673669
21319709191378660440810881
68046319234965230259811
139048384322167720108626857
167309067749380635975637823
10752094508412917438338979
209766704481916099716259801
17669864317435132340548397
41377365535985150711767933
60530657919689573395612361
142525061528666102694291721
61117434762024673295777387
68750241319101616154088251
181701704366709596629080041
1499579190398288643932083
2077622433938586373464127
64517167396070884345734491
