28387847203704173871138305732701574824964551
2081529484191822099790521250517880209889060169
2386579025056890313017788671647767317148113
802903614406189414694107890143441080976188643
1237872124803884507796259850929562376793586513
4127258585318625484458307608139371846851115949
707696987466206385251020443698008016693270627
1408452321781791476802116260625154097863265121
260617293638788517375390712403750857013508533
1006328179872858157805623750098601704337660459
438176565316660422752271347234061605372098913
59421306184727777027196530645211864689772709
2692149608487979824424134193478172083677446953
1829713337514903788418636173277970994303430193
2458321476625511578207832774896507751493627719
2350330316631611854761405371810037011100173113
1630562324623873637635353667341306330431972809
966883606832361346239372192541669883187337859
507900338161972576617816663521083667733084947
878728496888117449587502423733378640410653229
748235497012770459788971734768779518605805319
464076106577334889116445681596112583860619021
2138990120186671394643854941134180613008145051
1285351439346266791621968200696704264616868917
419331179535792503774349179686492541750263963
2574318323840590184979424705308569750648839351
2191272632718770057094676503540456869923005293
58103989882484467084624881026436781893848527
17098392404449131667923917055924596735818979
8954149937331015558260299802925438664528303
974744040775492931808160585306717663206382429
1445341183026367967627954969405820302268081241
1168812111286868157759579738545828820104792737
1419919859660869697441339137118854153738941671
1501580353900902589177467485323259073333203543
49814663263343894039345291251014131198757673
3829440558035457725944130766714976104681898933
165675030496835019945441905531349855032358217
3455643360315512912131708568129162940064958399
45862658735130439902496636106635757958213451
1014727053023840039916043884612945024136372841
362872219500968229247851691153894256237667983
1163982469074167755278019677189923391746766791
1892888807287071308656085086138410522974836619
3546136089583347610858865344727292311353338941
521272565517376465517804158968369924820950421
2502749553582468171833978168452577801948271449
1853887457592052429132713130477267534395319253
2569557044388758396045031569847743681828541637
1421160465024201750695385542874844561815781
1051359826862834005318861302710647330684127453
3036556322167780164818155350843963379298967737
146875570779439630155108682087731771290000557
3849537159644996014716280903642967522883855779
1187709098600046768823400296399187835050413133
3737805688634891925059977608529495576794048373
475364191360121886242435816569539138795209693
1501550464131292793883957269543420005283290307
1026324323802617857211896307357784772839794659
233618291469726582528493645632424501020514031
4843387458919472014192616319928757450833994129
451647289682982404663675657837016387994373999
1043569311108274261531642230980398257158426887
3750439401693198505172313737671275148494999209
8653047398814072367146822198844778213769269
2747389423327563191426461169028876963652781879
1092798236042536617671263742359390181177483599
2008144031101097445788570788132663923989715589
4677968671429118482293580055556562680963271627
4246409286082513915965707136706504429505164013
406227497640232247949533653198727933684906543
1827736505395067575872112493805695451251840311
193598128134993198475818124414722605296452983
599370869616763668615553937793348480389698031
3668915725079629142425281439968429373245829801
959238135989759833278838503529898629951518187
1674298897598448575864101742056568263196964181
38665145878057969947806708527733511021685183
2715856782016378884837662377005876716447101913
963138547284854386308525903571102434924112051
77238548309107917377597260432205772633296611
855143543211917141871689864056077661772826661
1349680504944235597617593425575524775316769299
942947688602548956026075382851264999753197363
881893524418032775069487467625103173712020987
484669716042052349001852265088138299670140481
1017963198998595618018851501216582802339309647
61164804355686986808766847529619952604525047
1227510305048866235732214528349426379541189889
266800970997487168796570402280455695264236413
304352741344634298574953381606506516250135677
2805852778198707325305508761176405483169753157
450036446903396820367714012350418705059304747
240033686021357818809501683541733000813152689
867264405501522555094493736987845162804741647
2166667466331625296602278740896646622657570951
781847037351790931374481066534148126281578283
355850681636748029413197001873096473051156521
400706330410256542583723385890036593545338521
1023240521169515389717923946174770971524680989
