878884681
1750551991
223711001
719094907
3470954573
2000760389
3250481669
2679079877
852989747
205711
205592963
464117747
514643971
1707769733
1306982471
517788497
1972774631
1211407889
242990191
806454503
241976983
284135953
1004959507
927843941
191265491
3527109727
3029985223
2493245243
3064989197
284104069
289952783
171439927
2430862807
313925237
2725850663
2642687699
3190107419
323316869
1317861599
1407602657
906502567
1528879519
663882641
324209761
625583477
801516893
1666694221
6033121
537648269
1278366547
52565101
710550823
554460997
73739717
899506409
2842095857
1484780081
708645703
699285611
1128494557
398920343
754641149
73492651
1063625461
1794596663
75196057
1024543379
403375837
118185689
308645719
1732205689
2342644193
2535182737
668159497
1073094181
34654601
3144143627
2258407871
2276852983
4487149
2955214453
1260526457
914920987
84918563
683737051
315546719
2661172957
2670840307
100995889
1509600563
586076693
1398906281
3022160783
2620964569
217389281
341485721
200652149
78983743
1984177697
1574255623
