164066218278968966581601192528429854219
677447373997

177504384935918099305971867125116705931
1037986162951

150360366878462238029524964763853458451
448864902527

304212034122495804525050251256427096209
564873732629

58502125325387012439985141690213560503
279576815633

13141009283664757024061882290986251419
243583798823

46303469239224549745077554292308919997
92566231843

76594389740702047330364874889805482177
649303174447

262746455647967114645233257336042494641
483288693491

279099257469707523553058512592180169263
241662634243

96213249656783958835704257870123188649
73038590893

60748350666840982676545029797109826627
892093529543

84242447343125414018690878559384297627
284007593161

240585265871903219842892765759797733167
812593344677

172607978567233481907105374050212078803
157284901271

335154460837878959810232950837320600439
357847837153

97149598076208306126882753909273641837
421437303893

120404929562141688464417468779627103657
767893190567

4840102130890953022429351716899419769
843740405993

321135507569592285338929808722390248083
365978039797

119878755099538070123927398205925148181
942896831537

11661750979208884577403522896288601133
929967021523

201494999841985305924395104064803534163
927137893999

165490476401132890786510317037831878769
769911433717

36439148515469049152714382931904033971
336522176131

193102849458890367751986908569061688041
786126515677

135867254621071942397049792233791317343
542735317247

210331456871219680232359156109314067003
100070833199

160463540035403932868576079559101539839
33681848737

180186067927594493071608667691759503423
463929262057

243451196929139364367276555620300345103
190630553423

185541497655125883495513667058136585671
9548355721

197821134332532868307229370488748604111
94742917177

289166939945468544286582495274950196117
14138761237

315889918223104081720878109627102691639
933427961021

317550616878305418065068862097082884047
495619287469

109826389252740442459590774853922369263
1093764559739

312989148116277048590111289386103021677
376747484723

199646912200434794226656033414247831659
303084116177

33912738058928547575573535507662364539
624098926939

196071529220844956284123043670150267607
341672843173

130725343651618181594070305749672612553
1052393521867

269391950523890799123750527644647119957
424532834681

86936244701032428440355568486510284731
996550175833

198216907816260559415839152459843637801
71742503671

34093428376575991663579728886126142531
333210116639

40836767639544352344959274037822865987
1062654098179

58038185224942402511096472699447834509
428563400579

335557641696852763294127996277359684647
699577503563

241209298870387746254812887605922802303
378672667099

89576160229823623009605169533784630613
504817502153

157740199068464342514409659472621094429
404904015983

267592690986929705113166946286234243951
28156686323

96183257114517946261964415904420843643
513715592251

203251045370610427209415516488388260047
429485307613

180904878375394306200585532366405643279
1085692616429

327509852697285580846771357108315584251
1009451498683

39239445394950079084593375592262140651
1453287923

80390214677647403281782565624667401409
146007688999

333044582197386587149090061687140313273
333209075201

3479411305567264516487333756827275863
626300853163

40782890840352101454397972123585940057
614341334507

145931421528115279317663020079170719637
905838610387

146273579307388789635325594729060867379
1084049141977

172598508682168399898265571259714009659
511415509513

57706508225394111918435240312785207141
828561881149

159193790036217757327640400068834596667
1066217979007

184299119318550196956627400633872026749
866446789583

220610173750104780727191239275672084649
427869612623

163058494274572718938810077069208170751
623796028249

42391263776246185040898346801955170201
582418561411

144987606867138170374273082789483288431
275062348709

248063353076117128145823568728215390087
207535908439

7847883721187555928968703783619987843
96312556261

15690146426286734620410517367683263019
80485802669

21194080696680637191244960560244466861
399053151647

159027621094446121215053816705690120783
807576239941

153934263479668869770461849014843255403
652173281561

142925857895750690498593214847585277963
1054475474399

77561110511980768070521090698107325743
139569985201

89828526608184230169853337482816898767
865058563417

140732347996647255421162136575887721481
122600782321

205323922738672682660165552624603359987
129444026009

150757849633527860941956083409034050107
150907933441

164026403982167576482352070284504777389
481194404407

118438730549949189493846897256484513721
436485051757

313183922781339843077832366368049043817
498925925249

230279486635464694843162715731346960087
1005907161989

223852344682526621600493676770106729777
284357439473

79360750198455440989443643053486455707
333770875481

84289159379089167886480984567871004149
16786435553

263037714678670267161077918677713181387
459751437637

132764188169172909894920324619486570739
397249643177

148804190291193965813853442295054700749
873812184061

56003478610084503267639223628297811199
500609548091

232463418077928482097161589731026665217
668783172443

273262857318789411205330923478190953387
54255258077

56869428891181420342019771933090242321
639734353487

333210767126201520511908766318461096583
270769682357

276024472817036740741102985286982059557
985215109069

