71489675812406921
89273794439

6412522323099253
532346358289

68028185430450769
825252649127

72017296495874563
861383898433

71919309716817137
11228834299

20660295298013071
1096117348987

38433918134551007
1074367767181

30265268533781821
881650891081

16095177043303669
660561436363

15683464365772667
354949033837

22410904147533569
229157843069

36538469822176397
458844729613

11738024938636897
543466997653

20163474770474303
452991009181

16577706475624589
553195417163

18427362174338443
962255441723

40168372106941319
210701021221

46552060718580433
637039700677

27146476398771893
217508438261

68986963129589737
113818689979

67101062309442607
917616660439

37787953506509891
853832239937

53017853080622791
115620935029

44614340422501859
624010012303

10870709604596953
876196397957

30742616180795707
4822510747

9433601230127629
574644969523

42962523581042719
491199696313

53424883216684871
50538432803

62220113990588243
748161629759

33850507010958067
1017176348563

63783552094357703
765560731363

43370030671057903
402817224401

68432654325311957
876363838703

17226791197353791
1010501604661

55381072420152443
240473471759

7129526319723371
587097988639

62572871981276653
983630583821

69957933441908527
499056895003

16468020105685481
723453436163

22066255635614329
84792781397

69540764679738311
116451810593

3677777339902637
994696212457

54290286181887221
610483915081

53075590387206977
650291098241

10356241796909147
258354510209

35276607297813407
956517852343

2885642449287869
696613236427

46481621977417723
831644844203

7675824883276673
204928325587

57314701668779869
1062511207111

42846701649879871
176395426807

53193426967312987
684715361287

4170627994500557
133416271487

59826843183246299
43493977409

40031157584927413
283641584407

17954044588074557
973842030193

27680251435659643
622459869659

52898777663277449
231443637647

64317262128367819
12989093927

47687179292634979
793899620071

6854503255721203
789499987247

8061661440681907
521387141981

13163222735127029
1042127665433

36283646474479583
921882507503

55688949513104203
311356756631

47833239288107843
583504924117

23366240670676747
124325131261

3300568215507091
739908772727

5880429634274099
1077197179117

23663902029934811
1076605649569

68918842691005939
321450190927

57892739498480773
373193001523

2708547757224931
51978571241

13926189790666201
477349040101

70316471353653089
852185848919

50252367685566857
131404899629

19321880917827113
556559133019

17133706996075921
660880408343

54765095502833519
969722879221

26902361843894143
1082116342873

40563390696341731
452322984727

6353720304627653
374228474363

32756104556114861
537027158159

50780197077099379
739187006729

24179956550637607
633759696541

68646595268691347
869686406593

63637787820361463
681432146183

8680467252310639
311494903441

48620489621328311
972806690833

47152314633764987
328975562857

69532175676668447
401001947767

2295232844271713
1070672930497

44277603578192833
34910284967

32491253224272277
842583689561

32256509173623541
147940495553

148321215242231
364243662043

52341984062970757
863034586949

55866783702681803
428431982981

49370814033948059
997928195717

