64301614208744413820781739811
3192151

5496448287037720846061712697
12216583

50311989520780218540132431401
4354837

34291373389928350613255176057
553961

70257749549961932865272860387
687019

55402362177214113741493435277
14636243

71360667061673311668234543307
4863671

27444668354141438774357582899
490111

40792890266578941156276998993
13395791

21661263738538736182159159141
5549737

72421455624513553977350295211
8788487

14728431265718754367993085957
8568767

14247931169934232175007853099
12650273

3178402145265643433929748573
4849147

1528817803584463361682744973
8938637

62144384434897836069722488969
11725379

445859344556151229506732409
289727

17625186977136282656896140853
13039373

2627787941263843898735323367
1539679

49265624590634628401582298713
8159209

59396697667138951635752910287
9101189

36455981863924940549714572903
9829711

71084493751293395260335944959
8668349

27716349040655380913637424429
14035337

10920048916760301464345481283
11869999

65630553306019982477845767401
16729963

62148101582691531288663507311
1442159

2674375451844900732122503747
6550057

17096789363487929726428658827
15498089

75066627169936794752892538681
6613283

67426557939155119646057711677
15230441

64250679672659651202364197427
14473127

29320459195398842021473294129
8704567

53772514930169126716927878701
7873531

68364595321148207159851938829
7872803

26397933225708591982558194389
16439447

51232633070552146623546156227
12915653

16431397556992591163710654313
10061881

75741512869862732244720327851
3477839

17425274713093778805518019109
12414443

43223601578285528129071300531
11729899

48651399150580807361967532103
9255163

48592443451161382981502014717
13204759

27772162116177590984796884473
13610159

22410852240750650209662766633
3984949

8014094437479179533429841257
16760069

14476483274249456748868494413
4834553

70068960370403978000720533213
12302803

48787514164493402817917781931
11747207

66439464612515310945339895117
15365261

16795527155328720216196275479
3139837

67770925197188076723290678447
4760881

14796674368595385226167578149
1967107

54174400781315172213388819739
10270417

27038910617985941471733611729
30341

13956274570055832768567799319
12339043

72546108466929063940131934679
10306459

43638954567485388740159509829
16668727

32631028585920622336812703087
3073051

75172242148347714118119363527
566633

53221810760129756516729124833
1477613

43257451487487910789236368509
3512141

19454382537533928309906436171
12387029

66253218319748445353804671231
15197759

60925646667017221047094925353
3092447

17421981997264788530463535661
928817

64214985558060978680660761963
10331557

45893221323933158458699101407
178621

24592148185684090375928580391
5680861

17615630357465540389235482343
13490159

14256504294191409289717185961
11833951

61279688945697905307849909611
8074289

25341905516211399305878128809
209299

1387728818836324050878792807
94613

65743372487884515003983474803
14025601

58769238644834985874352976509
7243289

40005034441974530973495612913
13314659

14972232001300218251470542803
15133093

33311273284647165185635367983
11388991

37989756973284368073017623159
3714701

45108070632186036092099571917
15491117

42568324485428013580777495319
1655531

783654341439784337952611761
15506927

45983228508903173027923082677
5314271

63770998176988557267242203853
9778261

27678586272075595514926816753
1878581

45276531055614548578543781449
12775349

52969534305254361399626647133
2084393

49151260907708983051589942737
16483367

33566539377627993268678845961
15055571

21642880636210085796483203267
9109927

45869328875595111601384904051
5765891

70555257230069430935802650203
12803741

33754549453677194447292758359
7310921

29163800342501521194914252293
15117649

47765570056810692730817946341
10079087

52352750892002994666022175233
15926657

67275056776743679199987329487
11488153

63683993325783918437606407147
16434277

5845905658474617698504051689
2884769

