1543343590119957033398918778092903559474798823
19675749235493533416193280351740528428126731
2646813623672684591270167448421052434884470097
182118663256541401297222445637816368733767761
39808009178714568959122527619523181698195969
335435499417937543521054489983868206580516401
633556845326645921537328814389775551035828477
3029832991062521674973277970434666538011651209
1675049708063955062100185800048989447573357259
1978311792075086714292083180122263649148640313
376398627729608387823689601097906789815765419
100714135030990894278266067549781618062473899
1088996054733974137072439730967359070732225541
3564738694497688365883708302429221117850913573
644856371499003880932970983114335729877001987
3025303063976084824744633159785287692335785879
684274301686008839832557714857462566701692597
58959611137148885276185230534113782690406777
3571181886855306430031225704620970491136794851
674298644584108901845791280236226654969537
1645839515860537879406618654491592436060501959
657777525427647766338234434174993399837478659
571251890982473804063046952399556026598314121
3201197252069249375476067072230419973398924467
3012387033030516786109127987740232297431352869
1179670618361978232387322263092589409299452671
45603276535402832666489955870438179139980557
1524110542645887656963213996180761510453029817
22912360288308252453213173446312008760885853
313189819225033194372601829049900872889688633
5157541690291517220173226579263527363296006953
3459586084818764004850586339190213234708815857
2236476451022647370760429449749133270089158643
2144663278671702432679134534519036303643025551
796126135855621253238406020314112788571558049
782638400412541480161548428226607125717437199
182145228070078633451757338864983804551022399
66733599204904114247683741201260830271576191
330600042864424606181616580777708265694978649
1916933591845197206033879147407147564555449377
854156542683375412899072106331866955401064717
2589140290912359598934791853795403605305278419
3059526813806577849600134212221510768541647643
37501144526882408186267721484805599764631327
2975767175425056304750415645386159527651482543
1940302647371378963626025559399893112863907119
10126473939235059903278302542246024493835699
3362235958711351208003163954205067486282697331
1463389280445708433352400509034623727625931623
959097406126019679739518095042812035256651979
1281566230999394775300797026925417858141987
501682453396122602892834192572999864788304353
300897348191658166825019565930327594172426037
533515138546828844647984474213317056573709809
925038690790877665460327070050785615482202637
34697890589374986281167374875258402115262621
1361212740636811042452803389756884538229809963
758586516750498421025979099139829048906284919
2670555298657691840003404362505855485766296773
2613520100814565430680878005896138426517518933
2054596006207550858810295899920855303593744661
244949832828884694510889344351424436164742047
1226732825473388275229751001896363710999886821
1265170383417545454977392797211021166788385963
2327805905870503558166327474945360674710753661
435229361796860473423305048714385472393964857
111909430581897439833865884459581546948595427
2232916095817514775648550132436345922877662539
166561868799692659927514465464852978342829803
2919822572981939079854497727348193075233378389
1571014854716307853724923087274840080313114201
91202955973839451016778874095748083277128523
679572743067535092811555003427985051741852763
1111472378413668206983252112844912519801602201
1876375628004473567686768980142558908801484243
42368112938458211808709688704213995809627521
3214697081289599757456741526200370861101083791
1456332296567385620856882539300386423152710881
363657197196254615590462769208311190720582859
1255182430074036185971174098813747292911779759
2675532381577293330248514156377006089613741861
932241980218563988554967457544533424672851743
148693787587361765688046128144875836284008663
4075953386122961736917209773225511913354622701
47473259575749518191867221975082604932192219
662869779287960033993742960194764317442589107
2693209754138486479115329446884919227080712561
2684523107429915466669696549641456575678804909
497776168693825945571344025317110977674033927
109764665935228844449329322991851340538350527
853276025417549161452065468282251436229853039
1793129874447022112015885073580144070898562769
3589774725236965259262111097064940033703938677
3619666635290013022412006318621405626948665871
385583588172890616605351734719497267059343597
539734877735264632809001033426178013737599213
198996296018834437318934026749101702609792693
724137659959320615260519694131555212980263189
82726667712178373322348858261433306891884689
603213937177569269016370964556048973312247723
