117268318672747321401866371
147062921842289019274919311
89534604288128070163282747
6282435207474224051129761
753290732305907800992649
5587357251358306662082903
63392224631676838253008811
12161955151531337976670919
117651467851564673788421701
1342425547808503569653071
2497914199428718377707363
38745807835317264313172921
56582443928030915905111373
269366078208287452088542169
29716630244876690867864117
7527162777244154638043699
154116396477043643642228951
9244063004646509896091381
42240088267859294906495033
242861197636624932922345091
12008830559951670573667247
665120678066498328021197
181031563754073446545914449
125273764326457565596436101
215587533041445391064467
58568344954695171235209161
38668567802444905902314833
14965189423591218814770811
131351370727271402372560439
2230934919566003309839979
68530775920919235202789843
29459921302836990805752989
14047098352903044292198477
9957234019391353665062821
10044133243097116753847731
5459107525040308159765697
32796972140435097580803173
61536769156395514175212483
175760802026238454387657
1214218510234422076314797
41571683625784679759791943
13221589109823634841012983
53682100201616797970765429
12253301368203199002567139
171479865380308244074879013
64575862544220673844176471
6630229374672234800001241
240759023360379055635523439
188106686807449287153109199
12506426347087233269795017
57447694536359961186962711
25384734109166232313363691
20622600621652032032196371
808115118137443506690221
289221229333822012783507741
43141010625291457938019151
16798705473319914033091073
98397769208906799510240631
65142360434006585239781993
6260231946365045293419091
126009090813992553634457377
7455384152315562053529859
73373978983220270119170907
12389606380696797159799883
7991855718739069805714309
147077695943606816018181319
12533795518435023380966227
12094288090978401454577857
6768119678958123044462429
57020119740215934615002617
111601013215182689946721513
37476722801880362613797419
109684965665598909739204301
105603845495089112612592031
152954272724342062219871479
15830070266552674099667657
31902258968137831764114551
16354956153143093394635879
61484273587504966079726393
251633978702341461317066323
112750700127389689003057849
28578149138311369661375903
25900969491521809767489863
53630565039238182517704001
200587731690103803020846197
236069328704639884715129549
590843556133862183157451
222503951390689547081089819
77128768508208055088135921
124160841740574452763289157
36597847906400681625473663
54815454516194372364850427
60243859938303464725178843
117554582863056374151113171
117495431883454225864089889
40060619449091694924717931
24999274384824627027869831
276357448641759621884614843
152784261149387056827524233
47952306728466659592773753
