238514188406735138302952619632417633563
2761621378635300844073

306810942370898198341705285004592818093
3361101544786575570751

47296239701568665152859927264813438641
4214971167406130142083

194416751849196422693299672737813203471
1175099894057768310923

287143942182999922022204777495913695863
1478436036999664502783

38499479531656400164655483777266837021
1467630053819293902211

119426071021588057667644307156987119013
1083224781473832512611

166997357307999083898292363329783460081
843211302875661386129

262020016823997220764888449274211350883
3796118688601602880019

318240060082667107991934847694755706947
1334166581665365746609

162919415255252949766008097543546767607
1258554179797478527709

44245492107353211652659880488759112013
4030393141882467737099

321939350903910647383558558297538886859
3014654564871654688729

118449495256094280199650171701144921959
147684268019146521781

23219543018627473400758865674906976123
3312303368299544314063

155168179143658749193743219886533837461
2599022184158188419493

195236551883622868837118943302165548457
3504330856957771669453

3299649995589186595081487510869619207
542535841907479674641

195973822733801538901996396840906865219
986110531053793438217

161879505270489687573894219835511489431
56341085109725797231

217407307075516988186653702233410069303
2943400353749460488431

112572576716789962407919561620751612181
2492315974440838432681

90083229493323930526571265819116798593
826902248580331223843

302658039059219593186556696354406193133
3369573198480553594207

153920768068039911979348003610806262219
2358582952764152259767

339107427211663153409623141826785631611
4338092385009011510243

181966465461823303321351482706814562061
1699949405973285479471

105756263822666946620312171534370231091
934062449595135595297

27699416659581584017336809307055114359
4128500514397830026231

153712159313687269794211047131579480927
1385391316123516086037

130262871252690356474059186701714200549
3842330216783752147901

222277363933961008550898198663851197639
3484249828061172242857

99851856094626394936427958966575612017
3123556590292360659557

310994149831924638216371637724660955299
2188231804931275189193

235402870373680771662104464249164599969
836664105549345659249

121147114312934480258012532454663088903
355829296732004544257

296676990080504106481789067446699129451
483228992419719137303

54442197743609747455047212044950208277
2204256646721484539623

200900727754804573498244417014437895729
846002359201430282779

313481948633996245641807277136819322043
588145973752293786859

232500530527721134261838884584147289567
385862012020662289657

58326327993280779128495704521724920659
2847688603556290511539

96518496184244368369767897236445601111
4567846624924285834367

102479095160668812405540886514295828781
660786846361331454701

282609731666466616056033947618906833187
704450133593544098963

104854711298758355399010918254595901907
24692960345758516319

193212186076406224505811343324691405831
4359548574376210351237

305494468318828757189101409712669067789
429845348753194649309

247171631626034655126822746568188506283
4684848301168227048293

253037193378799089681032777529835575551
1016934738615612069349

79352830131273608485249776273912223961
700767195852029383117

213712471932472097589790623382295429347
4191385484719057498837

138608126475793465899654722526107967281
1405842492697939506473

258141441347333706669874655134245558647
4288273873156608701077

281537881592498433061924323505872888451
2975290059233978447993

312788435733003346339647860107738991423
2593244357289759607867

112365294687363409106827222149073675151
700077703575885746339

302297815469013135161843574985814018401
3809455259773253642429

27683723053306259786377040133886833463
2403401972089954524709

72040000044332139794244558030062519509
71908467083386362943

118588174823603821163802923493288557927
3911309653862277442319

177528564466847064883436199156381838601
3647725960848607094773

256020277709510730316300437622249706003
4495679805344217135419

118377498638080373511234273904526810863
1535086516846324090871

327742678947461284909853441541996812623
1791365065717428276727

211137320393946917334662361810292542539
1450524326302910461921

133477562838650001474915306396815523269
3488686884812358891877

76919075149631567266091888618643781319
2745370496985254487413

207756425820812622337485228317536139701
2270547144859992713651

174353815314345641029023248206504481419
2342403843059317621427

219041969408397775419668829597297093239
3238444401591422355307

147549492935359752163631167205920063559
1448217642752185228369

327094347897202048230682122199157675333
4335402303448787524741

189974211431499685941740926531415950139
1194462023300743364543

165275178899043232660564337163229179421
4691468560740775725239

70103011484155638160781186789134016021
4100210048318631670993

147889162736037906818226763220499073891
4159432329569385079153

62373618803086137792489034404979350893
621328552089553894283

146484786691302222271720437784731594749
2524923005976564061387

331328067642054367016725333353211894433
733736359235710622273

39747388958360221642929066782014230049
2295827929160886421673

75826218576632386879952436903808019183
2932100965399821125177

334674117656965036052692092995388490543
1040160470341218477943

29341459929521699626756452502388134367
3483398562062208837149

268931829233559248211197032769681228417
3202181234475651212831

257148844612826381525690951412651156527
1762325625371243900389

303737808022347317428895122928689797811
836952323527662603337

38238801484906140743917250125964501689
4567846497790496562241

179688954167595566883987748483226006917
2804169916436035839157

19208878929180188863219550707333868189
3309350981171876628103

89687399376148021214319769751368750349
334813569455007673211

290876642007420147009249947304241902523
3579699780285396321767

120424506479387610716327497357904686927
2621489906168760919013

250993413006866342168925475463726388181
4517835097174941910889

253845809561769714362303032103566627499
4607025709476760149247

306174403301323567405894804566803312791
2798935945224917678309

79826637124837737486833367605667145291
2563756531260010951741

71067615184373864681698224235846210387
220819981162172414279

167443543415178616920451762074031915771
3799212417701738217919

338708156068596102870484816246978271417
1704097994738064799877

