598183664123
45826068721

242184562097
39998452849

492227114039
57739444073

324589825529
14452635503

390817781969
25382683043

949337142973
44225434537

15629455409
26940723083

1044759903797
45458123489

497654913401
47366100121

81769901039
14446811153

330562212341
61067574119

602269766237
28928412977

358241617073
26934624449

787769491319
41823505133

188111801981
7532213971

852510038843
7022264671

296948155459
4332280067

916969978889
29678160179

503050849577
64054550029

581210032687
3762459527

783069683509
18482748499

586675717349
55818946927

669436077911
11743489817

122922327323
11140078181

565155450997
64978739729

992915309299
29975164003

17499925727
43870367077

24177532501
51840656299

634245971033
11117708347

297998430601
18902346367

1073406166753
38091401207

438615615671
63546191041

922121221751
34850666551

405391796071
21268522883

870311403853
54412995811

616566196661
21453445549

130123160927
50160659531

854316642293
53462998003

966318748159
15825513533

201774553447
66850447007

233859903457
30291399647

744761528447
29096757401

1053190804571
65783318891

668054139143
58003525031

979062478123
8822265521

700005113557
29243460247

986024957051
234294847

202734359389
22917715801

601062219223
28678873117

370742797091
65772186211

1015197303821
19467788231

949726767601
60066020759

314217110827
39662317727

450744423809
62769068767

348912999203
6253936441

410041160653
3644000131

824722915483
51736238107

906182273189
57835280953

963910281977
36508300061

106798449397
63998581151

161368444829
11301753497

850460078047
12839870291

391526439407
49271664889

1034392074253
58384297999

1054861072537
41196072091

733432551847
12440939627

310321704247
10027621459

933331430459
32582301611

564076405801
5288742839

698031564823
61025670551

492897563489
37520215339

475549801351
28560687359

556823224019
25742618389

267685225069
748506467

585542979529
40740768113

517996781201
60636955997

322391590693
59986490563

956140701623
9529999481

1038300949423
68083970039

309624948559
50161637731

1051826902549
25370910287

478667972837
18805869409

209568337831
17450369033

26231232233
12558208697

549712094011
20156984213

310188212797
51394386343

775521625433
55907824201

1064090029403
68291770907

578384478481
49807829347

688442250697
54803613437

669362780441
58953699257

506427327793
51824945099

171555467813
6776099879

1068623946199
28472461421

335408154163
59989825937

144568245203
64906619669

289042785953
57584451049

899491040647
18341649959

537534497711
13586252857

279537949121
44422870619

