1005185824367720293454047
2804610883

216763136018915511590413
3077294911

119805982222891254043597
3383634403

271606172800102311351511
1754592121

893270204790411812537839
2613061609

797256210008656730518111
2370138311

1121180901195388968556051
720395573

488951186001789652610533
3435029201

938397519508605140137291
1282991449

250607511640868339370733
33989471

678569223813354012482419
4115895617

1089078448662608568854479
3727415119

128590055771714108689501
2723744887

823796996052642661954627
3174579563

762423280097890924819981
3917244337

728586829362461136578123
3959936467

283451878982003287292273
1356597269

499697121122498044819847
2252183977

814040296874139996606557
2065298069

366481351140785993619523
1046666947

57955795772222597779577
4134719513

938573643521903603827429
2636955583

221397193422316471703569
344839697

726585521045393943485987
71887967

476049089813618843254847
2627720099

1097841203911361482297247
19143703

637264476536517374925781
1070976001

897535095336112256519999
2427566443

1034613966523100173879153
3510266867

339200079561016072573091
208505897

22416874781268136730801
3638275031

708109460980706441191811
2574867577

945803935009469137964291
161032819

400958769781163566772213
2989382723

1187944075406381879341531
1861443637

696516574274891212218589
500228797

63087681424695648801169
65935253

737959439419715535992197
583723937

99799947696743092298239
1097513941

974697549605426650290113
6429613

333817267368896939861287
2834020153

410509913788143272935861
3202162291

850517946657575550381463
3027496603

699003507637233621053167
1451952743

966061148714038950358241
788374109

892968990185271711136429
600314821

869494981546403893545439
1686480493

649567721567689066169669
1952319569

1159671358030445441647673
3467041913

443280027213612047335937
1592135431

415150083887477623236193
3463400323

121540528765408324304647
2909949743

1142966690601064790165179
3695270893

319645062396860744250671
3163666631

322625537643033943870117
2047255229

1124698615994624744908279
1329443981

1108139218661894788697017
629834417

1152662784344801026396741
1818303163

466888273014484552261573
3800412289

1187215139648228648384627
733025239

723295697599159636554413
467224333

611681577107278516884247
1522031393

3602429606957119119553
2229647083

774900549847609957902323
1469069891

1117315458878090916712921
4051643237

684064053450814663922429
2975227433

1122850764527518312023137
1863821159

1039530742696301631563339
135115423

1165087743778862188503929
2174345629

373951239712783809613567
332032387

777786516785492720844953
976275077

1106245075578659488985297
4000447589

612695554366694534197513
2390842687

1025037210456766621020349
145775821

871485327109823538704411
809433377

1138318972993553801290579
178746859

1169409554067995375507249
1498541003

1150602775207612605581411
1575868433

704504492448321907754389
612025867

698879948388522589909223
939936259

147361301708398918695593
2362424923

727799151106975772510263
2743366477

1205134799211895491912103
3086528561

952011983901366086089969
1958030159

938963539507504137413071
1061331247

401861370771135079850687
1954891283

531491840839408038745187
1149906977

508218850765041107983223
3877533613

1148922712437258738180769
3978046901

262493393266454062892303
939501571

901130473317896101739671
2647606147

429941971889618355468677
2626653413

227723360662933511000507
968388019

871791149581780141106479
1199990317

79357999732233522344977
3438372187

1108092473133242511713963
3990423191

131035564754674544526169
2501571649

12926949687916300092569
3073049587

271984848022905526088023
2516818901

1196520235316467837226389
2648120693

