50105123850681690746679460103
21485200010601615588544563547
21547271143645356001786074127
35008731670515874147824927383
34724060134677327168795653813
24171643252507263275097942293
9743369488029191098553703319
39560321436045677238694170907
30905656484654671483883437673
42063618025730980884238151
45550602956523769402100416387
15490233471474336253516980697
20536400705726218507380646099
17739696833564221177610376877
51873894108797848244845880117
2497152556703779722383217173
11987444989866948658478117897
5725724538436590984355961977
1018389577329119416357422601
298721629930125260482146631
27393534156297899010984469919
13617936887410152911373032513
12794701439633477852804773
21214905116207984300641280777
6511619881573406456533003
2748625940668523106509333387
4186616461446265354067314697
26308236317811322271727467479
3701671163203450171094082647
19663205725073962420587571333
10949635162733359376104125563
21464554869577588349431109759
3935424923988865112902978429
14022400369309485329001417353
5986777922672145556973860421
187348759125522727826359451
8062316460139830672280245383
7852168934983417682953483513
2526756938581576973352160163
6634870108043834119904394953
34792940242366388784176956529
15876906494969295690451128979
10123743487082224414566225533
2870876655079569173110294057
39431899564622471889665063519
5126774912346258111559490099
35538665358312652168827454907
17753734016860114701745599091
15778242183286490442542960093
9741584087596726195003456817
299652012428824860089228563
33682976748775147361687299391
31230194817843139728155375303
7519524092358677148589143683
16097090978022500604190561541
8806651155672019480005385949
2904940213447807585494297901
37372169184149504829944278297
11146713991452509420392950293
33569500241553618112350989603
9179481871772692773475165019
17036245077808431794326166839
6142351277663888017219396097
25063142793763981868449800287
25191905272462520342880018661
71804752589553194207362786447
2492246922234535629912952913
9959151825096546085130145169
28154631031011462776450107
128858602611577283737012849
24555443053628038532537062577
18504250966269789507618114373
1969483952161609375168312313
56127810501152270213177319311
14439090599862132845654445967
2747414531387162750330331731
67507823607051470106152961617
1736530925195108261436372109
1596433435575460817231347819
29942193401375025831035780687
17900573575657138873916308301
19982070741047913072691837249
41209863047671316576689669
4386302075273411003357594809
28710177644286505332360081779
22926586534744209633028849327
8603178145205198191600107323
3951860971447403161142283391
17560093086234345035588109629
26166261900424393241054389667
11281448650037908352439634967
516760108207361222758313689
3654570791554332177456161539
34869856708059494896782532117
7406355404314057299799884139
7637960227197477465688330331
15827635825557729966370601977
17749915481860591257319486513
27675555942658141012073084593
55551006547515603203146606003
