9849155896315843382611660813901
4284682571747501488673

4305617170676137849761296496443
3456729196378104397787

10212716292051065714722838989043
3327896549322958202809

13316747496195553471715526924683
3986910176554844166721

14672838163626224783175918253081
2344347993630600991351

147150663173192201693952512711
4554095182824254709437

3920841315734132016154572296611
4415298541667881388711

18997687557200538523748568793007
3740440772663370641417

11791451050930015880924619836899
3387749441035519971427

8758763086155672791685125077063
349698828587825188057

17334107977769137181490433541707
1240305291422972582063

1265603703922803012215786967623
2552225629893216580397

6980675702035523356323465728197
1314971303837317637839

8937154867789009464856649242789
3842818212244626099071

12315887134864344857337572245463
2399971869689121190213

17116989809297158845361533073963
3779739845516834051933

2961653455926787397553833652599
327700086678626189747

8753212558670064924307572268787
732391403157595729001

12651078497393016544818893132827
4189046475896384525431

16308633074817878210023177993571
356634753748766707481

13316455865056240364089519974299
2130443228824201155643

13468100871891504102380751113747
3689457116518270072543

15131538927296977478325822687517
2896227588379025432027

17164309041350114525014976711131
3336974727797310459161

3679957481923398279726380146699
302269883187846135697

777773722174040059018473938527
2874477500351735977717

11720531510922138521913047407849
3241442504256711688709

17473445965621176273652340768143
1758579183382651761601

673738262662291370799083772269
2092063808605560326099

12296172583104921867683634909109
671277058369502110007

8436836351445529446452576044079
963893449045290721687

18094800240250531051579685361877
2156044433339917282153

16842177287669260853915842719533
3410687742968446413923

15508941342914010412722992564743
1320710148767966402587

1442492414100535797849827217871
493645456782387019129

14110609069193864088305110014737
2981607467121155712197

16064087416086071054176676382847
1650984317815554554849

3221127992204512098507475069403
3518309444517395480723

11940543054571253746758556142269
2716073789720314500289

4106949901750809361422867031159
574314311757310690549

19105761547511152082209438740557
27152921483076249899

5581060319635486141430909682049
4505063339873258725601

18059177017087492619456566807649
4469874519740818190021

6222542903193653528684714998261
1766036044761012996787

9740783385588980097646421460019
2612109745682743686739

18458189427931774568886504921557
4633403122905773472799

19801298630600276471427192688103
4388562347723225796101

5314384390646152171220515053697
1005927057485690964277

15968486753991901673098162350283
3714367586071135106629

2793002697665452247037209756387
808449069262336037233

4032485091277800273357663914101
2994117792043564181777

9833651506404969763230792123169
731153302164892558099

6975973584213941594156570586593
3243058959180624131371

19474099349940484387746320982413
583811807877441791873

13861970287755449128590301910593
3764990305151706464419

16790036638017289526483330398349
3220975738704273924197

18504764603373827481594597375287
2080432349389408384897

15819689483339286348401406731411
1916425973792421461609

6800810299477011928970073216949
2564001932116540603517

1304322794669043782813586496969
4321800566787101925871

15447014476499406361282836854977
3374595438772750975177

20039337574913431594401548851487
749345619587863578491

8366608622681250656663508054389
596588413688194306481

3860843768438166427790046758629
325834499752426115573

9319885636655424275150606462971
4460744840152694013013

19868970117431238772769262669973
711690871169827306559

9845461110114024295511000249543
1292062309574601332077

17489852909785426988275418689123
2824966053793885140677

10567577006414359127963116595489
1268842089121116616387

19196633476319167650316628445007
985166796951305683271

5201119251235801439911632684119
656499367695233403973

12326433302975098709578355962613
1921746365117124215057

1342942876244463309430798142017
3370908351486790764341

10227560862083750035872398359111
397679961566445910903

3461686916798083940399508890219
879200786463846799369

5356671584367214006666519484521
3550668260859832926701

4715889380171073289555091627701
3100693063355100904177

13434357977284695922114688886851
3050161519735813689919

15674030118280111665308274344677
2062853429616618244253

16932216921276961886079737855029
3739547783714947073393

18679458847251174250572765910213
322582529739721688347

3145195572035926478779539719077
3255854023816898948503

7040680043893668676782674975009
2130972068343166040569

5459212436953354892408382275081
3346560794859474235597

19611688930072492651000926453341
4462802394009098878007

466573095509649852126952240061
3815486435618212465477

858887575815036308679399789089
742209029996030576611

13582811081573718015430167707759
2958794073431943370643

18422860931338924161747927925249
1859712434898098217917

9510901812653862080866339980113
3919811132840289984511

12891596675655429922052575082171
666439181477149745653

14249201103338374759288228552309
524874487881670201747

8957097135974318705428990845991
3392258555124885414691

4572216897255068350054834080127
1272274922245715280757

6964456345711811693900295310211
1846973006503367118731

5817620710008279344547849434153
3070151208912454325947

2333275621085138049302158137067
748220411009735134553

13383347541561197316297554906297
2077948219003895387117

6130525325295877211541454618459
602047849084515764257

5229168869993875399406993232829
2363098295844989552987

