51900791839
11933564905
26511767989
6564626842
32190475097
14192868815
12898238423
1478088271
11916601701
19150403995
5460726323
15990966515
34366773023
40578457931
254083274
24280084661
7720627019
52841048819
10379191565
27525982979
22705460327
11606503791
8870423495
8196813055
7063451302
11748217459
2061729677
9043785501
9641254601
25885225993
6333077191
31171098871
27637318219
16157739995
32121558491
25904929603
40978465229
28263512953
8085790985
12596736597
2088776695
412738286
2373395601
10370213855
19845141841
47581794923
183223527
13861706467
14843927903
12317588583
32154384251
8374867241
17698205749
3125634646
5989052379
16063553005
2660330045
6272792457
289133885
29842818859
7780406221
13910650559
6463417955
7322494274
13522125515
24611456089
34747112803
28107526117
11308674611
44642656883
20537747105
3632684079
10216227891
15361996133
9678833495
25013961119
2731763486
1240690406
2293814739
8784046187
10270341231
9492999895
11436339687
12318895945
333885862
7241726323
1854884734
12173441693
4684090431
17606568565
11695980755
15853002155
20126434505
12860616837
39370086509
3486250183
42546157951
4764625886
6901961487
8444249223
