194584648839594197564079773
101570126914612261353735187
21088573277331527695797313
75471562260688961296493371
9005140268160692070104117
115707341054785797074673959
51838046103208285486493773
198884364385919521908419783
161852305552638634379927269
28304699583402960250879649
47859490300201192861589203
34008643220523115480160527
114076501040928168934859497
4777614289977288174769111
310411609196158089546671
93482456574288294492682831
3286722387987148057891829
126539524993321545525563771
115986186691013876524380997
34294973667407033510831381
80870745628069440391392479
5797479146763031001905321
82105271375049844877684459
668579020979296619776027
129762901307902786021834319
17394352448536098597843731
62458806385302058080223561
40761331799471981834276533
34234507299532993687428881
65347565784091949102540903
58751663651518630239456601
3848349254460068891435723
21548202457399686067012427
529673903230205908901989
126920277455385319217064923
43867169367833874298530187
2615867066019286767118877
52937823940199368453069937
189248675518208041737900203
41913940897801348318249459
51150937022943296282644829
53275167592645037829527197
199408043646516064115418331
142351235750507585438958341
34702905131835744798287569
82309396233587859823224329
37089720035378742743238739
101579006631314090974662871
66513301347950953196917141
30451654268613770331295369
3844907759771460886692437
11037524241131360681054917
2614816359537662926802677
65192529946612505957180729
8525593715497441166060501
88141365979541075079543569
187664470142650423973498323
38549796946383663111425621
67208386027455747936472973
69641413583681476090530959
187162809368459823962303557
154912296405175669766686733
31860585967474876899431239
93467961140085550199665447
8304883342622736023391499
2909065444953871430156693
25573236456884073702202483
109861110158245298933950271
61672635686293818525355111
12681217650032027335108369
17104635739031950599221383
48420222926129938712999323
35201872268550362265313253
36324473996382262315999823
184698952394281475963661649
221631505008307741365264661
227819158676630513378798147
230337243327273034152376549
57535585677905481200371397
111977035796308910612977043
178229056830839215084532171
114037848713455342661794847
183395508393600401817247321
10079409405815852414056211
68401809005498084995980461
147268512616542385857425599
181018934787880687017211
7422890486099946910306057
2721186529953566123092991
73169522558731433924533699
106782835342773024806185631
167432725967864031122867669
1935973724093491814236499
21174438062471820075266963
10541330977647126421348691
183774149606265053203224821
6891373228667678848982477
67659057088109228158545421
1003476264019197116068441
40065931848577159503001967
