14567
25129
10015
411
14119
2863
1685
13637
4533
7765
2359
993
52663
11127
4798
50557
18949
2653
7454
45071
24869
7271
14545
5165
4682
39481
24493
11599
23401
7694
22913
15613
12677
13391
31681
4319
4442
2577
18085
41483
3415
13387
5545
29689
4115
7709
35477
38863
48997
35789
44209
466
4069
5354
20095
11363
7235
9363
12229
29447
35243
5318
471
12955
25361
815
19555
254
3227
9123
24937
7555
10231
1111
4907
10929
13097
7145
3314
6081
16783
6639
5422
5873
5489
1226
2743
1114
11405
4781
33737
17645
2854
6065
34931
45023
965
10055
7534
12205
