8821523434294746098426832626938840089759874336469
199250926141868710452757690681716234212020996430461
79831063150138105558075800151654575418607473345603
45705429907496983325833621254240947740672618276343
174520485358380161847017434792947001633147147660769
23674532366507789662331081543625719658557598850669
32734611536719342953333034349440286221126499204291
174229141303676547553921472802833090977858333527323
22280317420480076927617060545984685456055620423567
127989275511200269604058508244317464549343209793751
17869041499453662230557571119984498703893183231633
109003445952476762969970974028893483680007342134249
139151522250745875392866161629763265573873240919377
7943203065169408006464930174007494640082214215939
119731626165653638885870972346487672711285674425693
156624527682840521876186629264122971333579430950951
39647223896185529261864844461058195715577378905849
104791463659183783875272840464471043129267070756407
82549416351362352286143097399973543586162244769137
85083233036139441219562309232766006825697699757467
22553912993210159991926424358625357651892130151717
128574630863910532539438740789531004571905823858177
60612722593017419799202737348630491537301829234033
291337241145952466165976780686338093210642535481163
142395027641433165782716653029176173193708634345597
5036169838631359696665960530588812770294625130653
140993952798449455016359810199603094761149124343397
188919058068546439364858951496776543713236668361799
150592082499993642481469395170253532030667200961103
148229379646344702740365005117905994242425989149461
111892763519442636290435624094206406828690813886589
35657326549789137718119811924366658818703132149009
854037215378080098593691234116297611500981102253
213554324262264174609188908151909075757523311299189
1657253559880610056837452698835086299340278238447
83129521441148711490470100845181276143523653536489
171082849446025605012886118256681571524473967359213
120069284435500620503078294977958252925751704407413
7861832022840249415968504960530169017177168007979
149073168624888588447671491853043120779849241029053
11134884018547630054049142328575958543687967312003
129826476217300261101108490027305804425365364345089
327193466629984147431317124571672176918623978514557
124602865039117708449523530518989118642946551605297
103884637443793999915715431214599525087814780500789
11124575283767122982226631070870195544034479950143
57520988848951200975235352429075157063991359641323
97621444387657066371360206254538115457370535976291
227601033338343902038651531443769968615400240249823
384081027198118969020553804787340696415766099381
185439978802320532531178840419992001712590872362821
43046504728524207434445096331169486143600632576851
47397246725693575167420006238323647410204815216361
44480496793855349502563408591324781753762083075353
29174387492756804471291125158288394555580021562071
181531494656643078119608548977519446798202731705501
51743476696483831876554700741080217475415923562229
21682048006291024495914330772949587748879673800209
186569453229571598827956366468677805362202720300883
26376874872468058372326987466107450071573637330619
16214494380608325551127540241323510421677124558331
12239004476211265461471781699075197126639990750007
37768447742689887075696679945826872081787792575393
87349739481795301749527539017267664457309135836033
55703570668160345552139349480150735410653513476811
30569405342207802838650080218440524030468784283
49484271873293068373979058737541945725194870741219
68371057045278834193743315798491438947267042280023
14709615270075690730961394638052834175066178831191
21016286034095103591446927981327458858681396378717
15470351607425109919027254463205923141606084401293
1105654015251456874390562484115315552984710841037
23645769980322194277348627940369626738543603095477
9925477278878338776150648121903078052599334079629
13335203897914130538148929546030077394213468038179
12835271559010643486968508350347182467405782427283
468626005272893244834028318764806804851074367693
254765604871940158081541685951316816533908413511741
48656808288176147053517020180508432106569788185223
11221697859007539012648511158359722452666251353793
41725413455206634356768318358008785763282526826287
54501995403297188575840315784735155686893704739297
42574571500453480033421076552642460646570918541947
53957594421937057866429967688948138831656364089217
106047714037156359616899847472721363959071964241001
7878668119412595403180365068459670191192270586229
147696779883248001034615625933152165362873429441527
26545890328266237951304353173777812128933800746193
5469073397695117348060508340131265628365580998581
5850033265026750516272812881874261027817688569497
8046533087925913352783229311217139985093505977621
189426105963723902614737205984994956474842562862669
55371902371620519987251116342184498064528807635527
180706027103348984434004120056985429020127489964761
94698125852430173609700358951267392209396360842073
74181897908817921618087614929313686903655740194637
325414091217347873813795990413482307671220484118083
155382542906564903456883397501687710943606196008477
130972935476207203561274869743317734033445244914987
119139297105903800334562754130344970020413118985923
