339485678011
3991067543621
3558192972833
2114023060453
4413875923801
5324981827709
265708729921
1195657402481
7269856945037
588017255741
615805999997
1215594212627
12318628829261
12355244465741
999571113323
13171981388369
13324701415
9214761109889
5794572355493
9410046023569
1023266344703
13570180957453
6301259852207
1207790891929
4232286465751
8791400905871
6047066269
11337897918299
11253736573
13315484383577
186904041491
8357579666923
6037091604589
1302167477851
2745308583053
15648845445419
146051391691
512665547
6978221599901
3014375974601
7167149506823
1922458359337
26126710481
797885360477
7574205412219
7022570928523
17670933151
196978937369
2692359804877
3085761000583
5431649187709
3597811612207
6631656596947
9315775009883
15327262421441
7277588722717
9225126391237
6405753449983
5321586171103
211109414149
5288659756661
5489380228147
1053803387837
5249940350717
13867088386421
5651740526429
3524465536321
684800825707
452977260611
609120961129
1604760289427
4614018632609
5236624436171
1704331785983
3359870525821
11508679385449
573637344733
4029471502493
3850236313999
92490590873
2021174056939
8792646472871
4169881878977
256482314821
4011029489783
5414572450939
1753332939233
5703600124147
6040840415587
379769826661
2414611473671
1310733621299
4845262429817
3041698740887
290777149931
2796015176971
5071188083041
1729909831957
4260520153999
2195235398479
