1861719422059632420981250439220276683235339937690202158267
428149727499711985883541281668794953103650588014566008887
3984028207045152902185749308662302020779673317381612612561
1684947872456599345711146124803066842825712095731735408607
2325813786784076190345854271586478045137578958194376636399
52730971857158373358578477075509720845749378039354539953
498059819662644589536940596755274001335898151493153306101
436358039823550863334857608656323661403484242202098378017
2883173480739831906110621411125439944733641718063183680681
927635043826766435875203365311737547390241859361281983101
1186159187905947431550693730307039248150516937941614021991
1443079994279490322876589347888986290692516768508047665499
1783551571029030155315541169328508432764040837507781250167
1759607084873591128605797353867134413634490421696624057039
1364460810222671451727604514890141412628435691574211568461
443559161018787858439046487865373782210291368590840818963
4702195466817435985615038971268706730672595150359766214597
4196144992270532402682557889475254665959419187710572524393
736088071773816272363884900404347355799832458867489044539
1107887568082300148136850557824189987939632535424226687757
1975762794845519312011996961195841087270165304429138529909
142985395645829298871605175014180378626013467911843874029
165715936304965117842320417707225958422625856486850582817
2692833927010411644180035541502358373982418151273446836003
494690408494652854148344893657501914966801333807123880611
313679750628117889121277520035108707262378410392265085373
1991092536727159385799170283962242179992459732562035894521
2693418072475866225314556129388284371753021283540085622869
785293264589737668138615943311417893638601685106567982117
181701971965285469419287170356650602153665243412264406299
169066977441853866028572848586128624112509656997677548209
11704106728124113628782274087451532457216621509261954331
5318962940391766565107483994056077539977305348109899168829
1945071632383767127921199903737951625948246326768258025011
1395576827814290205667944532879251245066159176278528843697
229910699947582001470336929219274042733717422313764700671
2736130186563518662282292248234324163583901161787718214509
1432892685687374890333546307523960102095110314179011794031
3551261131607013458366889818035097766435485590750265972447
68849728839985725259707372962999867605452756015220171921
3068415246204852933076640685583355921262343848812347741489
759543946194469923577002403433573204717900520267875316697
659085734110353344397825441957040751595375306246740508283
3082821149170339389629644670765905692528102560980177890881
165449441071060789069302972751540693365823500481848786853
1095375467098057898332412533183336211267762416646897449567
1524997599672681835931455959025986553830473864727789638069
1523703673668435470911159925360945263472020141261376854823
66085884697948087839351086097421229992055344341875344231
282225788469085918834717438743709395405008327799464770003
235285733977689599211853564673363478833807078941641358613
586346090642907104614580135404133382563311417891049612971
1485366663568838166659872234449056083760140753426676543593
360386994421394868084150890205459321885087613297288795769
3173943993618420071176270723851090362773935040380604137709
2607109460150257816655994902049801895757987899900825872457
4212029896832060489766683665481411034488375839690112530709
2773286873245291327488593437127546154953724781785339944993
5502608086672963664200396251955336876560029727722731996609
3366063472340707733829416107315253346109968055897872898387
172806015417050261635230038998004107804943287925795239
275527912530379847758821181424414519680022244024767902751
906538611093261881831358015580736659963360633785118999087
3407130648469693454526854808836234245557640384215364423511
3231495902763385583884949948017492456411971903403083702673
218984849855101353945813511970409000713638774897823636261
8462059420247427747268204366221128269125243968795946629
372720840808838024908112643346039871682793552568555144201
1458211482586774742329428060751544349735220207143286388251
156001477660111944935695426665453504965058620270101993207
2116649282432531187383636571627617999098047869238839270213
2037447410500348892762127601166558488585250543884141363301
226026585111385664768316307798980300107800137238300336819
19784103080264698058388617835585870137126539701557421829
184166819082396179062736241002893697174283575393501666713
1843062694792109566738615729678873254722204204925320104651
1147464423820224056594246812145051776506400037488678776061
3711063915516816214216271308722887552802338658257448578039
287516138964952645223289305924057358530709028196604712567
469792061312817831101989816898360221504169130661596966583
958577904563333563107552352040330123703607607487136453069
209446224842486461660926579980475621684464004602329080839
3799167458608025469225912445311457323586666977397047220237
769113329066976688163422966637961295183262286154906652173
3605018599721922808149977342991924617517859471280650257059
206343117873451842075061425886484592527713818715415361731
430222260716983222428091917118457807472021902880992378867
1782209475780328530962731445297033169494940873688964039503
1259437053983998092365263435039431480852755141147535848023
2349750090263323129848156779680010265977887932992038450573
2587146150772183038983385989843570097950204981527469881411
3697896055663246315126943516751018552153654427837737695629
330016660952028523959039500265683168846442744603802153831
1186776901850878240169271293057003342208194669260942893029
2460198308154133047583592883942005254568715751767552979213
1520031193959026225339920656039610484449970253144258079477
12986282639147958736576400991870267100256054298129609647
100536317996283642199602402660437246882464569309986423777
216707957623937884355562783679557222432576916162521652739
1988870174379465524782313821866918012108662996860423673221
