327747233079569102019556735876380768037
70972628857550382640922933569

67124374585636659863522248928106837949
15770452273339686470287668883

15640388029831385020903105857978953987
61751285057110791792698069503

126649598997648210588712925455320862549
11068238504045073743363146481

211754240465360227615508224941417332707
31655993699010659371229330407

63455974013058634887884775349549215163
33442628969752176630578653043

121126694249919973932027663365719811639
60335606759415716758047844453

224638651901225164044994171680648614549
74422059733080792249206976133

274502871232165471121331687045196562633
12002358308113841413616607031

182974820261948456745134387019230062247
74293136418489923986240712821

24933616395685359797461566112638672109
78692206942962896998354695931

309174553940115775807163659790524212839
54481431820732553242979916211

290259453306581363545291105722756133049
29773061951236712733677150671

302901145332669546699938230036926206543
6496077676379357251529439647

82199367982824538478226803574811046309
42916289782944170498719466077

192421427413646833422464081769877928467
50694795060064617184415119183

15704164844247476115963842975728875803
52236602285895138896151499631

175354028783021261071004924169832867811
66989316869572889151116062463

56484077355642069900003363955790045299
40584992508462558211923489877

246003121107323705782563849109707283067
31611806194171337243994522731

208471820776727048652275415661798380227
62586803502046742414072497339

242064836561563960583441605311323540273
18462187682023552691124814447

223117103173639977268649521885021267871
63400835596765668371881598413

189886007211785023114317741832083876437
42855967091405198614376434321

192626824787096116012487604448792381147
1198115941786159132413886943

21179398119392320712519741531385454477
31415182183589750045185269709

30357779502551008657029798411849229447
27119401572818560880941057127

135692124504353622102977720980122390727
24889756487944230527462520959

117886843344848660758600888190692108537
74333519059420052367465904399

158735369896267407569419394658571361351
76490901059603635315774854709

206531342268376626783869727876394669709
67729739422766185975128005429

202536660073072633154633731405807396549
16233401219654820637646765993

51998628464445011610169164120856527397
69777007214830037747941092967

257265562700266628082890438009926726909
61151976357167282189772849569

123578653567093425765956778402737563549
62702365930104790786972559927

210393441437597040609488308287208564747
75282043218426135123634364569

289028301281068229723805929570665512797
61759317362599953529263526303

62272064020081320951495052948632123313
38877050191701103725642189227

207319039102317679571844025191459052817
14350752502129216948997915117

185324605781965764850164859908374206813
45863262769299256756602345611

232188764526866269086489200744812632247
25881399328546279720945543189

285441809873798960398133065270342436161
13712386968928233768116803447

148777160165039768120187244126863393343
30018356314081881420938583389

176494831150609755523271104984458876659
66675564863190267765098920751

173291982870874270818910072715706271531
33631448645582384085609894797

268043266202293860042559851565645046329
2919792136993455214587678133

30351394909798727500223073034660431197
2065497719648512461442503557

147586609522429445899204334570231323423
76373496887969923586052424633

212330554215160527477617695733638186883
8838353406578228883880130023

228527751749036787487342487801845823149
39011642332597041073002955909

63600031145284548852819955003849993531
56771890075717802878208968061

137279707041740503869141246607224287471
46315692037752446334556678397

196569522276597614669904013045140366941
10956423855352239941272057337

32874465806656458034871638502310071783
49312348054006636164862954517

57872113812347768858840692910011178171
57972562431087436799252200807

273646312698412964825410507515845323247
52446256863169383822208462649

309016972361601361966247900214529662817
3072941367791919202902007621

223467961306317116505028750161961725931
60996255303564051961076425721

335918755818066764478400996310791293419
47085617777719652068286427451

104545584702364619128802019354604120543
75929747842430296484584132639

243623159362948588030151593008592283107
33906451229918954739975166261

192793490816555467620621877578436219633
20943408366072956688601314499

311368777046790119252368797594460483847
43321108709008724301675345881

97635704185891688867762500747202325841
39357881054148499578360985067

225579675503859655397765475293937970657
57568246724919574243122531629

151347314240318298577916995887875270711
3222555300027503822352441971

192244340191975800303037006915846036423
77506215724731216431657753567

195956257967209121249019051361814587381
60302639253377002731581757617

35237167902249938042706434740394755183
78921674435151958451534352887

212105023157583561901460461069619136751
9560651275458632353606936547

207835607494129669209893719842202638509
76553256836394974234875393567

193397564479226769396556569778207916707
58160859807595909667192798819

248803092476652164221449325998170854277
58915719848461147608904508797

24123076547242667586285675226102722803
67526004456531365644312559609

117362076117133075890719436202062294557
42957271333631075690073748327

70228853842781380776908004691159659917
26256671124194646543893279027

183012092895317664792263758738483761947
49697901256501453930330440907

68515727509446991989446499054880619983
32068796040655287917243148331

124590805202955805765484505072719458469
57984699450561020668495175443

120175029442889216158003475223042418027
59648373851323547903131270207

65513050307739395510211547227938538323
10793403002269502138496066869

70894619642103070431456741824179587221
61677860266295109329299179883

166248451920062584328754436672400792753
76028733878566871073629154667

162336600004418424941476648175776888843
19747226605172060904424031861

127006682500338314804663161206057363467
47050529311235759338879537169

164382335779730645817807318549744282761
37477483296348707089980267749

288539981976659441417274811788550568233
36660195146136151522971481111

320132100307943732613449714703189794753
7160872399206627406546228553

50167755496019890287768207576704344847
11961474825200315050122453091

61990118065801230980234007759232269827
40258294550004130940052216551

32439550913409174622760107097492614051
11241567967340793090291793469

235871867409303769660082152404997439513
50822309456522861931613263061

12269398692545029081972535700107162917
4956521741118698038614092227

245600656476047309947187321304945728683
69997723599134242872973468891

87977269190878111436983590014333293043
16509544743878755172338245983

261802995535261774892943124420246551827
46482205401560526113395199779

223247260486941878220443448090665236087
1875956228053378001124503081

270836080367398269349012540610197657127
25973329420171131222867884951

304306832792518918353110337571430078951
64896501745454086007185380503

226824638328638502732610357769589029321
51438483687795655987382224717

