39922335511718636419949041
19581999056507556132261467
650454375901701817274979
182815108090764247511033363
11139344947540843202647301
57983080111724015847289219
74829120784577495644025503
130396543853845460338441813
61474553594515407404682599
8258467564960544609551477
16811946500728999434548731
224088627224932824533013521
29834610156012376995099793
56029425396572343913554403
55555383764561732342897159
26827970727797552054362321
74169616985450666996497681
1390525965115526601109941
13952481149844710479759931
35861343797058671208508211
22038149081631793369603189
121764242259478129300926631
97387139758690865154456373
108592760687527241328636539
17243695840440793714415207
239003028013195564566850411
57667255307417631195572453
218535549855774122710269533
11334205688451803531865313
36784798652196925685267503
29265328714902903899159857
13499994133010297068293761
21969382278807255119852851
50445770722434609222300793
39864589807616266846619293
142650162363999221800678603
201263646979191724743758
3363372898237082120970533
5474341620912733610609957
1360834908778371487955713
15382921743191659978876487
157019546468890363488614129
110698473267663465394632671
54314899272253280454947947
5021000145035436251761211
164133472639890803931537101
1329913430103436092310757
94569941069639351872679821
10005346071790588788173717
95332001723851215021321089
31720192200855130560428149
30709040841063606018633227
158674865899033270927485077
9529073647504182656216089
26162009240423184860381281
42930101505040444579789127
36376384432087872487340659
68926872358777584834670277
28145334599316713795428351
77051133193439157555308039
167909029020807503469425603
1711454776785015469086098
10828182266269100241336187
19074828378893685717194443
55729158182911728277434751
62746154978163120036603197
141051950236477053396072517
8016356004403291020079187
32953462099438931013965627
21641327886600077068775069
8181653770205305271187001
96321747503319294827270977
43400882995962814224465737
8867716188150596972413777
8511332571188656752806839
27581690015753186787006067
73185005565378954415715167
107983909939802665330853069
80699961866820799409275319
4863959440823202847572385
16354348373754905120821909
262634981660512356137976311
70179298313794441518847753
6053872217261069727806933
204951738632176265044592701
74429356777801607466432503
9251676483912810551297711
22844441695080059047004857
31468976361298140662953147
1585078145605633476184889
30820151534495015865327821
2116502035028593463423693
117144307829391930917340493
71536693755204585393708107
26391887266267083919865867
31885236870244741027142339
38685157796451800361032579
117592472674779176167182161
4260652712087877154338503
27114546798535755062816239
