9602955508507618611374797134013
12389491578734672327

20004719349008962646079959028983
14013684681090462061

19920018934103493802356893718931
17506374967189253069

9136678337791230276276047939561
15924960103863905527

936801524160063691791902528527
9547750130672416427

13281094496157453198650734614937
14178585054549002953

5500812681832343735971315038563
15709707909749654891

6112240308525016001690648873431
647361047369304043

8082358250700605411364545380207
11397342530479800527

18066946316513685705423130846337
8352002873152929761

19562182587757794746707739578229
5210439994261576229

1613688930368666671013043581819
5545326290827979251

165990281659334501322268741619
12399712181735607307

4987847809051439424942102934399
15377385737503938019

11873643377990697829479708955877
2552260526909587861

3474721895404503013593251158981
3647391200650175827

4864358480248868971261445542619
3465561718945759183

13249136145231951277606315918073
4403262967779723107

11460182519496450911496099108563
10707901138389504983

8633192897089311793776276098137
17173494982567654721

5745560307128451476429324530343
1984847103857713097

10002779565135334434505244803129
136407502015513153

19245391951282999540365018216251
16569883840292552477

1137043139404448015723984470069
15121691473966229993

3553978298185957026918443815279
242040638002209209

12374565855523623321571835664179
133486703902359953

8120641761056523514811594938879
11275478760972334217

6287157801969179980106307455513
11262576386469390413

5611352400973735245581988277147
10492318970765458471

4782066570865616445321593017513
5999504652479689913

13333734838158135345126026547817
5896290112243133089

828461792655858320483119450091
2290845056410660229

15167225798819656674531557872271
4675322195357822033

3984151867759583257854026550953
9746031354620532893

7137326186096471785591508215721
14836602333623939317

10549633141951467613659685172173
165847746825653873

16503627205209289605923811558919
10558622726188340929

19067919541626735229493924068303
5116709406973710109

11087788964314800467958003196217
10098525692293967953

10855759026742719553069719068759
15027280789710800579

12723088169347817660934694567669
9232569417371090771

8073468790960957805152907723987
9820054193777351299

17004184836458661688518289029457
16001696793322715117

2663907467028223975035422680457
9512401726824401737

17839320679456318190340353562691
15155217161497538467

14604461098243365295930684887287
4790703481376828221

5928988954422338757847647167119
13247614663096796053

5334684591302481469291391069317
17243378638673104963

19533785438394829446313185714031
3134875996055386907

3428903806858106856803735302417
7750449217944957829

20235243388717204006495783344493
14017410206587790551

1595850405090146497673825264939
6448821686732662183

10152171253140294145581423878929
9201064740667063933

5361889538469888475777385878523
6219955050230350927

19709522450944901036200652230657
4570799891232348259

11768478984760805545055574152597
15151781989994257261

8817907675075019637783161980211
12005851651318038499

3851146844567622381911145310243
6635051252209023089

12139331518432890004324947625433
5585586234027272969

10194451619323418325489092002361
12395765236742319301

19315649544948595607659235779351
5923662469763822071

16665533134044409150720473262907
10768271766991246271

3731134740576310698565979806079
17807143550640042967

8741187434812928794723493837713
8696652116859279619

9342628401716727431166510675097
12606896309998734761

17672075976840949693242129406507
18059711666071330873

13792896291272059758273912970837
14808273582213197231

16962283455316786882938385039837
11300750137454688941

14002930653437358593096513647507
16991925541067837593

16679381701881188017798338510509
2546073340631860463

8418738918394317799562399821037
7309855644926778959

3173205323970220593781416721991
17877994218945715289

7140782208191261659837229912513
15511059416256232039

14547863814020443386100719267083
644828937957137389

17326232417752599531912033571387
15804668543857090297

17696778494992508555805392341373
2548631696546712251

5583514443479821564178408738383
10897942693505288671

11140422372804235674784080244973
13134609675215452643

13955809335684172633141908221477
1851115486921915267

4322956302149167093679781336701
7843046954126340997

17828530069526097535601599922021
10084676802894856103

19696450022635191246460862817509
3717181255479479869

152707566998552160036424115773
11356632008476398659

10004498756252655947949428418259
12093165166319579189

20149556385601293710096219529013
7152789871963556839

19277144242425821910131064205337
9556632309096327583

9363794990971929660622202735753
15456064290619240109

12383000336995768981127130460871
15259217909195912819

11121409624896854033761184667641
6195746872720680133

6004491959438166383383418388523
13823112035644791889

11277146766200294724834052086517
17263667246182828883

14596468264113164514346983459893
5359243006369941229

6822003963330476095799633560027
7360888129122973091

2993159099536466334975381822367
5448111849686545271

17790090083793655660331111827621
12994210731587483701

5648065902242781425054612926453
1495502162320884821

2067665690050225070502253285133
2065831977977524741

6307689565579544407972761038927
11050899432306025007

17973400753314380737481554657657
17636223840332967923

3010276635578691369771496257289
2680416776287433123

