5525473
431

4071733
1163

8225257
2927

10949569
577

11231699
3187

15398231
3209

6160079
997

8042779
3851

9173597
109

1490557
881

1183271
1901

4447
3359

8082533
2347

5252747
1499

10551721
239

3759221
2447

9776779
1427

4077917
2347

6842167
2027

12778973
2417

14191487
1429

10657169
3191

20789
409

11191043
1301

4357907
983

5478559
449

13092173
103

13151
3319

4607347
599

4325933
1663

9699377
4093

8299741
1217

73939
53

14478647
2999

5442383
1777

1834397
887

11596073
3761

7381097
1973

14604617
1009

5378393
2621

8766301
887

13003741
3323

2153639
2213

4566161
1447

6744007
2593

15619561
1723

4635181
3449

14900953
1753

4530679
3853

7283291
1831

14618459
3019

2942033
3881

1115731
1721

15251177
1663

2398483
941

8063789
347

9709517
2789

14406827
1237

3746689
353

2363783
2111

6950677
2767

5767379
3217

5767961
1049

283601
2927

9876437
1709

4183009
2683

796193
2767

10507061
1931

3132469
2269

3435889
2551

15330421
2099

12378491
2143

782671
3469

1261973
3967

12292339
857

15457987
4021

881939
3919

14465959
331

1620973
2053

2525711
3301

12949021
13

14393669
3049

4996003
1381

10774783
1289

11093767
1747

1957621
2767

9943951
733

13357243
1061

7075687
3109

6471691
631

1804493
673

4758443
181

13549633
3271

1737761
101

11110607
2399

10807639
821

5350613
3803

11010661
2801

8939179
2281

1446637
227

