997486635653310215970754910161135120999372391
1196540002239143924529621294813864315154349327
381282053776613040186559754138459296698467713
2109854841845158776725612200508800763144692819
4764276392743295477729099377315018895276013431
4387866479941002883990142654573148350809497701
89114242774860765052842745968353659948706887
146255057771114887831998370024712721328201589
2114775492356287888004371954888295494056323851
609819703008403027101367066900295684163062323
413803803569011832699608560459570347320743767
283432650500726812081169266484863640220408457
2082435920133892825831776568803677517465604333
910355622127317042791981285776729413787903411
4715682267628262519603529684928705680584656933
1639426387566817525223379340005321506918223829
2173148349774610379390900267295764137193735969
1069715450241062616740426057928852088333638667
722542655439989049609675016655940294570462137
422823957660553402637072669826635761868856239
49122467313300264190193669227400144243476223
1424076483937706530862786036566630091448734281
1005764979065804882011178694043595497551109481
665481066877795105240965778995222727965999377
4418362142677044657054449329793421231186134813
4750962306923466417347075309512421091303431911
106158845509448951808639250883882918471079889
929047295272974338532464978734951359784722263
99440823982210639245667059407622594681895781
3477553951586110193866937634148865043040739629
865337056552908173126066973103705589087876909
3511008884391288085421054238492999892745499961
144817540637120116810424276411233378258853777
4386203671495761294695283937356429695668843871
3062507003528846526830309019651808939662514471
575916977003891585751638420006406072752011853
4485927156482832723938415477194705339243024569
943825683797278147451854774883737624356187721
984744264860961951586389865539668744262512021
4272434099591855318041516033975523903810778947
781144539337456561720626211456478498490554581
60994580667552767415558892139548181024706587
801682414109319208875843150261581647223852219
1751302838813934618209745287283706318349267551
269811007154376901768144523399849636205383
599840637640608132437577421180047971818654079
2160481542559043435451412087873161974103143851
129767064950330213572238356565302499357513467
710724832645482767968075400755546573749805543
296628683726584932081771868396937003449322071
2293726174885949061891592533626437234767699599
3442672973016039907747263205878068483549516359
307139713816808114762882568541798218659435237
919357174143389647654170122820618143536849057
54833778384504204055093147074822516417851201
2918113324668837049105442805913430696822749937
462572256765985335948075462385048742396352881
732081285542729303382178562196084981098530817
571099193556973150800570058019474503580005909
2999435815970092903154678829058926411276819467
1965420409585938039276130080298811373859979597
540395527917527092382100312356591762456222227
3895369169417897678493645684011421407015032939
105634380902168696779057415612047692605172773
2677889796368481050972781293993532358271334349
185155534361051669716833136168750519050278527
907085167062309044380050708607511337896106257
845590667592208084392146208825195115424746429
381196235224750002461358704358162632027406563
176335841875161107300179535998005851508380437
7497131846491849729193154912176490300953093
1183962833628910552267856864901211767466356781
494748464571579149331827031358119377618282023
1118259175798899551830913265355659001943750693
2617287098815484519580973321982826151255107689
2311556723070540589196554853871799788896337019
1583437198223013621402771038503774005724798009
2057220934287286141439675725705615800778049177
1647254310511220597593154802947590163501774789
3872119585969983405371748145445615259383358559
120971676813299641870859060579045971738359667
1405681341006615276503477687723038540964973829
1316036048725708736751029580056517315913744901
274986952448251782576098674766373762942880937
286757640034856382500394982566194954942705843
1096191971899188235940632216962044929896105451
2050025261656414872499015155628110296486297653
113522175322531402214056447176268021377782537
128043999199831409830879490514199439101713349
1978478673867601880719348402062117598292129
608602687111106641505746682381950547797609141
1183183217010048307627219466871178354316034173
1694319708361270353483997462596363462497235269
2664655958562380049728235411087482397597402487
2225586816637857576912641224777546991685267367
658563438804737777339495506247792634059769857
500912609997301489937625724651522150703917807
21245407335946481813746448774240898457503361
3028996698073982061458838153520609772358339259
27976995761214679561258413564678582192871663
