326682115867924550493456361445979479
121916515073804067130536970717020949
687221910696680989746944387801489881
60088827958273318299115545324218981
101758564786134771879147008457937591
5605363252009533878526513025312357
279085295476368435863129101395533383
748453265000569081139802811237314421
179904196314876743290169786331906901
88907935670143746580836115416160561
591896589966479637819155990259483533
128122754205505777675087687504593671
402853752712643358941833699147629257
38809622075868896600590948877502043
604337333360287817497360154816202299
23450865820632105428788584189394333
164029023820462204120131590405674387
187246502833197761401069463978274059
80582116752812989525409329980553273
439596634141284919157830923602534033
319585789050665686718234380086718327
178093515247616359585648297501779881
184892605959015024960026379049642259
624614426001439529311058318736149711
29950734304598411896979802661509059
995300055448399837820413010195990527
838626489942132142313197421672334607
1126445296525783267631709091853218417
271158190612635417871830104595640343
203871750106679929068739930643967481
171654808238683714366063903171145461
833653131616435969700860762031419
709724157714936842309443139224891643
1121092963098261887791328235407012593
276031933440085656439200739683973367
391118016064383206357367238381348153
372033126920132722492179606207861667
769269198650660639981338764442515043
486959225265457990734916050574586699
460091090037025575833540288443350707
147555062322525845142330018375974719
138387040671235034098292615255337269
194925826968994309223130715329849043
27001033733966024482976684937021919
515175113456720802667719881782606769
396561439387723186824870436534729289
1173335439525350652158969726121629269
798583252367987122427831649029672987
13161036783913195490530022145599759
227301129870105150005644324170954091
1018368854299151072055727359885854783
94647924555813030646131874289062607
195326987761511086741089917340912557
94785566812138076226897165339344819
245023427264356653699359568339859429
940649596593509814988471668201206539
4787004456275325221377188074371763
115815694064784828264638799023854913
358183243565120684589722624982079349
408025767019168364284385193518470753
110720149738548882432226858803759497
282953593738421183042926375744757987
470705864850087566537997717247997023
123823168542674571315844722106164163
89211102874168324590295778101844099
771474863852028882470808208917163381
99942503136540975094881751925418869
120801522378825828704145328577225123
172889754388757274624370905645125453
50238032271966389312787989471493689
856841897082767372860644905467518179
294373075318063443059964382558771189
20185576038259350237322648809615661
852874997474181359758148451974058203
188152067410326473352235891218065573
266640730302505268673422687920187029
195575467461165605212829793384837481
629512525818348641996297300350395457
889811721523411715282142289852132109
60867491533845335976249480540034409
417360295580131162778562492173249711
119656341189307499330750900229224453
164387370348710877067454681997735317
2538419894997568456328755904683723
318128958027837213076824270364633343
317671327790340186518951872521795223
858041845083454322765487598076142641
152715425509121862898043140973836979
149029594811856785433982120477589569
834149241088121328412850246696875349
715202023736825346702942740105659373
699031040078561858873319698752800637
255176476853156176702790943251304517
445889668184624856120800472887248307
429733244572032340947994659742934407
311382678303651189915979526182297339
58636809303038259914644485188770441
538503603226644649605634810211584171
328564173752434332827075461304230541
453789365555162275077567865900828031
