7809272374997
52615207

6062307132437
11207639

9690686145227
229654657

15903635064071
25155749

221576742509
168574831

7577717710469
26961073

11328540293591
87656771

16074467601737
9364097

6657777942887
174311609

15913162254643
85778299

6592928758817
145229569

8645021568731
240857809

6982902383267
148411453

4716657468353
27574741

209272185763
260543537

16593484245157
71432279

207531630589
80638771

4662227944061
258990929

5532389150741
47918347

4928359314617
82230607

14039083744199
233028431

9583370457041
205661537

17186094679903
77347351

16566239946701
238002461

15741488586193
50876663

9761668372019
224870207

7705163811539
182954483

3256530735739
84553453

248597104447
86585953

6765097763933
166997729

3320897521933
258746399

11746375658113
173222459

14046480604061
45221201

11279451798169
240957319

13109435273059
40910189

14581762109963
80105317

3927414606611
17834599

16037255980429
221543479

661990913449
2257103

2645765412863
107930021

3757521079001
88290217

7319774773499
47523499

12244028298863
187474429

15884443807703
108117649

12464734297559
109166417

4559579701309
16406363

13012392481271
69264007

8575764308759
107467043

7225926213197
103249423

2936165394637
174155897

12552724345111
207352049

5480100487931
199082677

16568462302031
229603447

11480893223573
108186389

15754328138089
114156281

14046438699463
5041493

6210683426929
24918521

15543700844387
21870353

12200776546997
33093719

14121556541863
60406793

3374339082997
190275191

13596788867267
35108831

5786729412901
258921181

4559519486293
141823457

7997146609267
90171973

14683635868091
168133267

8065536000047
33531247

4739930598523
137061389

13394370118639
183610883

2881059103651
193091603

11012353487899
208312277

4887942574363
266825939

2006456325547
100205173

7706383506673
165903043

9371690466679
18309667

15714987225631
37207393

5254234171819
75837821

12039035839031
116962067

5971970270267
60736691

392409662783
179978333

12962971485949
10138231

7311914705443
121248649

8689550333309
264992087

356837583881
58909231

2186734154039
192650357

17138361084179
10585321

14610571137599
161207581

8592316475563
180852053

9479882426579
51234791

431474071687
118316959

15390825231137
19810069

15321409581551
130075433

9317912791463
168314323

12850873263869
248473081

2684816572601
204083177

7819179995987
249644177

9889347641119
250454951

1807988264293
120045973

5168137343209
8673761

11463934155301
105244729

