343765588586745747986788459070551
1042416609888622409804083265610563
100734460202495042174567149938169
3148264487653542547110910707491233
418591967806869376167520556454233
1533558149827371229173555078553949
1195739250839926082473745175654011
659484105393650007143574334440199
3216679701375630128066605280776609
1451687189752495693865426266611161
261125694580228666449823141253869
1170319745486424509729966275385101
925816372622670691110922401315133
25980348218522980144074152880113
2511946280158333037362293032671783
978649296851207139997600357604893
1231714038393595171835831057225207
1536189007560412915141132739429647
435233207184210246885382361616653
378461253139205287466706724344257
2265566010944972340215790343011541
120435234617334712466776988924539
114001920027977881193426286557899
796587231614190292198210237717711
210783070048517553573261912807031
699507684374234305732605818935619
2283397047947467647500368685869729
91434620284658559652395688759319
638725809143968302646679448055951
362588123077930389916279903700431
119006284131368649165481671202951
607994854011040700708873689323413
627614620192809583329452015415347
35080655151311537248642480899347
3310743197889911266792149701720861
263523144034001261095382570351449
1912829002110366697412966789313161
272647446849905109664356267709511
386065073871608784225683636299021
3228052466357042462832120094742839
1377478114740606562660888797990347
4932710286278689295906468450419307
545479760834336776506594732026723
36849565100540703063489615140954
4560976466862635175096804224293
2333896498692365852704470206080657
465460371144614802847845876039331
36196413389785340506855432454847
2175263396916421215799347170831113
517626001582710581463179917331143
391998353907779421760294369954639
243185071290861871892170877677409
969903027696525889757420138091371
1534143443352521952673813963445851
1238162346845963956931720974479911
602904444134615631147034581979091
1235396696592053095156698064448453
200469952805373035780826014081719
148500727233691956576249308851519
96966175957007913941663228611697
524258046580765633321609566188819
117988137848991691086448313596517
1453312162451139131645018555074009
78280958628141880893585753745673
1505974566631320951448197452459687
184277679579955175811897697976449
207140394629661229482077840405483
749761480109617060304083457666291
3463875349943748381266627479739281
449414801516821528855754539131013
100529004489384838439208921400355
33832206332276608421260171966999
2600842979949432327730100607602929
1025033712686511882723112322882993
5900798118452096527610154461657
11376394749817308184369741043453
3324594787076702167686015900844823
3622095776804893426637121858794051
1152984322830995397262762735390427
1431916802726378403854619857824879
295315909309329871616614409793857
237062561895273748532178274945831
1624319007016629809001582872731037
708723783185716375141676351805649
3717446231098092385581256098895261
4188517489988001662250902837121083
242647936154541730410800403623101
28357002522593747789786949639887
2047489337562107888169104340224341
4251510920766124194475141398356423
2414060271430489503286489759482947
244514005666340679333954403884047
604665430650557623423974941032637
2931809079110987392287723745502
219880257948105758901934958379541
1710215733777825195369971809005029
204352576821593096942240884153531
358622772648533194016209467148433
230802809647490992095917854287559
1260542080183527526129207126418947
