931789631426211867418211
53773

704224983139454442575783
30509

816586620064628642960021
26387

833085017026768059106321
42023

1100708787988630524892879
31547

451022395695468872335901
53593

903753778687430766956099
10781

744328612693478282539543
53149

685862641411745666627093
45061

1346078851346634480599
31249

745521251682085949067913
61099

910066005021698857500557
17021

397753301422134347724829
51631

373302262864085797386637
47521

1017993486837879942791881
50957

160002086032150940115539
15607

217949582550625418782897
55001

223025144643656408848049
25673

471258480948227402294041
2161

6403602004975996494719
46649

616291348653465747508031
44449

224692475908890935228159
60607

673405338928077781726567
19

838434379963165802499359
25303

546139384515089025961
11923

102940936319558185330487
26701

227052251285116619885423
18439

631089699853943010332417
41687

405129819766165061956231
9137

427842331753823242903187
45959

616985133415977876604729
17747

513395557644946981497551
41809

137070284002259242551739
28711

256449466327282600797407
54679

102378335459619090530873
58477

276733765325735196198463
677

250281453454811121978091
32213

349809281194966707486679
22447

95627178540725011291381
26423

725043176488234522992503
9151

566282128259084142253169
61441

573732753766100375472523
27673

535336232197251568640803
18911

842640638414901430322951
3407

619540584232131473434177
63647

131055878533353565059421
39119

706660542807115630407577
50291

368617694430581872012657
48163

259694227550512540819049
60757

986889280477836713099327
9871

7065764635544928201307
42409

1110806211416256549869317
30323

691071116325001432324033
45191

767063561395356232641961
9803

302878638079712883214303
53147

692292363467653445484269
12721

432991535765062987851289
6709

812632785756365757679973
45989

385579369450776900632777
28909

847051556648926802562413
39631

1165944604569121398891803
7873

862551014014907184159089
19751

596171142158971951588799
10303

939292538086571295148589
26683

513042080371108085918987
49103

1117809869538633407652331
64237

251006840793084462676297
9929

282922412008083465956369
35201

970849345896946992291383
29

7332760633447748462813
17573

499937761948572562097381
49117

876106764181136759983813
21121

695193770618287813331561
2833

993817137970364399900443
56477

398418658421735957773087
36241

630574829329162898859383
4357

1102654616844183886875079
61223

215477221143455548012951
8059

483621155884720029455119
3301

933855016728784762219249
32063

627188030400376261305361
28541

341357957207371629442777
58537

118079836812811795348681
349

290810984238772857081323
15083

862141606687081629151079
33301

706672827258398102303389
32443

207751035840844176465193
41411

138842039540716128347057
28463

735562898933286350085373
23873

1160417841164769756576983
22549

211053610649316377985139
53453

199444271789795917699079
2591

546355328383066553663651
6689

966807794051612135658151
36067

186939483689998669825081
39619

766324894872828079230293
9967

338725700891513043130751
46727

279012142695515212243889
63617

1161325833689653854730103
23831

994272637817751663710093
55871

