986357816501
1759055899

972571233677
4098882581

209288416873
2597128873

303610599563
4214348861

166525708169
1222553863

502103180989
2097349649

188260064299
1617639431

185755494247
3910832399

1053870026761
2145914339

660947739139
4093986581

108993006443
3056977537

615313982623
3608664641

363624330187
396017491

145688433223
512941631

544147793603
1833026017

1049927468939
220692313

920912414977
402048433

188811803759
652184333

969782956033
3900321277

70424088811
1910663663

444612523027
211656113

71535598859
1748659013

307746711941
594542219

100251321113
2439270299

60308961737
2055425839

589728977281
4082400559

817235214359
2544127973

841726926533
491778233

198168943121
4070574947

1036534109321
1835077429

101697259067
3263084603

754157418323
4030866493

579300397219
961757617

523690708363
1239862307

210955490399
4080176209

634626080353
1582002361

886195534643
2547543431

434258875889
3499170811

403492429163
2213638873

686166914513
940223507

350689989577
1232981707

376823239801
1208900249

1012374945247
1134656339

504949547489
1687696037

562421546369
1864300547

942647945627
3129906457

332007074543
1671806351

458965553377
2299134821

80837034977
2692596887

380014941979
3240154691

50026852957
169340803

405619170851
2845424557

1076947872557
3013070779

962521102033
3123824323

270559019483
2012448343

536549604347
2376626411

53284209791
1766159783

830401428863
735669469

1071935853623
3012637879

178084972847
2523208243

621758418233
2596570253

437389500143
1484907833

616835320567
420437321

772029061789
16786241

369603379507
622960661

964260664729
2428325483

397100583703
2783795657

724645320271
3497700263

424583256613
4043802617

989542231901
3342213827

386392489403
2160579857

485910419069
2254844617

428238235549
3841368319

723317693753
3965201419

949934581049
2501026261

526974692051
2427176159

637291471717
1657345643

202060205183
2445059117

747910597601
3416057251

690870271409
313049999

197641318697
3197946539

411858144223
771170707

42321860159
973055887

134684704867
3880454687

804092726113
417877751

887752703171
3346836617

569653884497
1959994681

455647522217
2910654007

172217609
1911437761

1096241803051
2506275773

823761941053
3605098633

887869465811
2036477213

373346693821
36317249

964279299037
2057081177

516588754427
493569353

667835202413
3181316839

221540524819
1381041439

159113916539
635304037

118223277629
3002341871

950326992623
3687597367

