67
5

3
3

241
3

7
7

251
5

2
2

127
3

167
11

163
3

11
2

23
11

251
7

53
2

163
13

223
13

59
3

31
13

31
3

181
7

211
7

211
7

167
13

241
2

41
11

13
7

229
3

19
3

199
5

227
11

127
2

251
11

79
13

241
5

197
3

211
11

109
3

227
13

41
3

199
11

7
11

3
2

3
5

113
7

223
2

19
2

83
2

251
13

151
11

137
13

43
5

193
7

179
13

97
7

233
11

5
11

193
5

239
5

97
3

193
2

137
11

239
5

163
11

23
11

149
11

67
7

113
3

107
11

163
13

89
2

47
7

199
3

3
3

179
2

19
5

103
3

137
13

193
3

199
3

97
5

5
3

97
5

227
7

67
3

59
11

19
2

71
11

3
7

97
13

71
5

71
13

137
13

43
7

137
2

107
7

31
2

197
13

233
2

101
7

139
7

199
11

