8549099376343991520585891377
60208411827860914609

40822841749332713260616692601
2213842719598963059653

19004637197125526280019998749
456909864153777421789

61689431103061264184844248389
3892209302937087403877

11268937886612758347763197853
963876880349179160929

29208279218439892465148040121
2248249586274508708259

51501219034700120336453059391
3913349824650901811257

14593895319849025716444286901
2144308393903351278661

66665798875260887842290806843
1923099208771750544221

16270658507411216583941944703
1759139639399277174131

22852045462617474284112682529
3235835995491978143821

50686681873425407982099500351
731961469061162699189

66847865012463667474787320451
2617941757567247504801

8175398231651341964076318953
292180967680572323999

73131109785914405149100313967
3661563142954508163877

77587742835865900201169967397
3054508751195764407889

1189766539336278805200830689
1678641099055243468361

38725886151557617708795702697
3209395869567800626841

32825350992168209979557302087
737396743278698368037

42830567434232815018364858897
255497549282296488919

43774119835643244148465106167
4699799048446976989369

20078186870265457616041278131
59121793814793375943

66800840068964768199444748679
2418280245499574663663

76237655605767549882254669603
4478448235576958932249

42677587634461444944956472109
474615760200485868191

6566447408343847152784455337
26559975780336230539

25853974397926259817385505647
4572093457465537472423

33445872553282260634217239909
3757224810734358851281

16581105418548879541434515237
2730592520852440563661

72823333754389779072280753147
496302166526970592567

17622545615748086924148090823
1120269180021074307859

18095840796815986953041087237
4535982808197739874453

25486860965521738168626526133
1377748517252789873041

53480840648868431129791284001
4393248671953788779471

3236747008369332137635334293
1617754764892155337391

65420565380820097718069046847
799458967650209374357

16206058362669200453380188871
4048990705471761612131

55702729807906081212587415299
2504410654747953361211

76952959208846542994875670489
2752022111169865807583

76098538397559114843081178553
1703985276136121636971

56289376397436878409108782603
748286379037001786533

20766124819983547529024281937
4446049655078320584557

36373656308405429948904215473
2228655271493909926457

50949460132418014445907870797
4038787731838220451463

3336054147491485080661361539
4303622057446998818291

5868343032142800885730994509
1057337964848281878649

58896730116422551257319819843
4181751305011360594499

41427012989787766241311659229
1356647269600620270193

39863266322224818506691476293
890372921252896566167

2594922746209665903077974687
2609667870323583716329

7748111261610191399183322397
3620750426737776789839

23936799487647382595946140513
2877508520838960001781

17135480505092489628536731741
797488234371804484961

45799864021245609568787433187
3265055300878531930661

11087119710545735221600100207
2655190803214892577571

1159649040686725680428884427
2407404197875859298031

20269014722107655938851157789
1909267591483887829267

13303954946214274502166471211
1832829524933157787051

30650487819309115325694615493
90864936570400238951

2490816942684598879246838531
198048640529839081901

70504946258642279933519325413
4696551361231457510059

56427941775691661975951149213
554480301936226570507

22322910633848407420410463003
1296624338575589282327

9313830289744335281289889837
664777562183558232763

12205990180788418771999952267
3983568639708999750371

23342474895613281294151081541
3505385702644221840053

6526468265344875991367870977
703142358861705542797

43084869915749124616675077977
4124919909610303662097

5771543228057377269464072071
1945026371126248696477

8686580123944075710701698351
2557439639038728417049

6726203790272010920187496253
1403408198695330403077

56800774532267029903092653449
2753635151314759920011

1495113402698986013954214277
1311415518205592909401

683548156914522174631650367
483374717713017950077

25388925927129554556621295807
389609631027990358933

49012187315279831164578887801
1685208313189314175147

64916911228691040777732029917
409339482519195877661

74902407147066465000338310631
2968909278686741935247

16195587247314393458362599191
2437332725148476859623

48292373616539925124990202761
2975276663236627876703

69961228777258446520456302157
3085501083757688307091

68353103559753362944697369657
4601105797452879153181

25627862762748452951036809549
3634332234716072773579

676637803788891485635568303
1088675940707150695897

61812219354599288834801266093
3319211525643296474809

61369269534683786419447423747
4143258507912231952007

44998784052957985074260915863
288241127315078585387

7466292652436363856383573473
2185702323570096876253

2119183860280357982315039447
1195569506308717782233

54712880361942814304192553581
3934585206610948912733

58099340333176536059982913117
1579700194107950430521

46067801342822693833234877
1520401597517058142297

10636602330209165148563859889
3343103139604069241431

65392871041071671150980417781
4355703868354982283323

26080959441120794154994636319
3813248017934296941361

56228723291649663920442054499
4152754832887415995451

60743058652341060312486865919
1222995193843350237041

74127388755357622651174958557
4532781739673137754099

73878036412458034698396610567
4679123141143920679207

34131700571702624036029203143
4438337055912332003087

