7897451
50483
3129809
4026163
111787
3118783
3246757
1727981
2125789
453079
2870141
2783453
632873
1236113
3902527
807623
8152229
3239153
3568559
1190993
8668529
4233239
75871
4753193
1083779
1743293
4053887
2261059
5098363
1165517
138219
76417
5410583
6173311
181703
3091477
1128877
1164391
6408019
3728819
108601
776681
4568251
1968367
2164867
4841867
5151143
8579
952331
981857
3693143
1772179
1327273
4859587
3255521
11870851
1497631
817973
331019
13484377
102691
13415309
6319741
1975777
528937
3172877
5409829
8151749
4311199
592141
3847919
6055999
1302599
887563
2970241
12402823
2074229
486173
873151
1276609
6688477
788101
5828737
11174507
108257
871141
10128967
3053153
7917857
3947381
27338
1693009
11274673
6729029
4133359
2830171
2686139
4318693
224099
6016727
