30206978821478747
38226283248017939
2208863488758481
22543425574134131
45277045617225683
8938985126562607
5082874741745777
3968305560505921
43565508497410483
13592902851742931
58037857325296507
22297565025073901
28840553023873933
52947201370955347
4242106191703147
33515684724983611
5693514836692351
50019378079870471
10376866017104453
5415588576096371
11697240760793551
25841425520403937
4190617694809957
13914398936246233
5852357057978989
1658722179192569
46446301651437449
7724054584439173
36056899579754861
1059513808179839
445613117975147
2657274722320237
18353375982644897
37949522867894873
18636701295841471
9930608498119783
31717219067430979
56277767697391
8999193518030263
3371366400007127
2829853545476957
23639162431663969
1974720030390083
475823550050567
47255985845743127
190307028036941
28868238007926431
5000008910100187
1670393576688329
666651761511079
26613251747219383
10042971181570333
13343994321301337
55826634512543833
9743385355983457
11139225487890881
1727806435219093
51052639361431
15209537617112297
25810071747912161
19385390109920567
26422751494819039
7890912189407633
13220681433876211
2408405376206941
43643386857450553
1039711162501373
27704414179433429
47295934763991451
151331083068827
11602310383201817
26997622675211233
20721638820377549
25626087495288323
24400702893146143
649433761378043
6826622206574699
37354648902769277
5564077981388939
48656568168371309
3115498239223871
9303287399891743
34710887232832463
35513729736707251
26248416870678529
13139453408233879
32753670781793839
2824387696462141
35788200416879923
36657566278108151
11363963795755019
22343005013902747
51235397042149
3692501838232567
6887781506082271
13184190994936441
22195940753787743
6341603201238329
12314699585502109
1729268957346643
