724619814209
6140929

191589720089
6000431

751930118647
6342877

489905933291
9857137

74646453017
2125987

62594494891
6881239

512442271903
3984283

761072798953
2158603

98491424221
824939

385211122367
6161107

468689512817
11319713

712647228679
2037019

384271897589
4774843

197069715581
6700517

682673220067
14760073

626124443257
7880753

740925463793
11351437

456684222157
13673837

353996967193
55511

1076031902651
5484893

1012086681703
12993989

912941829889
5322721

416086078823
11596033

938291727041
5886967

635087008499
5555609

250571441933
11373409

8065045321
166303

666182386201
4575539

51030164257
14607349

795443140543
7826123

400641344057
5063167

780645411319
1344743

12187441199
12532301

236704811153
8490593

347538351451
4561301

321910151243
9753169

1088403512659
16414037

570061093267
10332529

953752754861
12298379

969608766439
12447667

145576544801
8293057

666743692031
13002439

721647701057
12152009

296517014887
1702321

517581553669
684569

340293855071
12754969

933251190959
6105997

420643448629
11033557

810698652791
2517701

308011827407
12122867

855126216167
14884487

513424231429
10929767

1074218771491
15087559

1075246969057
8142131

1058897949643
8243441

762314948741
8941607

287131936043
10797079

44588849707
15307231

560568505687
2780161

240637727573
1759231

1092129704431
10819747

110758805099
9744743

705756315527
9886073

159017709239
10859341

966110841713
10858391

16468028417
10678651

80906673997
12656899

903894738511
1285811

599735536469
8231929

790097804087
16501091

885087736399
9876289

285280251329
8378833

1020193489321
1033777

16447302037
3799153

888453574093
1418051

661463680127
7605523

496764378823
10381081

1054921388611
2099771

1077152963963
2581613

207833306531
6692353

594057734513
14642167

749411646583
10161407

105251822399
16426273

174201914389
6068197

607618630063
11890621

353610950747
611827

219227266147
10051147

680541925279
3426641

47233146553
8739721

693636492037
9352241

844807205443
8713721

460675208207
6038657

425554919227
6328837

708829649789
15292969

222237259637
9637097

279441114773
13768387

749467928179
15234061

439937275903
2985547

818239432471
16349831

674748507647
8238953

