1432358531696368940307756565026817
131

1603543366288940893893042569121721
71

1976980324533650725341929202547777
223

218441181076600199622066500013523
53

2483662942373732497598027260558727
73

1486941739088255799404493134288281
41

1591517550976258260383556914221741
149

3374572268441361531943907172364751
239

2075661720708469113298391344912541
101

486476514574997136440851698483293
5

118971363413617905245459660735333
73

4557959739187551430900736946933859
191

966533015045882843670188275334977
59

2579193794633518895226634547503943
89

739914981590627112674105761184249
17

744813998867477683150634066248489
229

2772802675364676832194299881290461
109

2254828653998126921797218296639207
193

988014572880804622790617610339419
79

2481086231678507557821097531531489
191

1799711726711564386080513183307217
173

271625271311893919694507073294523
43

2636636531437696397498993425158581
107

3966713527103541092278917760948457
97

3232283205428268839963839184692579
13

2141111353470255000797506534248827
31

480163302359799502841767117521401
181

1337883953818738373371393392031309
7

3589146454337623079361736578359087
139

2960604903211962201557074990319303
23

5243524726723515098681034022343
103

2316718729210970789791724232109577
199

3700123575169169016676429151345147
89

865566656283656816530725424225339
11

13559112158460599693013449378741
2

4924123951124386942331160304978769
47

3361288247428719909406897966286551
227

1696334629164429812088877853301881
229

345072495195879198164155680023653
59

5073539089582620398059009480876513
59

2844598436617925709295254758425267
73

625757326441434057535988181628207
53

519424873022548100588838038029007
139

1876875409440597557426694947992243
113

224828573423803404070428802260251
19

3934168662581201773982457128203709
59

1716777611684209101060441812316823
251

3317667008668125613518323509513027
109

847786999937603236521638816722931
151

3207326490748579524077237007844289
139

2409451823557900521389494050755851
47

273951558122513140655487092830031
113

307377843035986217972064258223373
5

1316873686063393445907231522415973
251

3692594735823078221214104805011963
43

5063566269557873346898800340821013
179

4398824070617845590198053338421911
31

2255946631666252346704366519929037
199

909584711893915444884170751671449
239

3519445231534228132245711396730363
61

3436878604120307794978070701366081
59

741814432578415501406720245606223
89

855075702466341782405729194292501
131

4107139395830756133771606664102489
251

3974825200733825529301117502179859
97

2457104587595268692601235079192291
59

2500943437526525637952287352295251
211

2889635857394514140073952989602689
41

2010061287119752576902555732341953
211

758280767412313186540726141855511
2

2353196246579899461212379008578871
149

3771999738818248583686129080781159
113

1901540382591043887269811322038311
149

2457592532674487657218946857378871
3

1578426763723208128149599782275961
163

4602296653102654930329321084481577
251

4794653995682851690332131998150807
211

4655055260807298302004384748136159
137

75137184911714415401719548415369
3

2714556211986790334303599100621657
73

1402911662385220354644918476606801
109

2207123283830389557361627044617951
193

3629603214973755683839008948980209
181

575762575294233648503398447112023
83

397116384879948474632011921420517
43

3227614296572163357689018641185113
17

4207971718530751102326683658586553
79

517612114991571528338904393779629
103

4181773253688015703820264248006439
53

1842693507457325062313006740944131
157

1655362509204048703965460401688831
23

1055893661790153983311855658649817
137

4174106944194251626064813544183253
131

2092875312246226274773122724301623
43

4216507639668418093676432417332927
73

2699275648834667753926934260449389
251

2180044246638299025161699623813141
103

1710962918138974451164261323679301
41

932336993314478945264500219678429
5

4134536819567106256408267178895277
79

