119723608158959582962807193
509613001517

139372968833648286841462153
394248410147

68631361298519165132381029
117972570803

234313476573878057621376053
573419298409

68977330592143587565791127
585529513

266449208883447173907531991
639205546171

62089439749057559709680669
556955851687

289474101089466785958878053
309833931553

140861054807038075628260999
797551538207

116469079684399362960808861
194245797509

140583852951578330709777779
659773277827

58304252852567940470777359
549403550791

254511572282073871093306993
841195738883

113014142298064921710037477
712498324469

89505821506992600155711401
365394938329

266156103303904244956688441
937400627011

269760920516840466263359241
690329197783

92828267144981959311432581
581128198187

77474028156137406724785523
194514157741

166222579078836391504486003
252205681069

61450719875468249187062303
711355917659

96899886328692501938451301
11614856453

300644591859771823334337781
863647188853

54612705223805082712883117
294317475817

273522598422841426305022331
757016242753

162230497549852794193308433
673664056301

101047356833317958477735287
1084069886381

4678208331443875015883083
367891433737

164303929235508918782319469
116237646001

217585899277864596527432101
964839247837

235658567720404465868413783
869493407707

193867691728781102152368883
559758481943

258028692442532206798086457
773614250351

31146502908574361986265047
956918418451

207658745915403848523517487
952217419597

160831381586192610026531269
839226654983

34880285599442943267229051
645624357041

256876505124521357844761437
534416504023

121703612956683755219500897
1089440504863

99015294768636747835825903
301814216393

98355574603118783435637151
1008803402741

72643814540887380840264857
447548919443

277995279430855151656046627
426276769357

115963986364344509566198141
804058370597

169823991878552009874697397
506970120361

183870396791175251861136163
347843380747

309356274507425512536009167
638171260439

40256946870668687495806201
1067140689859

250374245134621387094328511
31456658279

123156490401989211429120191
538734944141

54924003238979944531367137
947179659757

237539451570920761877799251
653422348853

110578260068946942941388149
719516248481

165886026671675292866950691
19812624751

28079747955689459665712603
583085123513

126571283929330746539133887
993059946707

32230594986195516372093479
784014450301

143546886731359250407272281
722874939337

250338282041090149838806057
546931352329

224998663472640131169787247
899111866469

28033162712039479980126577
888558170663

231439821618268201721931509
935076475967

40361854766555716848417913
335007052403

304710733532587387666601111
1062067223869

86335781420397909096558581
156200706799

292786836116593150120296751
798760519163

150535059166325691369419003
481415463013

138903627865532504968336361
167026471379

247383703221502766874571127
282016407889

7344734044425336172256207
311856359807

1159771261815860609814953
915794527099

98462128522081672768800073
847646121601

264955792359479661055059049
98366042213

190592767557357895284174007
656740926739

305167332254525366012544827
410353273717

200208853457846306034491861
739086085831

83855185091968713267837571
1024201171171

106381550766879057321479207
284176981217

292624210095683193869995747
435179769917

218445249607411470686308481
587140922791

35628366693740342810187223
828630984431

32885416361072203389555817
651394956601

276884231319005704023938369
589276750357

169637176056815920141046591
432212618263

283252338827664073581555337
861075970763

50879476859244787433411959
335756078569

97038014857864221762576763
831422872459

65165629973348782173464851
372021178097

210759169542299826012252203
561045077977

59177530590323632460936213
811504366429

190995877447295814789330341
94130856737

267720646458403644448167527
448784384537

244617061008756922863739709
531510071693

251570158552337406299354171
403197970963

212910292232325784591151341
650284250339

12860662569802593233194763
769164289321

288532600676706503088368279
962629104883

286858729455636094919358481
466254927967

182675127319997311448258507
219675916763

194458711004388842823503339
44178667943

