4418270099498519029
11160587

12767925535586282063
6544753

2729818713451375349
10289767

13740982368728134603
14185889

12259811538534281629
14279597

4621638211544563019
15010207

10452253319097943481
3750517

12615612919079307517
2707129

18214608588605587999
1409491

9614958609875989787
2229371

14496433282275383737
5993719

13846310866302196181
5432839

14545707996079424267
12875771

743943039811282007
8442839

12143261385205004479
11055137

8285864902836596107
7771571

15137206006735872701
3468407

9377038724617155971
12451529

12331154065574065079
14562937

17903727498873897661
9311119

15721923524262935503
13175993

8196154132890744269
11598823

14016017847386934037
6458293

4036887243484780147
9111511

5525167335879454441
1792787

17698285890766497893
9563599

6020933926920762761
6229081

16400520339690010231
7378229

2311939696039286191
7573939

6491879429222294321
16683209

13953467909943707647
9130651

13088795115588281039
4330867

10844044703774769101
15715373

3381933008463007631
1869193

17872588482763901101
2460649

15912147812660395693
15653683

13463909559815189227
11587781

12816931087771343807
3149599

3050666982980305951
11088463

12348440336576032477
10066439

7103264661891719507
5502709

14434974805836519887
691333

17778899752704924901
11775809

12776529611458777973
13686017

16138124341517808139
8991613

10846573176655516973
3864643

10541176849284019517
13459001

3769794412061839163
511001

7106732873222118293
11646889

9618857067540464851
321427

3896112688995920933
1419359

17106654985318290193
560753

18044777393833932163
2960357

10996992085877375363
13337603

16001286928262421427
7848259

15813363810834309061
11109613

15637486206628214921
15950717

5455889266494621041
6432193

10640349459189586771
1107581

12359238992124988993
9430549

5522167853006915197
9322219

8059394932224318143
4318283

3647617317963007559
5625331

13845360688062055121
15243869

12529447820922487387
8852141

9065560042598166637
1595743

8073804507110265433
9361081

4106790298070030573
12203173

11882968345808442893
14133617

12969363438774094861
1625539

13723342729409932609
6150847

15273793059268994203
4922717

14080766869402139341
12508919

9193585467438511379
9673397

6408176792615226137
11995873

10236558278930460811
1658869

15774666440170837379
5379277

9627013040795862623
7718341

16750087015729235761
1316657

4987797531460876757
4102393

13960580771251934503
15165583

10608469654130955721
10860391

5525218830848524957
6280231

2208136817811383941
6230209

1486277448937179343
14344367

17660607120416618287
3853

10437830554633780283
13321579

17649628164682743869
9479467

4784081725748392723
2247473

16290589517206820093
12876557

8891701225189790387
1987231

12199713455355478799
3391667

12252204820245849749
4940389

16704176461738293421
8532301

18369576024901159687
3327101

9977617028198840533
6890447

14284982360665895371
12719771

690532577831408729
2171627

297286465232352187
6988621

5729844055258555853
11259847

