4412874350416913000569611373956341
13685278380281079729237923

657476267681926944181385159160913
108749924484828477362097589

2301568376660074135204072753474667
129038480352986489732966879

4438917992636125710197241543255541
114898827224199513560166721

4144462382850203328620261439375461
24997370528078104934607241

3442868827302969032384572293803273
101280750322232185469443949

384678192162902205233371914319781
127084296359703000390144323

4429881794157180453268206495263611
116069201919074446904580991

1998767383364436837830511254249021
308498446708086553084856449

4389574708241455296257213817450779
64964009687593985154129137

1103813648207161234847962435793111
260021664916119432408238999

5136010197505563603149771372249981
123838040918636039700945829

565294553631998612904563344829693
220757629733260215501681361

1175586055204431465431649683205523
165864320323538368554584669

5083562394118378177024522101050593
126774494813139662167398443

1675327004829099403050099933825049
121450188338957636590652351

1197573085229686917615744323947531
189632448571521070906404239

3523516582558204407263839857772849
195617469308401474035242843

1201263685430753674686040349519039
63718233322528426805740193

3889232864283445977018707891703871
74066607354089817360911467

1652481659674348160221112435336083
284354602169324273551786399

3519708438484242147432409631025283
42358721072003475489382177

2180767997356423563046453909289101
248572364894869182651096533

4351299388941162520415539387845523
18431068867817588726303389

2540010502155073032262536822742523
116795001842089731741807203

3716530021698969092040213368545679
286529415522152454078928169

3815566550157587493325057946840627
111520247399867999716004321

3195416745680297052864046030557059
226059870904136147512160581

2934918785307843644676198478155053
288961715248719074489607181

31789160024034144345813981983657
306752263025870478354663383

3292850109821876684638545254049499
92678354841451571886285341

3709090632277147855603119680792071
179194707934041161461527629

4384190368071729347884726876444681
293607387193134663764477561

2781934976177073512930849442695167
3845530972813564008963301

1732364156066759663736969707012747
3113625349862541755180887

4815119828945484267230308030326461
259431037780790411837322557

4333001256394202973642536432481653
214451791238599543633364803

4474671398070373637160626032655353
215728397201158790739801499

3403688405556305367883814395343131
87424270914297273666083609

1729835220321047330004182827013887
198446825774059608665923417

4737019910614821324419095431654103
116290047858697234840988393

1911876653838997882491709682828833
309032783016960985999919657

5135526352157489937128464811563591
128802378336790694581748119

2055988943331777207005045532274451
183576696331836046784867173

3134497226475178625132030412010199
299505829950504533833316953

5008183421786254488149395079087551
216422836913800914133027237

4204433315927752378089201702394637
236930834606406632200531279

1112783545207754502818597195274287
67299205240941285374330521

5153961639471912669916210701239293
300904089440120790337462433

1485108153065806720697462717554357
126105042013954926859746941

721010131769694779732465361220147
244674568873429778412264913

323418288961041465514716937381927
233435376650864117503517669

1489715840933161091446582561498681
49941611379622699432108597

3379691638267274298222551366982739
29934984495691323862276753

3393704077757304688940816170844051
209589390338502571563770407

3226335425195320343208915757105633
15009948998516357544968987

440571089836359928444856431106903
284061522042288135169950041

2380197739804226231728655603599199
254388366799907716578456209

1684449006532362576928110067066873
116998347480185226555042769

1629654445381471398470721847649549
305903812103436119098348201

2643376041235591035826242353840273
124894737103483837324082203

243247417629341648307464571634117
275022176828843359634699977

2107807280644978162821598876630241
220352422098917032185414677

4739011173757312593901158989669743
183083659661669358673979449

357557770507021024972381674114559
215519494185959937853003133

2980408330367067840642081515954123
235290031212080715207733817

2965586831908339431202037404071467
115369405955557428989930237

2596302337870497835515383767095563
294327270166368873104948171

4339472627277045367971062773526729
284478101032875936629224493

3900655012329397951569764136064051
86190223578642774834649739

528735186504821651231733996664321
278553151767604800848264203

290086991253876433588274873087381
109078322529731261703222977

3842170466217433401588878316645503
175528032736511895671338423

1762308450873367333281976833916387
8992185454986780654960769

4437233923772746433597563679649629
114164041408712391416308717

4547190829186086102835667515114729
123709367400920396609995909

4197125474486569872621160414301273
34129620818241663525564563

4218973956783415367200825169226067
246492598841321838980279717

4090995559536068079831322856055151
149448793675515316116942473

1131842766460364588171664754717369
161550316134450590121178457

1812756821617478395742822537693857
94575408703604633322758761

642792140640919077757064387781197
56875425569293107714959353

312227379125132567573022396074467
153077372907255245393289101

2168756375658864725243813347354757
252318047252949205683426451

3142683574016743449850678547125763
141906278252811088562732117

5003946240169654464431158508491273
263918551803067739920209997

2090882526586588819520565140270401
83825662370826283799561647

1199519810068197004222233038011669
117379120658216748806071117

2079592862002967115439769472961999
142905352693588456798936283

4458759989983804361864349594009257
9420972658683405279221761

1442635305651258513349091976516283
94255908864378270719377891

2023925794213866964770696946963073
302730850577389698454238033

3113209997343497980889906503326793
10092145487385479672046863

3961722900310583225774663205876373
90420567570873079553216149

4020840718284434384241557206285901
285618917666412155760982261

243281527353177755370685190029003
207394517558138966692101347

1742611859832859640083406591837023
247628489770106593822836839

2257764101527462592971764897791491
245359699295857099361512417

2832196632382365946772818855741403
295987324609457680063123241

5148872279805058572014868362073061
66391829115849615358355449

