254950824400996350053963
3252959988750487537343

98994725701734901183435907
2179455037449256628849

170364010282191707572122041
2013269291180709836917

66920830296993545746175131
346658869943766883193

251879091339929358319980319
534555447786367045573

91872300752793409528106099
3236249608288168062821

222634654067074241898249857
271132358553430357897

242400494908095241372226963
3276508858353476618011

303368158877981337204196207
789237978022901156731

53943609555468963302041367
1878285327792242166527

33276688891806529236612761
1182900973265133955813

89645030062726113370853327
3742817691123181732003

284508514847134091007240589
688790981078695599677

239585559741570194508558421
1318333456251293241589

149233150796774501520151043
108918029616129751727

293341241510030817290145857
3907616413525155567737

128284298505249820472447921
645942645736144899871

216823450772575899150751981
2055465135122561962649

130428992315360460515878729
1117273230749599032281

76665735046979798443031039
2616415528597531736149

27584944102425777632650711
94466135592536316797

163069856040714195675832273
4249366801145453833921

127647210875929079911727521
563789665708963701967

287861316670128266246971837
4161367346362328280601

294206091462492662237163493
2803007099794687305097

76231511922217777804280477
188548257344725936963

142859835446488720394264981
4298967095433859090877

241392460848733465197706159
1187480115276838745563

115269261868465589614897829
3312326638343121910207

190688002620105353081415791
4384515359073308084623

286856341795832414751031879
4164052771725393769967

168165866435263150366282187
1861647182801361516527

47166708720923921609502767
1183392473124866931827

94891731118066781092624093
2222554327403701662043

303929027061555605114779301
1032308636691234278659

184875135009246581794584199
4444023512769328904033

115144143706242826873031107
2422174093403153679913

180803516484697394598896491
4634789326437832947097

45133110534835096017612959
1942090772117482800901

268453377087881870864224361
2191031615958091741421

132563462721028472903248709
32054007987848776597

66871547996248736844330767
2154221803424325828161

22536434668381919785980071
435660200916285291073

53011581696784705310085911
3733854099219394657021

45130674144894968228205571
2374161510221881225583

258613433084094221055528877
1365794134652416172917

240082896069655819648684253
1578381170970759530009

46587406136225841542802361
2715139717651915319011

244749966410176584727641331
3399854643481678820489

123994676053126844220843451
1647755309456266113553

83537363401691725671128377
1460215874638592321737

203130331156980636533602001
3046021595078155346557

152778354704008730017351049
679662683190709007077

173311586883299954486055947
4407328839045704126309

227880389334828268610592973
2920177678661550757357

293557942322169603403935193
2217662738697393874969

221723228817242896761938887
1847342957596176077441

252712441924238621942483159
4468076378486186693999

73483245092251596194475149
2580012733967946059507

197892275185114718454273743
1506526144312627313209

119351928953365470555976597
4003996611627872668051

79829686282813940261980111
1640022465872698146587

247336404376374382241375869
3240071960081416089143

135349439352832605734179967
2143314667124930291779

244702096342596999567977729
1910369447929757932837

242376992115673600661191453
2131381108701344482813

86390103118529652657210173
1609385621686450724681

57209653712652533683068563
1646949887280996203167

223657362391716363973036717
1422990690555268753943

69776471708816932394650397
1771324009112894477149

262268472899806193295439873
1525886794030008789931

211121700622985814131405669
4401115956192489155927

109854337456346935182792749
1701753745709435159377

285203538411649550797298749
334700872945077960877

72082376792301428457397033
4036078013441003164069

169846989565258716676463657
3090782574574686143371

151837288368979531826493367
926886966596191809773

141323265694628446820734327
666196000733661304493

209136870222649268126568791
3438652055974139310209

278779115292932461824991457
298397224065709988573

161139944912009001065634383
2683446828189844334047

190133646981509368309150073
1044313885595095860637

201583851294566435421004951
4066775674132651845931

276874565859586607632491521
166495460309170196327

113200049208956617029175967
1635952033776789614027

31067541664851506634483047
1562628728646587924779

57975554781325603785995699
3433218367519889169461

150603761165462458462956469
3302811190684496585849

49582450274361452983534843
1912997812500319795007

116488411317614007847834457
1765171413586838787373

184439488915381889658666389
659116055058419941201

232266297655949623546835441
871519904926700913043

221647091267186912599914401
63614686697966435179

216401564545603522061762213
689433871264679274491

309472034068208666351984857
2890526030704728150313

284067658427552950178148311
3720372884118091381787

86793057947894969359084883
3596626974953720994109

306547896098252140992708667
3777356126696511494197

262924505207901742203887099
1815557683975393728173

193566902329367950792487383
4424707371546789864631

