17001074998774199
67

65174732199836353
20249

41284234703799863
64793

33821161357880293
25741

27228224482137061
55813

59134248826057303
19037

57979798244887037
15823

66229372420952989
1277

68370314280223349
3433

13544445749207983
5279

16450147933142587
30091

17757906190468607
29243

27204439152491827
9439

5983204059496711
12889

31603498600411489
26053

16778246358817259
42073

12309957487914643
59273

49306148040354083
19697

7902859731975469
49639

39958559316269863
7039

42783691740487199
6311

33358961608217873
27551

5154926556467293
5171

54406668102864817
24317

58965029349396433
30103

43438896174888719
57923

7587205259804867
62687

44941954343236297
46027

65272978772683081
2699

27316814802729391
64553

60254956196254697
12007

29554724875436141
18859

20663953989348697
7019

668062325686111
6367

24889317125113279
16187

39824958240241943
20759

37782125975505757
4993

41379004969240121
53917

56529528046098179
38011

24540057562961599
33623

20580249710757589
63727

47631310345690157
42533

36497816650132373
10337

32750843579182237
43721

49767032038227083
62477

24838964371365283
27179

15167310018328757
38119

57424102440966319
30937

65183193321639779
30949

10772166365009897
34019

71947880779129171
55351

27941637482265149
60251

48789801512316229
62701

50581094584858843
35671

37001148315616109
21023

27235676163622301
11353

89152929663823
9491

60873784308057503
9277

56953956756173179
57991

2746615066135321
2399

38016763944839297
62921

18250813184211217
49627

556988025868537
4549

51403350123723571
31547

28853665250143423
17341

3616168776428069
733

9626867118278119
22109

3705358015697291
52237

36753611156212793
42323

32989321250359801
49537

65304188168689429
52183

17969482922188627
43003

35087897722405301
60139

25299571854138191
29243

60340810349577617
17491

57288948403196987
17623

31605652045916009
50849

53068554226472119
12487

47860048824687349
62099

68523947815997693
12277

50623976041760773
22751

26181182228303231
38609

45790723624379
5303

320070535320359
32707

4559108053760609
5503

22070673826396889
20443

55835882446741487
42719

5252520294999049
56003

40279713521186729
17449

67875741806466889
36277

13187105255845237
52673

48763733375081533
9473

17698644255795677
56087

32652655068313783
36637

61865061076646603
47779

29561329180114309
29387

30988323518474191
5791

8968876331667853
4793

59113553588967439
51907

62105957735818219
19841

