584924745972548704426885406404121
50626118096966693247916738837

2586092483085421328232409481455531
29180169037030461816027240457

1265993302929095864696451418721173
25252141258993219628145160351

2178127149063792094207768623819737
8856050543161952809294016833

2301113366918008842784479123586121
31164836735732986038326348083

3510369839941933038948302497556233
21722226773340542419701276569

5095077019228010642887333180288297
22123154444335101033078298309

3486331366847864110002213203416201
29678802239237345167756364551

2844963655335265668892638765726419
48768405516205984415528379019

1518145417844021986525663536840973
16574668834901133294874430053

4408572065261171408291177270606791
60599387147001378251572808837

406213173531612301638400164420577
119084123858437172614623029

3849448691702710029189059812475057
67342111469912048171389610033

1283714581080232201232273162747909
361077436902537414463250657

864647653704041039278069275348077
67526711405676818640180383039

3617875222672976955443577558441197
20862788722440536571212626277

4934453159934631757005190016277703
44822437145769779507662243711

2942780945955097853212504402285981
59134767334244867573242169093

2808625230857655950061916101114353
40212795865484979202913577133

3182357455718916842766434949071497
56867066614598534610351440131

1047593332524870152230998506129767
45069466401146718952602860069

3777734984196337585049056088914837
8845519750861562805892218953

3955978678831729622313673410213997
26281070444561764186598423269

1200370959351980645409952701748111
9061883959669003449506582719

4996649103848802570275148615967877
47695936413802741149431948491

3892036811274285396733518358425361
17134342880220035788880919701

3433381694869459342357423018506271
12631841897537199844632577987

3742081665439168096631489584637969
48954165596096987987887884397

3991561422502559204506626189512191
24654635811896651960827286447

4960446388430534777583780037497457
18729310704646384129010358101

2868224908943647070072233195804309
78866197122139136035225395719

580544828205636019685619596054273
8819484911374325077702994243

3741699687782854505424509810963371
72554055633977966671490634203

3761117998659069442894941302662873
25643367390944780394442297481

1366909510650243945131546576448103
4346573214492698613685232341

4899844151508200034956288461641949
40845153819471354862735568159

2065783606196438546338469685157997
22979418548297756474944102871

4260474509355039067348576097939873
28741305629281657108759742807

774045116312664334751148623167681
9564061561873790595029680369

526344038932189966658937167791147
78239204525753966797888211137

3370334391691089348262716772724387
62820859262770294982491215343

4375834723907663454876322888424021
64091122463803112186253542111

583273431559909744508437959841331
27545670623437357080430451393

1854887753471581562553892115735189
3669667279867536460830830231

18907463295636232563081837232873
39406784809451399981294834689

3412575073559926640674093136110517
26629737659836550811302500669

4093488592220821625074863323810627
63968472394320064757512812043

3964621601559349630796139391319113
12675277686118477847503960177

1374419117149075734859229921078413
393706519921246434047846147

3118261837030232374644908171820761
29415568249406935830312854959

4358637661940081400716994961668937
44099622386401279276989494323

3786645811127045893752103617085073
10568849705713531955278575191

1488241277701053523032780408007051
46002750619516947290703292187

953664751295289143974828228275127
47942458799509921248956026781

2057359940900092058681105414055859
71869994695257251213708935429

2659959976306072236075344213787901
13018997617669459906493349019

2532328088051582548986322043024951
75688419493966126016553133297

377338616916833681088559905236969
69259220350343165363302015687

3446948429350809810636353452876483
30338526551611300662788282249

4509734926295407829207110209579331
30258367798770282400034608151

4770252955617791110556378327474003
61769236926155340987504188227

3528297387190219057574101725315799
7090474191193085173703213311

2491659636314303554389552795094099
55391292934924270944464954107

1498372004377626984230349713951813
75778371307052342499572681963

3057914903885193537346023049329893
60696015426553662769526229637

2747928707034236381881947688005649
60863551324524746691679363993

234079293497308292332738186695667
34753321294979138717991851129

2132555441759135832310375550572067
26822013835376616790568824451

2741822538043477455887922915022559
49987698894341161223348408899

1911365786887270992412465538800799
42483690180925612055110657147

90644797482073035366209041706591
4547929408972426044841552247

294690847019810154141604063536169
51594280007696653741508007341

1357474683002534007875172876515659
25064541004067392067135792047

1177635395697563198546199685228711
15488184575721763657474631039

4276728938202467443971162301615639
72864436981680195306352276583

4676759553222180677920397297794813
57367473531179270950394719891

1574880230901024863545545683603657
70148951310140531056222683629

3354329696992466768321934677331389
69945960262607387204355244313

274655930910609775442154618556657
4961697575058949411250000813

2093475757819237779647749571855453
71139925645792714880065825459

1951256427016925140169780121490097
19236578758990325224739612341

2744940341952793359393891040706491
16343686277702387382679463621

3691270308758459426872205757530191
74318988240547533477976467289

3992660567609000776474627420504357
20507101616666792551045109353

974773301995660796945701215336617
65277553055178163969966161319

3819887049512670585821487674775553
35484754203021238603471401203

1892737658791144399262534438849401
57516916545240169185461869363

4730484841661611524839862855756761
49153490753180579598123571667

1555509211695324910464134153391061
54790544824279462447235929979

401985801371243490920488166086697
69952360850181842061531758107

547461685425120394513087632725963
39167709290512785535216602143

4672298722481671493370496816159291
62571159769988256272637103643

4294488133069722373249402601646727
6668077893163647087162394423

3041762982370967787399610208894887
20360340447998474758355921987

1041715374439821292257850277536217
76294419186426022848881480119

1871633251656048578740894796653063
66864357625398140927022848311

3469119003015229309721514726078979
17124099256515702076244609399

4764111270004297929947481191261009
99436488672527765814359261

845310163519331536916332438662889
44284890565904534339727281993

2277639943343277221296897193767591
8248662886260186605359912771

