57090412766786375660128308627552697034693611564452293567862839633
4534672796752144898934166160169944450820770503963728041521148693
18216994494010646540607472859504237659747245250796330086888555517
61378530048851221498099560806762193631893127221800091629670623309
13645894390594562180101004727439842309356533037744460471158199719
22308857236245115787546618955496957946357209898351785919661582037
9958929937989158342466000731930622269998073072477855691188634257
20621308231521959334654519134077863341006771544372957163077261359
36917690371700107573412980992326343134982845734435802534864700901
2811292072943178078639073543468953892991976608679962582527039033
50753791229522485347489786308894325086952558279873889707868959011
16780709935498728289350332529330552631714695840429083508852194819
780838480434689613911231827765908180858898438830471281529906677
83435749385614073122840129985261704413912245573061283001602446241
23355110995566119418239792656769714869522689430800518017231384741
38114152984355857483366122493402512489975849647823336590519151811
3169285933745391732178549192310623753824315516991060976484102193
785700176681433236354983615041991413498235123184442767612691137
15352739110972093740210795335225622110691015193451634152146697917
7860177266010947632905576747748626546586770389872700932286458657
22276567157589623597761608673766451854256798516276021939816413903
74334086094604241475146965117231970263436993645576084731882381883
16780129342567943307085546404600077892521829951593297443376512349
101115958537856555281722902724609244476720444464238093117740227327
53459259014223408484577202746128420989141060389732418553200934463
54753544167861475292551064556445126163417433074263812239826217321
40399242468860805985543027163157348575236289904056308034343369431
45883120105944946216412245316917272292072930398376306432122111539
3576651199955377578915568786397525223503018151745586855377733321
2677926608102260730755412956082641825554007198926121344883288247
24125426099147860877927116082296143011530737484568168802235947529
15267035466735665758486383891309157824169727630892413017872282121
383544533791406499994944625694550564872142093133254205624798363
10292976789722586725486297296758275991687962490557535789956309761
6797521082360484017523228511801352690797179900455024345326598387
57819841929087784066830135210666787254550791896213606733770306357
47312975307956938562839351003678435936331862723958143647088647461
26568931538102592734401888142752470303646975957749066384852260173
36588091191256526945105142497181664792575234102121023988845684617
38133442264725272249398686670874572345111010234541200645563855091
77216304738016967988289297083068524383515795482255961187455288267
83645287902784077724559024802335771028292833717852750079149085141
1401680434630810773980454167206212480437143142531380014484466263
715383712095769210096227935903424046152820266989433927675865571
47791269020518589786624734679133099090377693042589468183554326799
33752337373023366212513488697452961242451655734347951764758434097
37310286889282900588410222695981560178873567415937903311187082623
11088796821390742531706224740543812688003672939142673882930188561
57966795858056761814273779435043132799992587851060461926916445353
27986543596973171503935972995495580228912778607650876758475908793
22087508352854536405199165667784895722442549862287735970208312871
73906071871529305032344583899637931479565611627946410382035486293
32457101347160956280418636640456805213389992620916787607978905501
1723059690568893215390489130848335762865870771384381216998164037
36080562704034164912458660674966504690986201408235143926526990051
58119236131464387238453277991606698734441336806962471597586827111
29350151596774785262622063332745259855327236345514283824137419411
63597602023203248031004978571946283409796868862690067431009857937
34201749528625816839415151224733650869704481643237368285186754961
47718687267744392037116624768726390908052115377607265108731462271
3395315598521699862604313892706275015408655647255822190181728271
26826312925763503424346666004288208978554192129261463438261389361
52761064655865706572138993327124524986721068446559419306757731847
37621876063886361961072140964892220484225237890248638042545947791
3441459338224772259116220745959937494539969521413083960860221877
2235199785317606442123668103197707829786533765692943557596100883
18199399216502635940128624924282912587115428144715340017146448391
27494444888773069727319307355668108676572167782587412088369308021
20851737135089142137422747513380684683720888757055122912342720221
253805376039654564322113458426709845947743376741577619971827627
453180565106190743830830315051474142217130158559216388244379229
2564559376753362663894859907084959083314446025143749999513137621
1136208615300688748755317300927892537242156780264602842285881319
9378659129769812265433833914020333020465254426602779461566210009
13540887996359685116770660442044098113784681622772750944635586703
47548860534116134708495589121315858470001852903954130947382258313
2837161268267927780856526757128259190012457744153561463923763467
7961459878113293429766206798608501843491073553095368364028974597
22364365851508428719592729610908812401840237597650125844390165557
5544078280675930836200138754787926076993480683597573233073219691
6203076676642562602089097959096237642742404670525703485298910947
45164490869998697582193738596229672417008274826708228720125250717
63439665928482178102282722101034951111198592010949532600135014919
7787472924184687590200509538913743305769013569715624850660497013
11085230860920963547412472845928928404310237628514539200632495859
60177870255111759590998516993584074048364730385004604841343859867
23960682506573676787231395502117225211129248862853480835880147857
15485500187248908829854415763197625920545383743206938689047669779
1258234174700712776414241423064415844071018648988666938998586137
46074883132993298846076402039198035377160792382255661735188931853
17252552293864499384717238176928303388538243498534482546971723913
32983638084653739016101173317040798988849832659260090151532727
51797173628972529436372137648107704703511625990174269150034828891
28787109817554578084756757173826270117792852402931878184160543293
43473393454321432839219030370240689793247329003806185702414071957
14178488744817563500781270871048337366311496046455981173187362287
42308660826281945624470675141087643299850705241773272548668677471
69022695466291713918958499533399349973874857738775109946922449623
1090228658996805056929917312184472132325166595547874711522623683
26284677095739782283820731063709469620975997251420419852949125689
