1174356474096282561947934913788904691
8882918138691463609

1084125309813377853764976328197253607
10728363570238127581

201751288012747851144475164406896991
15075584362076366543

832347158432601660292055215862295539
13275078321079296737

1115332464093116611323708438872607877
782987712757601249

541360552938452114104762768718527567
8923992960110303011

77450973249298917112018177297591321
7765455933949717331

811909829300932440720577852624753447
454718806440932861

721963765536027963583901638980793673
7342325894119893541

533318375485566305940648070532967401
4555627279170823351

909339631725465756053313513397337611
5946530356210576843

770607750817365934115805939735791513
13302382726350363629

198267422330114412396890334801275041
724183227462813583

154402561724070919026796064737022923
15065966339127171359

584680723139729275080096463410935651
8175409798437864991

1133656266176154284554841328442247177
15483399615714852841

659173943544718514998218819167451791
15319061129894141071

471931819561419631198951880069396669
6272927306355096019

539716095774908141465783924747630401
16200891306051347507

564443286325601124787095310383699203
8827978177895075113

899282687755725194245078875145556407
13704993731681291539

765158402815978885529265787146733873
13695085189940610503

182031139272238771605320638348885589
283270201855613303

836919038636973914406053446160263571
8218975223589148099

1226167444538695659735350075722103671
5905277448976987049

967070549448151033771479485854049981
8688224484353320091

248607002604263960301732901949049479
4051836010077588869

829727707884818969227220405438374687
3524863310747048173

692311401523446268461883944275272913
14395640383490963759

508762353805189489073364134401643123
14565425552482131529

1053465598851523503420111745218487631
3172335367071881447

969611727048640759319190729832390601
11245970109180370897

496819635755950843013253481156081799
1742490381580397861

562805039081780273727683001912174331
15691184951203017329

990918500882137594915251269100039167
745109627170856513

588249413031377599487363378493909419
9695041198709761067

569245052402212534700464309365520753
14571077281798512061

994838093356762355953818676521469439
1240644439001124449

1102459357203251927750951068075758719
11658195912550904807

183837315729009379483343896548963703
10995136937929542287

181276289270027345912159049811793713
7754002722478136081

737733700821100521136808448613531789
1890182480661784877

484139111347183100541295718606166739
106628093469836977

317366975999387537038768719998284117
16862265693422229257

876973468380947018520241222107296971
13461706955605969661

617788958699616569499474853192507433
7499952350403145571

1213777302771488382730550142099061009
12488158837726183133

777040548946712849605765070840694671
6430629093294518599

112419369755767296438175481748088927
13424582906807497393

693389359924069770622841631409957987
3074746432861910759

1177033190252246006493642624654896437
2222342228953906117

1108894462023559809562264874941457683
3355559036020354277

146262530500258175366253289825853711
4014889335950326571

124880668713893101303339067164566821
17399922240098661647

630592217766832970925045264500233933
10158949635886826431

742842354124205031858993075491605129
1227497268663724369

297579380608794267669557918629913921
9852175139532357581

368761676268852839991951336221107751
13471038631297919611

347376367935096294140793905123979839
18115018033387222223

999823391673425561539225160532191357
5759642043948140879

464283346516311956561065337074796717
2643114678120627547

818669293034769658854114301588167797
12972539249162209571

13392851553349351924730066196241153
4017190118162691637

1241722338874266067322701487104887119
3635708164528520477

1310137227197065837576966326600383383
3743843460259907509

671773669361790766690640761008722063
18023073821002382893

178005942850893683061164977981853677
7424305919820524759

243991641943509747407321904567067663
297129201643155989

369571413533317811323876174952873933
15333415448563115413

1079366014465517760018253228689924287
15470543684721709147

522442120310946515297702779356406307
4048627774720350271

608906006325800681967185418490662971
8201704354456304401

787241807659613008955808026232959891
11878289188520139571

1208683126224638643317669391333211121
17865138327820968479

1093708085545057554220986738357835883
13872732245578990087

880825527644939149240295637031221491
2330960508786131939

404627193272946858983173063902670601
6744170585250008137

182897265841863399800744370749449507
12264958564615457501

379555062548090062251311501255802037
8154841670504091911

917724016456135871366938577360444197
5524514757684579847

131485930382430048173134309749629249
3693138841223468591

134160035442378768791218560498623819
16286970579026096959

952071422832469963128521022581791933
6704383706117870701

358069014611676666893474274320815511
10485903910484577941

900974334723645580334551812359829397
7621589069350512593

973308794221413790868743257570825779
11875355419832718181

618167801908359588324574845820336829
18138055932207013889

196514442572610839713773015365586197
13925839745191279511

1120667260016090449246891586337751867
15458888084279550901

17876231232723436461399947601214351
2626662860469546947

420359348692389904476134108156288797
14555994188674494181

82661156188574692327034396878479299
7631375846103945259

498667395717746132370039802538749381
11946425328546415459

503257414597933268009906753553734717
5703303896262126943

173143377432823023483906195020244347
4995005224673330267

211675668282216614784719508631983641
15163667491652413319

1278749007950116949391671235013869977
18310702311725792707

1105335069230503751143941684944764673
2590259556053165429

614767917671049357153382612458331571
6143401852369482893

518822277190728837191807595266763881
6301076328128284169

