99709460285537
107462189951899
35743897504643
104369980237
9045109054061
44609968470569
22787250239473
87426611614009
110861444786023
1580398628171
27441607825967
142750370562983
34716481217771
6457876121887
82746371154091
10268396199311
40404124357477
60304109077571
103928748774091
49333148783449
182245829551939
207477952617121
305074700329
4383651345253
21539772083833
69502776777829
153028864361887
2509727717221
8521578009733
1606321595342
36794956303943
178449961592207
15327704370151
169469599698127
76476995930017
27296973683981
84312216432599
76179441150721
81638213673551
218327771934817
149522281400827
55470737603461
19152623297681
1492497500674
9999457439249
137161100067757
27454129833331
16740911695069
7443325848623
50366882994049
70023907874299
45540071210533
12360619504231
7188396267343
58207417449163
1883230300751
143297959253599
145954081354849
42212722033739
1723789859693
2254474029457
3653286239147
16332990318811
3543823018655
162589885244629
128243473911463
1330193618671
166795118090927
116759849896931
257274126338023
82322179567261
54021739123481
48154432659517
33184014205549
22598233104379
20669367949
209513697465211
18947766546853
1667107280786
1065527360211
36381176070853
70992317593237
48020335864079
16293147091783
145922817570539
21392667280123
49525749209689
18269047513259
9243202201019
106484786223887
6562558823323
78502739737391
49352500146511
38095603027693
53921753548781
11550989138333
8512163277497
8192130565531
924355740706
113116698428023
