26268122651230938539
134372631935856843253
1664180500040842249
20196844793163073333
21475813562192032627
9036619599677580499
230274222336966996641
86689275530609947597
54094688391250419817
9650492136024139271
3736692012791137493
167140359293032280921
21774669299989926869
33927296451190529323
277809672840744571931
90950409331068936601
13093724045773796077
16611482675543544037
134637844596583731857
205344510622652861029
46133617010916941921
190880680179901227059
249261015402878577821
22877031877952731067
59187127231450993507
69577144898498668147
15941570747146418761
7811002431896921627
129902874262415773
160209810612508675321
14143607485418167103
53765717806474601351
38355432308773712987
42112104477948156779
49450669340778564041
38848480109326945339
133343455824821609
108110218622612043977
168090375247144259729
179058581989362435499
21541141515037303127
5129719982819105221
46395304819444547147
34327591978302733967
115156541285646069283
188519146084953460823
83898929551143920231
12336007413360780353
33825132830762549033
113586432916081188197
2084009889363559067
69576640154750150287
164181036502817066977
4617376867908523157
12854666319882203497
69169326041219455717
56992556465310072601
130500821676758596057
234923712667258105529
4148476031425584119
47643817656084901543
116009115647472521647
155132045923750712521
1293243883578654289
40484292269037902237
61487755490613194257
6635692153149299543
10837199589438772111
84111197327796371981
87044702562777762989
494402934393593947
81917026642309886413
50584351443148424009
143254906134870981421
55799063478720676409
155253413006244740119
29341387702455273539
128484012350208279631
157799823656612610479
12648191935173656629
21803072526139441
130087698917184891481
63572838917623522787
28618331144750375753
3699190458396731539
56998114828492518353
129950208707648861269
3837246055455035581
13559445148679929633
173234331700403092331
147555845813302281437
49264344821648450563
100394078369362345123
314023894803347929
50273195466972248417
208150250388738113213
22284697497405809003
94076738014076659969
4127001839539844371
132583915347463302391
