85181
618911
264227
178421
55973
160289
204811
76339
58951
194107
16285
171839
217639
130943
69353
125233
75319
22117
189281
231337
234551
214619
252799
517819
538379
156283
905357
374411
644179
233897
161927
93859
473677
554273
17363
374791
62243
7771
123089
478
103489
336233
30049
40613
61447
187501
364831
52841
236057
348853
481357
710579
41833
21461
309887
112391
215779
323881
16805
943
285743
327841
122803
399251
405259
222121
331351
110111
352063
79649
131401
142229
796987
846731
214349
215021
173237
361051
18419
248321
311671
79199
30143
158273
640513
84989
36203
153737
522619
4819
33463
448183
227683
177143
5714
121651
708299
98027
87007
42941
