2526061614853
2088655379157
5635931397887
8187637551907
11144686167277
5423247502841
4726058812181
6005304747221
7870040906221
2170928725133
5715607524979
6935918706497
2748532583757
135339348835
6688017163037
1785396324929
1391981553958
2307269092079
3028340456643
8891990682601
2675022984951
1096150623421
1032170175669
443803034762
1601970838573
2642785227835
350653753853
919974442017
7176085686671
9149426104181
4498522516901
1294074068271
6816010657951
1217603662099
7481057517769
692186790093
2331168024317
3364209794153
8519915344187
760393041362
1975062730979
1842449174493
1778741812601
10101190018673
667605920998
749516086713
3279247104261
1896993012477
214945207399
923713917879
1107220115035
4403916286099
947949689283
8429922333313
2878457536795
10543615264963
1698352189701
8892565355179
2973464168061
502435346914
1501448357005
1182192277983
13108739272603
1181762696757
1998771213805
199919165673
12266004753067
11549405760139
5001922733197
12464826134683
5352912393685
2974952424957
2771826423339
2072607201417
1455386301205
3023791230423
9435284940433
654682101482
2306537169665
4485497122457
4003703780293
894085231071
8498001215099
623749022729
1627949390498
9880862037167
5908151960191
11797886383811
1973712180914
2414642079515
3315124251461
5537390077331
223484514171
2077958133589
9614178537587
242651627157
782134499109
459680944029
4476274510465
989239982809
