72401883459456762891049952828350599596417
622287594325209111707603731954296418502
47262468768895645671722925174637776770983
32532101858795518953296217201642061786903
1055708858444721624581913150842797182157
922955014141849556059762453162580566581
38409633316518927614908649813402659562431
2672264453226442296497916994588460221529
37523479829750973762479902294966081624903
11763488399879514841204512649821490245787
13763304555802445654616793313627421007973
29569313506958228893593754072433641628213
8657053557643659634173004818436051244387
25387933246843153584649364707354694186003
7770608431471933693746233898008119158539
139398727145318973794090375145729841855
28223081080479684385952244613758560661529
71708624756381460884952721536432110509417
29452469053818540359597047600618890258013
18498274627421118826613736919929835802159
36573035940621743578321487731365190561913
8151795197498539529027941899356114054443
4183616609494653089420727686566243021571
45384004647182689286501844184395686545007
5994264931827123670878320790299119215409
2068269431752595496037489234609725797989
1375941633833160099832260573799684211161
4027359973587683233628022539235388613197
14340699118965875766348750944363823263291
15280761753614855108850568312722107466359
3707711231301560484573155791966626656879
19567432376781144825205493654015589692611
75970238650969264397223976118983228159877
15104695772767194341937106500439229527633
13316723316900926826069046523785102140617
2619966022787179133135210429782844600299
24408883770474241546273210369778419768733
18999435192171600434422647572114240731949
53998677825378573265124591417664941585291
6387316939597643253569616411157190957237
28365978017762609666231087171158269411043
33930057366685328631852206304118524980059
273225721475435427126019494236358938227
4695503670896903064577315725191834427151
26911224044946802613039856677523591565187
17088233828894233840344749757067935212687
16000198652008150335356756547917451362671
7555464708367943548639121754137414304199
23848666407371965815142874429728455732191
1700443968359075237267560778775876158897
25426698409090830003945788162807794967459
12518949260717842139598688303452075026011
1316020148090967060962767138013373866777
5779912669339536171782780009921393757427
2553537799316724880913225511216173681497
411740868344861661472723578113494460762
5565635305714384918248299527865675951923
24775705294888902820619138977520298239513
14524616118110674170816682270673557978579
32456409971212931370757968580793078092177
3713734237631248485016148617843649865323
8492292497748830074244835586823285816149
16397597327519824504682515035740515837147
8100738146865494947922940526178709665171
11771671900012559981518299208053166393969
38796449797101356662115173511876371684189
24687007346876348747393169370352992236641
18355134554551222225322739701195128715459
12551161441805276218984677959597073301361
1018172734539103769121438682334405065989
60704648749682460719484158511209045610709
369028352775313049801183614864182485122
42768468099008760754326384425504559135257
20274031192108649348262557231612125205741
1515740580930669246548037278060931902755
869927827357509082904782393761261364301
28159088365844472484904100803415160088813
9220370524421338979942967755458381655953
12757331430097419932736928845349376945
345362588070598714238908763047822519118
45656821061778888283236497391490566454321
15631866909601589246227836661531868760431
1863512709526222064587556287446551774299
61537414846229397311087292503683745150891
972386936255635996840150952119774962787
1452675305002077560700867985831173755231
294876185595653422223928962670809272006
42256076000355490686276226965829301480981
42886994472537038865911061268821067802551
17957530381495388996068929878424890410181
7120174506796698353562745907190949741271
1083377565806991253520431582434704590657
1865758689756458717770128484115544108043
6311158507437602265594729806354495033657
8413686550657984834817856157441814142481
23826157628759210775675740409218370079489
5690662705776511656542959478127233419567
56133945242682297135948688408645904755417
5488922745760212694512114326872153679311
16037183817762565150845243820587504240691
