827
103

3797
163

2017
131

2663
67

251
223

1801
89

1879
109

787
97

353
167

2659
73

3257
5

757
227

2113
103

3539
37

311
223

2053
61

691
109

1301
17

991
191

3169
73

2969
79

1367
157

3463
73

2683
193

2351
229

1193
131

3607
251

2297
163

3559
181

3491
67

839
193

1997
47

2617
181

3319
167

179
97

2861
131

929
67

409
19

1483
83

239
2

2797
37

4051
83

199
151

2389
17

1429
43

1933
97

2663
137

997
53

2089
113

2663
131

3463
139

3607
197

3803
11

1951
11

2843
109

673
167

1429
151

1987
163

3361
5

41
23

3617
79

2393
137

3319
37

2543
157

2239
181

1471
151

3217
103

739
149

1511
233

3463
23

1301
101

3469
41

3307
241

3797
223

3019
71

4057
53

907
191

2087
173

163
113

1039
239

1373
227

2731
29

701
43

971
163

2797
229

2297
37

883
41

3271
47

2243
233

79
61

307
109

3529
127

1021
223

3769
47

2857
2

509
239

2939
241

1607
61

521
167

1867
23

