61012707306332583529566749400887511781
54947571380133218005016674061121666491
8096618130095826227632269811676496287
134359869344766812857569131672413599677
40388262789657836453470534052031151
170315812091174715878790406557810056461
34581076796205024723691053461694938603
89688898823320054890049924145875906309
112343950934813748786936757672916488793
22623629268435424283973872716658927249
92753469471411803965535100689598006233
32032563543417117117214993206609340969
214094050100093192489922471012585908819
80522387028672397899385364621696124713
32704974129634042976155523165517188929
249494898119884327906704279131576079851
186223839853594104817376460446269762703
53945123626784856713273762986256930647
15069795333593586908935605395215183543
41922278765623642763411217955392577207
43713333227819866602780785300970908677
1125478270019780585192536102246095353
259650856603549462400718973706999955193
16073473549008202004070661541995081589
207061049766097060115747544747381917243
109288855035163275301703098085970086333
109542396641395363202205368296284426347
1721072770375265678940261052033771171
19098301963050440260497510415312293469
209935415399192118777059070465928615537
204903571102565309824268271235397225581
108519084819896007022556415829430579669
199614673472978292310275360453340596407
29804662303552449919023123759741182197
197736275192314916295226879841045992739
134973982384874884811320023765324163427
22519561963546801514669395897551598091
137279043834292948350594373105985761051
132588845543180698436563768610561362111
29884223601518012280933733525916627879
99221438338172509320883024492194830891
32511660701991838437414958136276914651
118502929612281407711759844612116808839
93241813924047572339760356560510460177
86095689602854998940573799885543400317
63958100439134740182736806718419653761
197422283627117023200010565479248444313
42959826055182494426904716504510015659
7875937071062363325871272709493892569
66348704977317260454551704879160250931
52022898700389389820967057637711205709
155213586390724484938135885542824109103
79562854848365068789421164434952651669
3286637597880280058090921010403152941
16372883304957097840254264811415734339
125692872473497756712328822514157760109
25269252210976244451777714714771687179
103766447037946528353710742671516617697
136917855136452049996739438117766256753
202298968267915881451220395991803120843
24909095777308024176975082854308010551
216413932797241333175597996692258544203
13521505994861806366057169788034894939
323623282846041694263709931690761118459
13485710079910125556704201890708492219
233866565220582143388937828732382139413
72469905208246032488566187358045836039
23200582824121631801688008501811511819
69766263352806647618441128653974420903
2290502022845029959882063821181072049
1062112174257666583183186640533911347
83461041366321732009435797037015676873
26062652655811439210056870531141635437
125170070795370037487226955117315073173
125226413822127930231265416249663411959
147971577850871896082214744825516921491
85884578779955335475009126824795865641
30231187954114721818156662938295054919
127344136421583280863268453989228542999
128258145433805901371597607623629490471
29522768567102712948304851569908125113
21421394363326443272767156511382098017
163161440056759565079573360621166747733
73319328018257902891183263353180491433
243901782626921039518896824058678612131
17083093629902210203496369561748206671
80679625050844591863646152202946070217
24242994434118388656452626081440568547
118245394710227369284957570189525033331
48022824468533345718277899622747593377
17978605577349011609994140164838357317
120148845548682448345188640602164329999
130016431634095346972116363600680957337
101432577483142643660865736324510936673
138452209773755387655276847395079554599
9891962385699397179473093509274025923
277749879118982061136461031462821206357
133749296239042748558790663232505538127
40129326063818156655091422765038652841
8590926822086694702753572569632761677
