462456179095881727738836684076005312573315903604827283747
4991048010567607390252477135001994889647684710817680340877
369279370791114181010113998219424538097591161441119324069
3217843914377544036284458195035014190135447940773157291727
434096458341769450593460606725323284161956639757851381819
2958871372283000509468429330340223341692020415462307559313
838147565007383611708581244817711731463732250099477183617
343466724541797384405294360028617824065811777232740746571
1943750183902257835174400195036123496241064697925536507191
615480900249973409310435310455631591984147579799115306263
943133935702176394437145640071896366564326873361231111803
2658748348671755073153079234964414313388126054497943652137
3465461559593499660633325520015484254068219072286006896019
1259743266127195375914527357104551654737437260724810517183
1695766130822049721492339720688036945344509040834726851931
821046974629122695136126513593145683070175988904305001929
1424456519787300060435769018077028376815339762060245459031
13387924748950716206086874458780021402704216404394641027
1445036601357247238712742475205483586407794846981115385087
444138956201041597815651966425080943223477016940903369761
774522213270569084135136810222521001301348604079399179527
418746302195403282823643766659574823604587516552749431377
3624400537882910360649882083252542843683731228281302878827
1048302947819297943385406159028958993001591674264781557111
4482657544828128073057662645505504893990636250516759757861
2146965664377077738652151973053276507224596313638396755903
4709292647336389140059935905181066975531286462397381986443
1535131843944632183567076380776241258759135689095568022461
806895187735440536639238021119468906434315233000236538907
3839430747540158994930452093121013322784341723743511258129
2575356179994127129582766600946735643017948845258721519527
3278127467450261965330415671827758113431275319226532438677
1973956904879574010184319730731518514358038966573378315589
465570524276597925037254581740626035612983961561770093429
617797073168767323757679642695436759225957790080537168897
823748822319746176704922507866046882262335620445010306801
1629413653154647914502919910691051249465053423053767900879
3286150360650832039272899832951664210298235714965282814463
2150833515197088270560923020533423876181460225533530213
1659414652157963404617685322909054761799246354192237347067
61171290781403949971620692622746328224249320927815910621
2917534418543282876234354515124187910639746107666571128339
462285322932302046024474023543761818023403818283033630913
95933310326799119426620705689300110283295272925857631001
1466539412407732476741803788479017304771391193920865293469
620399905456362635794262579719031426177616616228855384529
416594392811526639616132455449313113997929063899052867279
1582467308341005940388526169486020854450247189593039440661
146899602653017070550216364417260238037329068279046062349
3202637320567381467980052845582608861393525212361410134147
201619056373564943502580868518640538980609846011514015581
3719154495907133465370114962622978951149423004693664661693
394459469532203713023124894901342644157366635361761804643
227663947080413638524409642740877243945970593341562740811
1582971509809856201073427140922015125582237548878506428009
3445103206264491308509863946573342803346097255269171341233
4799066522769040093169777411774743868810158229013657300799
2789686708550499814658300055767379785077479960997535271073
373344189560959026177276499371183716099690986442038947149
2542866928337036160308478342079091824499907877347368374687
3171879197876118774464041835646911848960342628910065919697
649636541022516059297477999919740801700007820798853653503
2549188881022218189291613811255864929161447745695641512477
3812281701200254240532979134971156365216811156128889145873
1656854945679943949718701654958878489574436339619190587897
625100391402626987278800358556952675291302260422677885933
65107076172133505174587304190465311141640609386104836671
579874352042680307268279294895818722267458278348225075989
1639317624158916688801981332281735442742940389638434166289
4875565247328460306074350774004564714545909309486549035681
351433895478078693532042637465114413628351668456503135703
3666286728896882736126862150500686935806554112605712713297
1237258849049003104473412180644070309734053843208541162763
770191432390341164189742683949598819160195377727438937883
156001307491161537320552106912616760915890340394855862337
3961358665932757073873697984430171163127913160609792243113
4260137914838740112313431381485431089954842668432249132647
1561860700840177212009624093397240261837315051695172217561
2095348474967674686786699333591550252006061015991008126611
2664232989643004852249602070102116263180297815378053411813
674397113136313057222899506177866061915739635795620406911
2981341626762411911307495124869579614280925970044446654593
2882736357477994979067056625436432261214819183105685878993
4163026159303656724847135554625793196193219712365677930487
4926318198717716161685042980025326433521201859297258779391
3691459440716800350719898049917852200642806224760102932509
4098241318489556275268425139989807128872722231875356872007
675259734706935948755222816662367400422244461952334911293
256099754072209309223115115660120217806251969772783396711
38601737234258222472864508166057612380339257567251309057
1502744408182754630567742141791086664218354495300660104451
1030002332253650284915887278588237040792643753723609416929
134397697452969066030359441165896095344652713957649132541
249454127831414457820588553080414892707847730697875744829
460522942266372482995243203428603743144569935059355112281
567927817768925987453191323969878045294529192582956725987
30170129571257090552402746011063743568869190967638493
2131193893778746252420695948830482640149342613328896093647
641909107845209932619585780161479874579895431789762520579
125444837483303052735249529748798356959196089734473317049
