9288271
43

14188579
149

13064407
79

937337
23

10028383
167

829643
167

3113641
251

9911353
37

16062463
2

13289149
31

12371729
11

4711169
37

2905421
167

2745737
61

6950269
223

10096637
53

4270283
103

10337903
7

1490459
41

14127853
227

3594223
233

7188743
223

15190801
199

12559049
17

7654379
47

2212229
31

4515419
199

16238683
139

11195453
103

9734299
43

2402573
173

7601507
97

12605707
61

9085121
107

1454711
181

1556327
61

7390531
241

12461419
29

15241841
241

16465643
101

2789441
29

952247
229

2529199
61

530701
53

9186589
71

5097419
37

2134801
211

10306039
11

4981511
83

7596727
223

9870661
61

1499447
139

1995869
11

4218623
113

14761163
47

2771179
89

7822361
179

5821643
251

14314709
109

15618233
127

5398339
53

14415139
127

829979
37

13518311
157

14470607
7

15619633
157

12466081
149

10694141
149

8822129
157

12513769
151

15126373
103

16453427
139

13431787
31

10830271
83

14021431
233

7733311
61

3648943
197

7955011
193

8542943
3

6894127
67

10197727
151

8617187
43

8280511
17

15818219
3

11160287
61

16122703
3

335347
211

12181607
79

3225967
149

6329369
109

3063491
149

15251749
43

5226647
197

14965241
179

2618923
19

4559287
113

7608709
181

9885523
89

4485487
29

7992701
103

