971342
21054767
1345161
99539933
15300277
195704449
7064081
35686403
23675677
3174583
133745317
60539053
121615891
191724427
3754729
110536609
80794633
82476271
31595071
28244399
117603833
3597431
20579543
9688229
65244667
51220591
98718721
52606847
9524981
56443897
169510301
119066291
82574957
162721543
24958523
2600657
15303329
1284413
186131633
1622482
108754441
107061791
1922159
58356757
127395097
25754611
171086423
8708993
21880739
46721567
5647721
15766463
132990287
68289029
238625449
211495093
106792423
44690089
1835153
76158301
110835737
31951537
1913743
21750931
209058167
88680547
4208047
90890117
2484877
151591793
3708415
5203931
104019697
13392347
8691401
72349073
39367919
1419671
9053963
329174
71558177
23841221
11988167
17603801
54669619
8198747
53426533
43067677
123003523
79651309
44042161
106771757
76515443
10335853
88563647
20609341
41155687
56857453
121935367
46025801
