44291079591535180416686839004746947763
73519144107793

316840098400310565892991399719673074951
150531642102697

311541691919330730282187276564952420641
199282390343783

236226839089013614590898180501024829537
166418057777129

255379856417416580361673906433670169033
116371290239881

331951706557982063963715772352880793451
52931829387341

190950148801062836929145583658255050611
37249849380917

273011093962079949979903784641224850963
133347723390071

219585480066597795016812634533625445591
243785767809373

1170507247282432770311743575833117117
10514809961641

324401282093394272024645549154719546357
90857673012943

272924001342012536161616237132142172697
47150811257783

238824442871594151022907154147417264133
230992242851291

134528620038138435804048397843901172481
38080626016913

41236048406180680388624505855072670087
88041942752837

173613854655270679929907676792664962449
129512735539393

281938395466897082120792889845185615457
182436101991841

174851242589063554599073774962264212771
144532999911049

295166295055562622386155429531882861159
278278851796067

204737365264847944878029758353312127999
75439981416473

160889273395120569597415875994956538433
9152133461509

134292334387204334544785230261702592803
32210286997283

12029186218013489678959155102071311229
185362880125897

61124224310137917046599889738541694269
175018547619893

235328233285423478961147156727019192707
196046242022647

260939016602977401536764681147668194047
158248271414557

5327476908714199509766972770648938117
137176926501971

181888853859488879049198280046186563939
277800284012929

336031507948800846796178193154944754723
79068367054531

58797369393111731866631414139176609689
94629759866009

124611691550600875034493619969021971881
3468262651859

96424168124618655104540707109726390389
10562730687967

92055675791641118660519023497095070719
270844041000109

324488525683181667631840318829195456537
148868387353159

281852621102009102089169494952183995037
236493288440141

243685118029849291540863612041886529739
258289611914273

186418298837390643771800991146198829731
186335137982297

169022051995335162894067532035599381991
10015934474629

53149681194783295711685569416808229767
207443656765951

4606204563377912694274369200769052423
255658072666223

94133110930956992026315505764839031363
218463665735131

42973749203829050016998509264248954271
112019341113023

106013847052830169672931571693926231641
193333723998671

273297898051826591206841478559725034061
75741847314473

144941546480034114585338624609172373469
163246174225063

51285981701290608903985590064899833207
246366013508479

156393982385800370835229694064724989517
1954394618017

73782276859090913882024634210444488057
25473154337563

124493640112511625474878792148061839853
206865943080439

279773204771162064759224771147186565307
226585312538209

292716575256582544068603567508334962897
143967542651641

313341988093657348625976002598142485347
243310128103547

117843198847213546623383987834244682919
192291212032609

99808904080189134215315213206386781391
226214444357413

287797704343683009431610096569447955737
242592683031877

325607655914818267053892427125203728543
236414452857727

160541064610232272564031868818680621753
142809744280253

11709140814201636885426996092651173361
37745171868527

98481429091249942372276672506896093243
259507213631903

249943535801845017815712160186728762379
243401474890219

73661770779330233387445185464577136989
217817064278491

254230602755865155569210838606453553701
103938538587749

203137200402111347819730040325429433133
252654917196313

223525623704041073373684944534370036217
227958441312013

244029399967934319660119929422285808723
245811783286477

305427171695293922427617865074117046299
25666440088843

114479538910681019848689748919300151707
145312356216317

46741022612599597732588265787020000221
29166042806639

185031509746977486244736306234584849733
150059239968641

87708664829156910711076353643719700811
273377229773327

153081573986129414724463647278765987629
44457246547697

24225537193152362655220989368853946789
48650628635747

14420995127144329524006382482131439781
187715888759753

40199584120271159023714211924688319691
159636717204967

45193061990526314131619710964398736249
279472265942183

313371094314586702600265195628849684203
228912819496321

117854163486262301866017763654730992031
181453093681889

94641649090021230948244428283731408937
133475090267399

277317588357293234276641725613718856899
159767661279649

6732827713049244088982515926886700597
242050057609441

147613352137409814571164134491010642057
109541428835161

230927355531066344219667000633064912751
57021677513173

22949703616291130140941201301106314999
131595531275443

336449916963772133314617292452950082853
132558799817341

116255634105253253703014930127042198827
88478772856511

118409967362776350527217467429188433393
212906584743793

78336380923890908321250956647079431199
254141531917519

233896982142876806529642027080842250221
15278500174589

205604283983269314079453161270894302257
273885838748729

284376434270795140989013616875023624707
39232728660149

12279867543805846792898289645248983031
222743696572093

113931693103255136153733635356193001499
1909108877017

107811183175824179560767829973535654743
162061501592231

245729635407752646196192779809639663027
99159490442351

276609441509699543805576474557272237819
216218286790741

244491966489617239265214849596756451269
231999594725083

308779641451567139532643023202999264223
107273113011983

26009203697739235249817466736561308001
7091760787591

45421803195748691850313301119890841759
112623050768099

94774143724451006529818699110502823593
174459033555383

