4880064546375265537030436327
28789

53521045094620827824921956591
46877

52534229949771556119700460119
27827

30195729010881699055549292773
59497

6734326313933436494547111553
16921

20526486775274272057041837023
27583

14486933865447183631231747207
1193

78840779407980018256134187129
55987

48619882973733110454501404033
51869

57380815612498681780522364959
5507

51278956560357525967581791941
56701

73884633661400181803553455737
45971

37535511083614184903825408819
37217

8397514067153726707379605387
60101

67055525936758876330321299061
60923

20225543961885177343079522383
45427

75862098737279532000308584531
6833

60369439040675543642122697117
6659

76766612577905856107818738999
12739

35633310338810489721495624953
27803

77495948585201479669391794553
22367

32429833371411059370499072441
12763

54552826195752362226992211149
6857

3062013333371098091069633977
33301

6129879755432468487758392061
54193

21432188942133445868382846967
14779

69658484213698184505661648301
53549

30533270108263484035246716103
63439

15366934151921824942639823891
40423

6167594734183971891114202427
22073

35109811341097717759106456237
16333

59521381610104534037019814897
35531

74666420056343820973170030077
48337

65189035241954663601762664769
35671

54712192866301955863195584599
47717

73591897046899375299475428331
19699

45405414265740801849856594459
131

8439704888397804360503690987
25609

42642809304608512618483498567
11743

17276407762198012252387805761
11789

62877901396136081136934139921
58207

753501741200156621458516117
44111

8877041786407929673586630587
16657

40076206686567603894279016763
41201

26588340593991377136712624033
1889

66639994413313444124916075589
12073

36886873753758714219036371807
47917

65854891464916555660333020239
31517

25613192812069078990508963057
62617

5478154856958058918082823457
31247

162566050588293950868966149
37657

22958179068551764215517756031
26393

5439481739156986638066358547
64157

12446459328059208025956285793
46187

68802302837499620209182964597
44263

60182593232450481362422208129
33533

77728745880717257912891269799
13043

36026310591097361379403035947
60497

61287733887156568880317879019
11119

38359718629553365915730190187
2011

25649606805934631967432548159
4127

75485274714440117603721605861
29303

65889812634306912469888039889
63727

49302524835726201003551022041
25703

1062263617951892797442162113
54083

32749292383346089976686378451
49003

22332925158460527610893310861
6491

42509125707330318882421331137
60661

31327780812650801834059299311
53597

45461542110278719277358472937
683

60435531423386170245020253809
45821

11772470128307632679727948337
27967

38536621495133038483968557903
47947

37426556754911489973336217687
49253

40207740503694247757304028321
44263

20685168406858401936057369733
19501

73284800028135753494215380817
4603

58284689489002501714803095303
983

54057278424366852316501594631
16843

32715824771411587930336800491
13367

468602400517261186506497537
13163

46190661127218843676723425139
62617

71506508362041329898761679409
53377

52778659361545300142899210903
25931

65059064255705708659420335979
36061

39867941553813258358916105591
1667

52075946021395638787384247071
23993

48227108581419968053723049569
63311

25850159385494914344505226569
12041

23401648854689565295038610591
20107

52500575532852277630969706189
19697

7467933013305779195288286703
19577

4228674553248572950188496771
44179

49038104647891162795095293009
43283

22930079667229199560448110577
29033

61646112136194057584487609863
2393

77779576323292343372887967669
6337

41749761086603772781506783623
27361

16183004196184207892577720967
50551

36924216913925770757839715923
15641

