19422408634815682862165409561401
78324397724105177287836075811

1357933589435593899982268212447
42165431980714087626382552879

19305409331987866157313582903719
47626289555820501252560596459

20230031837883947943049571588101
59250377745692248294293388277

15991536360022838771165429598547
40809808007523243024601295623

17484622857043242335605778616851
68865936234631252175505867133

12753553953876225931459548997339
10737639055493708857381211843

19452155201809384630531191295793
16055009722086384489417035089

4133284408364733948561461872021
45429517108564360246552058503

13951007371222277161803100873849
21489735132886869286634414087

16951441147655873646220425633703
14914875796416908029899004847

16399779225265376984426618160641
24702683536407699682513217203

12067643402590809043983978446809
45621926197955899175275909177

7782235992878459815414974221851
56129310961102204903865497057

12993163391909025818256490435097
28558436224082847972854343979

4762285604482270157092973937391
59459393334489392938995301943

13007221331204793966451205127137
28749724669013128734860901857

15707555608602450539268028312423
72587394573456131154618690059

5777100081132343383915058043423
47646744861383820240467964577

15806365229387418008687628404561
24571824366989522977734360517

2995973401440266223123472508257
40435370373891501509565448817

9698094186081251538473514950177
18696491101045909568170811221

5664324746993996354809263574099
43276221243533208788367512083

4295523584794658639445894999119
54054709721985948120664621783

4982896132558297924778199523141
204620590117583851566936463

5413693463674163123185956024913
29906641123651751582110719517

17642951999391633644422274929247
44448005112273130283731023661

9004853685140132631268482946303
13157239692076262770409096971

14179000648455063926288975087203
43496889594905212940358465193

13875188619326500929083253388949
17286089791599374038081759937

2477738405942156981515126611437
50225621701997434528669676111

14950371683038833801903945197713
55947049465018898369401145297

9596635221197415899227630657843
73145572371416488271604118697

16421443453894127838383866744729
31021312351787451904544379889

8459359648440000629629659892111
47746162612112261078211287831

75180625689488674085142540587
11673465020284819221921509209

6339088485292957155649924922563
17208156532701603661748127823

2086183036166827076497698885311
71279352144274261928845975111

15321449139914904757688174784061
41233029263547620384545075189

10448792217430651643912223026921
68998779820037346439390307933

3087182404169742360202087983767
6506016404071733030905688641

8572136162177047764093677911391
25396420755736730288195179201

13775265455345154604692286708591
15284413117293431979442469177

8948108764489598098740184354639
548654048901732800893183657

10208943696272323483678743065761
62825962636416740734046910283

16483214623270574805485585326877
47651156737048185787130163539

14261784540750385094766852475217
16142756954558980627263445577

17526960284142810058813745682113
63483663324468393788100868553

15124269973250881103804181307057
64882772733339539970352908271

10211269897838591507080831197001
16939305115579391413539386129

6643567607210983048109965384481
63845369206140576677171699089

7018221755022318665053547062439
10219290742650168198868293677

17446024690561852928095030436293
13414745654446949116391300303

20022819895481778938890418186983
42311260435576589775728931779

9460468569116851972024171601491
10043244985741537635350938297

1277839849957106038085733691943
40722498812812566210197873219

18199935126327053627275459938221
44245160963169952735067255537

3840226161747507064524345975503
57213467495602513590315195677

11725656845280722502934113163277
27514181138358422116493219

3831222037733614115041914672287
35652818979905363130763119037

5788890649928194991096762707423
16501428306946654346772423877

19577162156430851982714023333353
29275030975987521908213067787

9397959217939284301877343868987
68491509098628499141949973077

7825299677002351707975686849747
46429342770097315046053093139

12465254153597889070567922181667
71535244507154583199358660053

9596220086227647105554819435309
32894101278259167041304323533

3385999575122087285262378633791
26099762596487655425815718167

5500697497949922812417002826051
21197840683041412845575888843

1337402345813271951839428049651
63414084874659220589866918673

5717775387501178804289095264039
26772450712497165734622630673

204761732963118376518294270067
55048680990951158908268840123

11686134727730491271360325055787
41888219847177899576675248459

11480218993400511897125052978401
1726876726203750633850236559

18339150605349538023638991417367
31014057952505404412301849203

8854537018515599365708423813961
49755381493489009216427505797

13196722200498157466244602258633
58408310958960923428795735073

16060881273302291677381020555433
72885322129957163072946459437

12295555660890370528623165032267
15461430108836592738625644133

15916827762611594537402366999593
66970188697996250027822474771

3798790817134941385438247386559
38683638714811110405052772353

17710475011385908838587083187981
46727001270032178500166030427

12772418868240347711065108761931
16728577255419123621950682521

12563910744562435516866954680071
4904317899564291738043512569

16523769465129354891022887258577
70505951078206264265251613429

19656274895937408978412029541817
21560525672758238046876101039

4746738611786451218654935540133
6935079177745053241626158167

7070688580528524182030517443941
66577597718713613312541355841

6219479073887117409655599112943
28826988174413780693271375877

3099930873915151671727174906339
1246661119304847087684630283

5639898044891114958242276435387
36261149907916707108874376527

18398736048257559554986103961809
51185713068203997095021298977

5549605855390198574712928102457
21107065537788504854601787309

15602844663863025137226982329527
3624903984342198914819815367

12137017467301334600361456701093
19516244791913003408840973283

15567965283498497573622907245979
59811293470439602137448514587

18526293025748041713498012243701
30141630417942151606555728137

7291420336260404610870835811053
60171212278770307234629819491

1565088628760748258997005423697
71716876770822468607147444673

1979669519112801880432865513939
47036262748114530194788945693

12672083633225461101534743027297
35725574317445982003748821883

