517933
90278
687049
65359
440143
26769
170635
32735
151653
36717
65495
192327
394331
66214
17781
68938
381
198115
179729
39398
233107
119998
9005
101098
354101
127329
174695
12389
230465
96109
318253
111221
456869
85327
210115
100565
222595
145085
625547
23174
183391
46677
22598
64865
96357
818051
443113
339229
186805
718157
21849
12134
90638
163749
98593
648583
309257
568117
341663
4702
113889
12729
320765
6331
31574
150521
841009
14254
144023
89173
44513
74937
23645
507881
274705
60549
35481
64839
151019
239815
153673
294505
68938
17607
42118
413369
67066
103678
19666
383453
64585
801281
607451
79347
448331
217483
107701
388283
843323
179229
