1168892403503394995759
240645399024697

2587874291761006391063
134857044651877

3673496172683093432141
14774085467893

2140203301745928530401
203946111692929

1291082576821464987787
1169776300969

3865215440525626549291
40071988583383

4290711311292871037809
264637859128157

4006236548603947257239
198827200866611

2324884577723703974621
143116915131719

1855790834002030554053
228586935104753

3588404147056146938909
126421415426363

2138215098629236187549
183682016320717

3898386630651716287433
1007878399331

962620118783570240107
9762716775277

213149127092840445293
64065980193167

1122423861715534230673
136592782562771

2468958421396808164661
30164026940659

3231045875168217282329
1072983474551

3835697825821969547899
102496201198007

4136077049718340312627
265115895993941

3968782364297025006047
137536184335733

444829878809826982639
112674450719669

4162615129861194611617
109044498014009

1545899747015665021319
259060055150069

790790249949520959007
45969549309241

2473837591233298044059
78901146473551

614419028795370409519
108386088647483

350663176904368142119
103368946073857

4395981437661609487717
212133313682809

1305904339671726713551
53712210569021

4340155308164748697621
165047454485819

172626879524273266121
67498386886657

2931134882516719409437
70168555028057

3196902282732745665083
151868292789347

1343150456707725987221
274922273061389

267134445990204799663
172878679539169

315573800595059865553
47174499395477

342052002901368012689
93749430159601

889985870256909542983
217401360608353

4626766601119114387997
10799201860781

505047636848125969537
203487123233039

101632713236200262401
174029598854101

192961238830959072289
52279988627833

3968693649030812479879
176576440560197

3409242174498743527939
242707228366013

4719221026288708039237
194276198238113

65646560957484625873
79838591501923

3827946254903474908837
258366012936793

3289142244092057687111
168694592216233

1982632022348177651629
61054630589947

265837627261187547767
75985435979521

1507111172524286629459
60928553761241

4308140555377505615441
104155275647677

1645610758239198417707
69129422812103

4608844612063172202311
57641055861647

4198352271638230958719
274369216870487

3963291926539301663149
48752622335491

2956464718461232997723
50609318829389

2608566323012554531433
72329247434497

4321335123044712112511
26757366606457

2223720643510736171759
214414734868921

626690171004604697899
237683951104793

1711194019673614107061
81561691425787

653182758358466941309
85846921892813

1607271529226273529919
229177763197741

2849523072979899446731
84930520092097

3420963779428297216531
129424271538283

1771379891906424892151
235103535445393

3929442264711852156041
12202710512353

541430762411462870677
251165093795557

973984385674954403411
108523591418161

296454587332035130199
79372110384989

3850407081101587052477
80833583450927

231490519132186709891
256209404875757

3129518474178755593703
93729436239161

1635556818240286857491
127277263034743

2151093465783038861411
8637684763559

2995829898554450550961
180381445023607

169767387911823279503
225547143114191

1658788368092492953241
49617106451477

1668530860008988682683
217712802051091

739840238900702505617
185601980292563

2031020022518973790463
194604324021109

4554808350220353350687
77362613612101

827755972876159140311
193112737316801

1307294248863341375687
192745218144917

339618391432890840913
42372944992877

912605315233120940789
50491071292591

3805708301171623784057
271344277774133

252431450206379363341
53175595017569

674558785787657718733
52818396016339

1608555334986857673497
136142878002451

584457708979254860303
15199586611999

1823688491390501615003
106322233142339

510443642509497296549
8539946251037

3446799621489545112469
124031946992567

14352198389929195403
124448043140231

174701624513392176367
169293314817569

2953960322758925856767
17530749740209

2430790762026424026941
46727971703689

