323699
1879

638857
4079

200573
2437

415271
3061

610229
149

685057
59

297251
1733

463711
2791

686117
2383

131221
293

697069
563

226141
2671

840139
4007

11447
1151

287237
3259

273913
2081

720373
2293

112129
3373

464327
1451

438029
3373

562477
3853

724219
773

978277
479

110879
857

274529
2857

141353
1579

541993
137

724393
2341

1035131
1409

181361
4007

540233
2551

502081
3001

851419
2309

343601
1367

583189
11

79423
157

518237
2081

940529
431

523403
173

205427
2767

471683
1367

981319
1553

459397
2591

26717
2879

72871
139

63949
3691

27449
3823

362347
379

626317
197

747869
3329

796687
2843

365639
2213

348401
1567

701711
2887

434597
1861

59359
2593

551233
3169

591893
2917

153997
2801

287327
787

710951
1831

180247
3613

367889
4079

339583
809

71597
1123

980327
293

993823
2333

975901
1999

340127
2663

916141
3881

999521
1117

272971
3407

1004537
101

794887
2551

115679
1181

517277
2011

56737
1861

978821
2437

714851
3347

243863
1609

70999
3347

442577
3089

543281
2543

691871
1171

94849
3907

767603
2423

157627
233

998017
2131

137197
2777

343661
277

594299
1033

704839
967

306871
3593

31139
2749

141551
541

999371
1553

489109
1471

612137
4021

825361
151

629381
83

