964007246965015976705353656698069
664306765357

2510252131833650674483561215182633
745531481557

4078386532213562604001713333357913
134200578079

1190453190627610940249469216034307
83198194747

92051860414733153135193576662909
136985515477

2429739366102011663011815556173773
1059650226161

5179402937715240004995103523343199
165243773819

1002574464763414775951659567761943
948540430223

1392485372472550068750623891746171
236248429243

395337148790122594592472022012859
933311904571

4367371711528614140739447164211959
729612969853

4672905208629295220257074361124773
867327258403

4996014855744396305726818676072627
126910079629

4163192584166867356237701275270611
137928439213

2356570534768914762719282980645139
627963096071

3074774662288243418964669799314493
434756099203

681210122730900410653952119790107
452483520701

541802852548180571670877534892827
71624754169

2242584987495356502817905279867383
729692439689

2642015573114778891119872433804243
28552191197

2592812947231268136332653128205807
215650271933

4309176643489385719080985712142461
470729483129

1512103449807915541652336304647257
985939080967

1057054401783941877914956116205399
895995074917

5075882042430115564441932603434371
834126207539

3288709446554996342500650075797129
502692387983

3089883772033636509297651919907543
8742232673

2134067844945871193260679037509443
576575771119

4199553886776144157520910612998741
482215195199

2653090767227032106925701052976181
398356912633

3340023320497477242925016508961157
217277889691

586151339016118754141008729171303
931923362891

2167862903798358610969462977694459
630587348981

3574458339915006150699745743225229
238729184293

4999933556991106247481498706451807
402412047641

1278710638148476661266646001004607
684553737239

107152298160282246653057004695509
442758768013

3650042963069789749206538680371219
218757411269

1397875655222368274258233910302127
605346494749

4418911371591145749619867273063723
29320645243

1120740573069442652974759749833257
235807153319

2637624673246596242066294680685801
98801491487

2406062888100527582738309123784493
926142280949

3679354170022892384871922306154177
529186675351

1773073785794070720551122241327237
378404560949

3373687551787165196021732287564631
422929450913

5053193733026976054535375509766487
814628775887

1011108444784150781058225378227281
661022436967

459486159667710732956347120743203
920361029279

707226431568929947589727475483129
839425037051

3963381084834380141726060923032959
217680389819

1884860486983406484857775872871727
108003980857

1771589083609760827919840520554531
564019078321

1208175299780340928802666839159127
1018951512749

2952212609877354005482409136029957
65106922247

773010563932294825653538449930743
278318301083

1310586042779362313087954725282681
7678150967

2248879043023083810215756217318451
367483605547

3746066459608414550515047613596283
897569265661

542567728524015618727448478369607
300018618589

1466606444243876538171705204906809
354324802277

804966502873270409066848778394649
133166354987

926278392116694956515769765882261
462639126839

3585090684729510830390428561308259
469483856783

4932736505817966130281206654005283
483026258333

585453846132180758784263991758051
327269384263

1336819451980996612295761965891091
156872613281

3254183896487966743546291714721951
94969727227

2894960764332249871714700135614213
739290886801

287884345790114279649521455170337
862119883333

4752483344985975196403049189746027
11374266769

1047583911963787061451827262253393
946518542887

3343062624103790168945906625830443
609097834417

1502658721880030139122524759813091
550317839567

4173070382066626736323480163183443
563759278273

552584438269429387868629813569697
219535013563

1359297826080976853174783312833927
751171544297

4831949099842365192338683737108253
413843790229

4268921771832333068699498695560517
231778859159

3394145347339778919513557277669971
359269065373

940247817006027280213005761999461
524922879223

1607035656372261332123554791279641
890860724837

3338574853337429657283052922471233
376544740867

3460856787917079747961022382765379
787826655601

4401530791810650204192626126032073
441927403453

2596434557190650746726580923804001
370807222987

4558008909475544468239562141851321
571418014019

2087728340353953458084104883859271
996942190427

472119014391507009516703706913863
300304969403

1301228886790982461562080526297783
676913721577

4784301332823036164344573867663741
335478030331

1258422965072285334087379074674359
315647232701

2275377808085850915510499164423853
323326328239

3823263397517460213405838449670589
605375695831

1989470904127980893004534117454253
597008621947

1855825026099522910233772221817843
399719723371

3422993403314191955802475154907593
923353792759

77305020286562706604312259334761
922190852983

1819481510271257441591907536531737
632373966143

1205170159003130431127099923590293
738668755907

