1095751183169
992609

1070672930497
1013531

1082840983151
149057

223180565039
385291

898354924583
134989

746388772163
366439

34910284967
482873

940990500673
259841

809153625817
197651

842583689561
877379

66300732431
657473

364243662043
17053

504289290773
460627

863034586949
326057

299064512129
826381

642538653719
929389

669645645983
901079

349669899107
704617

997928195717
601231

618693380801
357563

292101826963
182167

494823833963
419401

889912531747
167747

815243308933
810343

958962250357
9181

82997389771
123503

39680623217
543551

168396466489
161281

949800114023
213659

674877030857
388711

308254863239
885371

560636712613
858707

752386901503
276247

982121184391
865261

23658365917
1000691

540326631443
438401

202879765547
70313

863386648361
752201

523936706677
276347

510899956009
840451

867893618341
965749

108296074697
32971

552852601549
40519

790232997193
150767

191451443431
428173

1090995901561
422057

1004187672737
449989

85896462017
718049

167708959961
634573

313549936571
101477

601941666551
796921

404301336799
104033

420521888251
448627

425142287513
770771

399562955111
528991

212152905409
937823

725385477457
467491

618243345547
146519

238378800089
924659

62924284751
478069

1023884308999
703709

1014032733347
679597

353208653389
405323

964934870957
951367

1004148616351
487303

788330212811
865091

435190233421
10253

21492569789
409753

607701388159
556021

1090341316819
466339

115716756553
972793

317063753473
762409

307390823917
5347

466243797073
687779

856734004309
115013

997563248639
331609

221943600481
35117

628786171337
793487

1083686949119
996973

55275778639
688067

136572556931
74857

916493603083
450719

444075321091
821809

786987725527
819431

671358831893
103981

548545441831
879133

583067773633
879533

306783531491
879113

339345803893
955501

438044044153
965117

330807038927
883433

763212676001
8929

780260595151
181871

510135455483
294773

878704521829
27541

321615715693
596369

626388720179
90641

1031309499763
568187

122705113319
104561

218256351367
164627

