945346597661281
2969945010718099
4040103000229199
1558155576935203
1196006661605117
1020266602548859
203287007132593
1247081278704187
1247196890383487
1085209124445739
61032198189647
16342736765363
364903640915041
504278058728161
328225967256983
1198285865061349
734427742931683
68853834582151
663824823629213
243923634764059
1733739731730767
1039616295952051
1462384935262519
2226270172132067
121569165575723
1994074665491371
2208407164589891
1168864557538661
1720766176219927
2597307972222113
1027060938848683
2771094411105271
1000656556937761
2818751367163727
3502059773734189
470877708541561
390979921532773
2667162720218149
227385521998379
62551004371847
1681130362253897
2325332676527221
734815830324841
1169551429783783
1978016043328433
3439114194857261
2326251154076869
833534209097671
43083591099539
26497809883159
680450731065877
988998725915903
1921367914870639
196186175094797
1024160875877383
24184798821637
40418686849889
99014686731067
41810098104601
2603298857345171
158223862650121
201300343656133
150047827228867
1328004341052131
3104863749407773
3213642150706903
92012474218853
142491835500247
81524576797007
420695976916949
31171074767279
2177785217800807
1239027105491369
29080631531141
1223894039631157
554444552317471
189586747671931
14034744337583
663540188208217
959024195764969
772106079455437
2581530876719
1902494428831
3067010185124537
1143674951544833
1439211182824031
1321282847163761
161970329217953
129586301976137
347622883375561
684784175168669
939233852437297
2238074680667437
3591762170473879
969787461929119
10467970521713
146225380705109
313034802824077
114648875301803
101401310099707
