1667
3407

3701
3407

1303
691

3209
4019

2287
2693

3917
3673

2081
2203

2063
3313

1087
3109

1459
907

2371
3733

2309
2503

1553
17

347
2707

1801
2803

3853
2393

1409
2647

1721
2857

1223
1283

1319
1049

3529
1627

281
3251

433
1823

3041
1109

479
2357

2213
2957

2711
673

1471
541

1669
4091

1201
197

2803
1609

3907
1327

1559
2441

3041
2659

1193
2801

3121
2441

3719
1231

1571
2143

199
2221

983
2971

1873
1249

1399
3539

977
3917

3079
761

149
67

2953
1489

317
239

3023
2039

1511
3877

2017
3889

2861
2341

367
3457

1789
1367

3767
3203

3037
2399

1789
3803

2659
67

2017
2423

1531
919

379
3433

1901
3037

2381
257

647
1223

1033
599

349
491

257
4073

1543
1013

131
359

3
557

3449
3457

97
3833

1291
2137

491
3529

3943
1213

2879
2689

281
613

127
137

3793
1951

1447
3719

2309
2707

433
4003

2897
1949

3527
2659

2917
269

59
2549

1879
3547

463
1033

2309
2473

719
3673

2269
2293

1069
1129

881
991

3719
2689

1033
107

3041
859

11
3121

3919
3631

257
3299

571
1669

2999
593

