959426617764007325064281
3598660040805378762979

87678389659688395276493
4617584727800639231971

320019321328482767872931
4214166619621870160567

395040881028022687767629
3045634451407701829807

888395483557044762926113
2816191293098404684303

132546099291296168607593
3729774176601626261749

1061392945379654027215927
447048829442437490977

213322017114114158655211
3771754002016277431523

193097431469328359934811
2788265200204889457223

674749449121002073302763
3646122351898619772481

22805959563343602979733
934957044906738836243

766999191333381319082779
2344974840048240915439

686974935961459589863703
3903524095957988524769

502774432477783961374151
2926882248685819039411

79275519280143071889821
1450125408283924966171

1169353335197593702195951
2093388363234391735439

4355432973732396485123
1943940110761713249413

978898217407491372751831
50941493797128398147

1009925526861678712612699
1882894554165077117893

921034300850718751811113
1491834247890805549469

811945576425077224997437
1671708806088959683

949655807584020602165519
1781826426382393682371

459311729049710234009513
3174082149645359075317

672527661099705142064693
539787924677173525807

1083774171283368646165837
1955894126856215951347

482906865940489646897309
444734939356402390147

116218062897964399412533
595609592784548380627

378729699891640294635617
228124009973178991561

1077670794459337147887269
2976493583394198202669

703194326882225409715163
280485294398964802373

733730148932720534313857
3792113128071321918409

408378601315515044570287
4198426886165286354869

1147106615191414173839573
826822115245295380741

135607151715561313471799
1500110010474378990889

608977284642101167548163
3144578451258538095359

257155619340577529324107
3169724602635702787141

990540330539884849495483
2598461659210071886703

860539452327234940900597
574193180417518359679

1188130109223221596436773
4500543991413389968943

714966658708553459466431
4175150736215298067859

155896137529186104238313
733304096442425539277

697332945834792678980531
3496442678147771614049

180676112976837912144379
1527627167498466939703

486508900025367865327051
3382439824302013834543

391598317522445368225741
1000466646655211701439

790459393561807577162881
1442147118924229296827

743400856520102480811667
3273273227537240537171

664915948278044135984329
4659267633346075653493

124130833407454730949637
3269223605852404625333

563874968040578136458339
2991555422936383386761

245092582750449457520059
1405363124458432470109

52752848083649659206343
317415682350005850203

8849727755372754542911
3163359296936786692961

1098549782665184419897751
3207373631822512831417

773663142228125422469657
2706425581470132690871

620177831492756149892527
627004674513525656057

24690181429511819350183
1579745584723833283319

366141684419909238274627
1542167327169697506937

781913239860476914511417
421684040280656338561

848455178242598442688481
2784990806507091672781

389239599096349123507729
2825650746248915549753

416343696257084957707477
2603548699831147687153

432637689184514489714443
374892540954031885663

694469022741544861202771
2628442110377731056679

1203988373416874988300539
2986059735122423580337

876791062366242032731343
3520008016942761609539

569309865711244477951907
3766701252653387678327

372216086103651450388463
38835850631030500321

983506579822431367481741
3010596542727537032473

204584819135875659196031
3486139954554586310587

774056618090874366810923
3660535008766220215793

963531148372819215441883
3198701175909749244583

536820208747620056214503
3287777986952760186037

915544402754224356906059
939252986568252623887

330537694167362806286171
1340319012580450890061

1076725262963775938972471
1533548794760063087621

539674553552663985069451
2629317371977155824099

708164156261027801553199
1077110810615242105459

1001858088170978069531723
1650558314882426529661

235897042754754094714789
2253415391450777170187

923809520567203103561093
1356193701398783042483

1063884068208009861281471
2561730887328452928721

714160269764584705050119
4022193925940580183737

331628385832752417243103
2027782801931227922657

518701258740244623101197
693308280434481504049

1123019977011885862850719
2043174328115527663051

493963543098777881249567
864834788295955088791

277460266270692670443701
4242661596566435547299

682946258346634363636343
2658751316165220824063

633137837525212981304611
52442633161027106329

331919901372754697862043
3457616672794290463241

109242025268550499121267
2904859901988501530923

525618397220059712510003
818876346269749727569

166903116976103043492623
1711972309188105823603

345994956062863806577741
4537962424636989327767

782804398463855951153297
1152522454105482034919

300536175053399225765717
1187820027967127368999

46042381005379058348131
482133473134753835833

1152983682127220653592801
1004588868512748519083

359967632491972979774369
1304520288261489667591

