7600087157759781763054785537256092827
141812739518862968788613746290115899421
197797281890443130199313955602194821453
58568512015736277567723889343796933677
15274468770540659527845996821125104743
33413379644596054783126467062745448177
1027412762597824546411165927135494823
60568731591576998462929777561226345339
77942698763755567990482023833445836849
209682458058420878766364899816623668129
14567974044182751643829555164289295733
209238270719793106502729131822599235759
296816183766453431168880480875400568703
281686891580673997809520453241621407489
24993179777014266186154800221503220677
75384141573984529719707421329824944989
59006485296219154618555281159821368739
48967669947750309100394408403566985103
37993053107521523147760097349722921751
202751805721045392029317967051441094379
165456020830450069870985644411023292201
2398184161081580413664336681903895637
60286592176894795854039910651625461081
7963440281688040432118922309237922751
122723461234133668346472209178343375463
243493702594282659518143534788745023191
182100278731047519729761321473268404007
6985643181125449491692281464530953057
205174332937891327550077574968371810431
5973822572011740460524213058666274989
28921516717678757784473761442881021171
67292339845997725594679665325169736541
131732410726404829088165199021767233853
51799027788443168751404710850959105031
7155296284754533909394241155898314591
4857285203591313731118256804585739807
106967391174587532401726887509867622099
12479404636867853129217258959548035223
114807329115509457033156083841556947847
75735174841417380955538688970908055817
140447035998319807806302305763635726631
27935325985895294683280355830409950687
31824595684788203448881015666025699827
126542381338879159773031885730269696003
1115075090766129702936940191812729131
207677266173223740402444648415762558579
18451144471548014899477208479188824299
20422926501749670871860760898906221139
2630490121436318357457921696957596717
93774680487421498777650533901201877093
76510908418762396964707157336863623689
47489675648270021375062443941671089247
60080643621728078075841983692596985367
40906042030856270535220638330222770983
175403935869555747442479318457159564169
96858017621939312521678015014694743037
42651370089665006685607487888130329333
77359722827656568477249241087345020657
27252611789715904974762263526124568747
4054451685526308606692428277461599023
314850558612261517146782516018842259
9774962400319271570178345798653756129
43319567768755978890078231287693918891
249241480194372146017136457568822980941
39287879318540450527811822580555705037
27408905595928898625139419385063430771
39199674440157410518581640605066946039
253402347173943537641427679605396382087
64493010571825919123834367452472774007
27701739397216525619060288988115386847
15754662410269526403455732244628686409
99590198582580411671774175022311160091
93404184098320220636028006987829151567
205177782922573433282063300546659448027
35879609744045639486099866396236942097
245684745105738914998805389720800200329
413104938254199976882450499040296317
124991878619221964632037500409135107061
136923672223260931290665008700643460403
31231169050549108089465279344512548583
22483213679888959590327322298358326519
42657303952214181839044618524183381809
64678239524056652920175941973426948777
180161845405153144224769945820321878451
48274053124663372684909157958653581549
105582085097558727932995227829589259449
77069151098722612784652524503268570051
63981271827249616656219186051162153253
18824332654393186557392098900662532879
44572258568224274022525935155199904739
194491192855802632800039634000125578077
7438883508237962191597482660847417217
175880238060290074161994176864492466037
141352709537307945107953002404020220843
20205407770074149417028987333353441819
106986818756403553038441741081820059343
191658795665480580511888583647580201423
12035693580636846901478513742176822881
2157089994592128826856168855381495623
18189287714012649736445207228880451009
