2267354759729328990638288674603
2972964103643534574181904681521
12431412605291961651855227571779
7122642698732407465872221910829
31411221504579105220993929161
1667501004564813498036184004519
463734949661539621312159519067
1102102957852619861673881238521
7160182841346004843618785599471
16952761044815140117264207745153
3342895175150836822852893187067
2064413849793468900441168877441
2970220755888458562929374962517
3195693288048500405855047239877
320852802255986808188690536613
1324555819681060628072695259399
2951010709444546797469505149981
7202453907811558929691197848387
4622910860532828335642508789613
507555025030967969299605342799
4073798139343986024519274916129
5704101568916049215023160371627
5366585036919444160958275528207
603094054174727718094627436869
703159897048986923208849997501
10090199264826144854956284461053
33606508821340511182343305579
894716398940335528977321955237
15363095238249753285451128294713
12131936573265641690987620330423
6358056947792031943681307783063
573036847445425023919919974129
1917993736507016291492051070809
3716574358294022641004601534037
7305329176237215303829311752533
2309048664783109308820916153177
4456091145201378336201631389617
849114163951375957595415888451
1595516068032481634728079028151
762709425594503951355081992447
1853979617315137520137673539141
2767475717472828385083291866519
3473894595699598331424833941399
3667687983233927617226145938699
3924750252195195305125010401787
4851489741045538098703807417307
15164495798625166175281692469477
2313506126670711045340166732017
2506022314714837284803722765763
4371797012052896043603552442027
6104024769396995616587694655199
4559714335558202711069899115197
5154667212495433193744702121857
186410096947847989623024770407
2783656452778572350579134840087
8424961361665013195876847698987
6576623959206932414859771681031
411067456617171343396519992541
7407576582204944042737448439973
7104712299575939471800026962791
5655032061245609700248068653797
4489958656920821325053901992303
561124299037743872547200100671
5863273951612796885772299449229
6837262772408656324761902492423
14638071925774280122423247191153
5986947878713504115108864397011
136695655565160761817779167189
4145571306955755753773265970397
5101248283746992255399607055141
6603812192802788418840473879827
1452477738497969881667052187537
6905272579846290680935849215919
4609355819789820242346098119883
1913112928259200177930281991973
2484979833783957698335191593933
2176959497138236135091389602079
4029983127069951591721720466573
1800944877532157120509059361049
265469355206408000671134990173
1805305504730581078955621375149
1166279408942625390026016205519
765860904613318814807711131079
1073634617011167783426733874137
717896109414615154917637774081
4547803782790663284537021593363
12904122685804141420855657817329
35951912517971010511268207783
2280449576663708471739133918721
5013829430390915228240971175551
2114404624349202477576928291607
806548427538480663308664211871
4534983239741404773893881570079
4343387102680005149467383349501
3404860170697484186407315268899
662061741083243904843933490939
4418603831502956435646080375767
3128786157395979914364201269513
16907275623766496661332343791557
10036715297872365817533257366491
