327784515443406113555633
495607720664068084265257
27508759129761430381661
164361896998927121678773
15889310430764047723769
628745627594478422928209
93569966921501305827701
257698450575593203439777
262261373284645665957127
200135740119028870993043
199018094804995837552249
133051955216282726338447
6733333228711092329539
410379106271626309489831
222764739086014149485249
172538040988740893316673
297498972516260294578571
555041303398876313310919
56332791288526238778343
105958165642579028792609
47450865644368217909407
435504075034494516856807
290405460535266805031503
105301399834569633135541
231569153282126700209947
449605947169163671046627
3483511637244266342551
527303614212306021165653
156840100779023205275359
532055927173737741591287
791573139120090149584169
366056745104054444992577
260646411788183005706629
49629449002058183582509
247516592425274603609231
166482387694614465263941
7051420271870804808037
748348443043018954975001
10560703452262963904897
188083922607557899204127
354316200929545934230981
3210826238958837083341
1017836438504836883477
610687911095589684819487
569011396269636930457909
751077181121328473072383
427096170417395464450363
6375089664002032045927
634594111984090430843383
817127430350392691253187
3470714645991939804323
696644510613225794068973
356633011030144505306707
142867079769169521510187
94921034591076089637169
62002244271936454127153
85469568566728534452349
811804444043023876527751
619748010651081732213181
1081606758204322801496659
179456355778322505702307
507950301640511170117199
18948781019722307211811
65345034006904820779813
291538901157013330640461
861265591246195807089877
494788772711203366032851
753172666818857917211
26658204271495109105711
121221592113696552075593
95596883931925778704441
798624812191244480917283
831404454990037236310813
167752243648678042553083
65783092890257499217729
14962313984546473369703
1040737945559585475366053
120336374264328916230217
132892981327502952517469
41533759514418925584329
468657051108795643181167
18749273230942070593459
529136335018434359023
316300473512054452923851
118403714180451574348567
457404851779204058089391
50953460410583835175871
513789111214440766526897
49324592911635016566067
38382368579698420704419
208863477439103321459699
91903559629273130272727
706075620623525721261269
5532098067342191171243
601627479246160583472299
78566165467811102043481
555948487398462294221831
348079934140214425224457
318343701732021960023429
141141040446172158995303
