474598238180882108724427579887947474247166349710353144521023372306297517731
23074891974128246308658967388170336780708031539381326784005647104997335476821
35415450654771005051263609034937424843855461443643288216942187151042991978761
36148218537194465004837088068144860089807630917709694323142151304757783595419
9646796926553973901326639367173297305464124181340875772895163359117790817741
13911352425502861249560870410022446160839511049019265734852346059027243553533
9328804355857018506651926183727687596829319175330774536124218840165517785981
16374930004825387101770482931741872366772502009544750974695631243064635126697
86751038459820247451827399053766135348020714711999636304034496234174561484721
25724756829153610960280141846959204945286654200736899905329124022411300122773
2733494171555509728912566995776891409087414793941409657667001167695356066781
41323398159441374184792669606903585779387486331099589942948996849260072755507
24275235992775664398963808510928853158081879765101537454342293086673632399527
185117646112685845347132917488983986177241432659465961637630178928009507019
26297803679529040824277625981504677826308230483801130561642855008786156345319
10521662134005573451227769191580653764535884948746079433484676612950487404793
22867109955804058842363231337672237764349331146702167510346273793723078708893
5333683568865764171879595947719188692499965886391207532122508410033267703833
29070683822732756538486531129720345902842148366067008478434879528035922743289
62696086465919876010937803508466891784383487430246528176351601563530750328769
20677575971394509799239523165997411536714260643972339071248953809764760617441
6464907015015689609101930164230681451375657387791197782397751126541964170319
4284375392683750700042680652034001557815973678191127193301821878026140616729
74836404786355573939952842992563241106454963996004578702242780130092517207357
8846176673518574041351325773099507949559805370047304306704944463366073166629
34255068942247575407712981067755993703677848945914153906331002315539753344311
69957463169112196239915405971021326923187058679097781356750751704621023382249
12337143795067500958872476513560873167771550124065788530816146034462229754393
24054859783462826396281618576546108011727332300256731937804612297503032273053
25024685234641218210486467948663926735678160018998740116431356435800042442583
50226070497689718878206333259655143377031638928099482068420692524672163211223
20263339407463842405476466220720561229169422084306455159732779019093292545133
420606856224858292737643766075978332792437945423250591468407614758064947753
48973173916949056855294679562471623933859671967930279659030882700063431556509
33505247255489751492348702853051217424533415288311519016676442439630427477483
57799698745030802484171792460269542912689011748549379188551927477176495293
1400486582079824323529095836718012997860762411732549673196808358612138272271
40831747090223085759046104101138273763262829865584354325247131333728664943829
67302486432940270252253349520109423405109280512960927597129961544321291730049
21662620972095227259658950523171232610988645867584619554404000096989219100981
95042710294663402694436556634091192234265250042176990552028097036408449905117
17469506594358946874576198198990596134305117184645236204653464781183795606187
31331279005591327374687398904639928343312510139988814097354047803040392518827
4547865030886242276937565079492340842530976554381987649303150873355957504967
13475339029340111002524664773101678316744227754751251720748315844742110437903
84665489006694715307884986511500451444256385585804662298292873782994444068833
33514076993915816773794598550540351035719582041353123515721220243563174523003
64950220704327627051671353065702246752026294026399469260138491926419896678821
37773510914294592436209058424828740869566736912174418804101202505085125341469
1796993991575593015823152995861278682836610254392881213094204030593407757833
1517322228711694605100635491674413936241284175442246469727642809487708659527
13271954136324640557634555081644765092528419216602567623116159394925821971279
18367245843021281627164977751022479664264707742647449693530268647444735462689
27399073325383968845581690929906678412684650810867701296164494971025826055037
6266940936622919484387473357570059941454734935585295055377273272057709516263
48137005726338462273961412354961799553732082936948001361960897180143770637001
6430190500503272626552036701455741996894214453867258509525210761985644157671
60015882384328324040162051181453372258046167233324685123530824293540324007799
78448750562702424974474703951901350167420230915778448702443825033560206366943
55185013591326528786687307924982595267760334578747128188678197693646738851951
27930286583405078971264734143399711813154263043564846417541474724213388275197
72956591061724949753775271753074260606507980335453633039879327025815504198331
15279753617457224556607875947079524884293869291657713264539120852369867383699
28279815619825116521330291027293203762739000174307788497652236274381110730817
1029934114344330587197141979408229061189952967719925030648397507086586382377
55255703090219463443124653041228629769717283679254105771142162923444399955211
48452915272575583357501384461194919280880350915627300107757785672982306850903
25756148344159521334427824161604762873267118370553119173551479938119052835793
21386912652020907846874985709549635430431776692882912528150636128978259068719
15880472494422458056036217558009917385757435438115373237152551347116375015519
6646380525116852795956545000227276589949403888975856941981206022222215061801
47214679368652210094812293566302404156219651844047775397329423879178935411597
36421098990933887931227777151087774082056294593999012166122634282599919145271
23839057382243529747968319467037415608899055782147240837638775666019130944563
36921780928413731709882639614220065169242542767287851654507555937563650794201
74985222116999661976521846738055923279154186303074052244010444073443734107739
72026463000444800554151663640319006545346416394844642202076806584230313644039
30376204097666087909725894357030592179305260050351329720024529305717146179297
33061926754789169891179019692650143646048484745252916756889583195099313257251
29373193557784455921103914376915106597748909872286709325675262966448266260837
7220606830315038485237102784843369050120331710465895218114265997076808337051
29521570526643386752324273360987474121566303791380295238314312436644041841743
31532290613212326557995299443771949063707254332942640066619873333903183131019
93775634484558046729544402287253195697691886449828852300917990402316351904243
46588678065025269525810624155227031415947578913566571149579129625682168789673
54081117624765693881240800888829061209550231446289118058700654623779933529971
96805393541080173697908782616261766438357708905226343634139010260233909437159
806363131504698222431476211458241482190227807698065807259185305421637767663
79178934834702100996269496930077539941872194699428597481663873080967824910923
35621836829587028820844123904092890995986026390806980241165609911140275708621
81714235448004553870116320296398422628736490222207717377044742454769438213533
67583640388576197330423444291608300896014311520747241129161037149532876601419
13857345932498192531804360392926855129509665486034490097809657684612930916823
4532205641732373659334497109716506849211445473555456107906597768063274640821
5162007467442780647002558876170999541593787538553887063732431579900206031781
8304317370879549768267329205068432212997062317742658307752209767800914878599
14509748267659145007962872784556750745009442746503670863571281912655046543051
26365264172495984241930392835047729008833515742522423162856320787985139014947
30014054102254927804985161822654994421345314024609896976064807026966495128811
31621308496518422583052445551891552327579568177537451844213126061097471657133
