62001565562406224338075776815639095017235120877156163217347615773
2674392388543764696722350864988357823927521156241828310049858981
36186921147328404827945554422390882137463125949804103685365998287
33140483881324946964316468495257055761505817866988093802380058499
12685055552627741786067758710798045813721939271757119124945361519
78175419391009548059609495518569420225380153308406772206540387653
59099968661043403981308219162417427873998988279181311747752030037
35346898562548455852161860851466819179305236397052993706131164939
9505754464853262367229552667469710863895292488918769369328180821
12081385056613512441156425218535321889296320852329463037122272871
54325131591427636972362072594929977483087064853176900198493917839
49551294354480833794527330534307575035195884399252083288012251773
12163375581857244173033856008454138590773085536223513869859759
7683358017455165075253709125726402337733164426698863040119120713
56419962120654065910712415677405112508787311836391465691913042927
72342385137126465382808770431882222537089610903328346270558509483
5531729417629877794602061133286768844977754456383558886552603097
80242328886790251338834942917692430248803195718226493280787411279
18082484361931026195673451761017228044798748750189514778115941497
31050819424057699465846193039491189716385310230375648046030422081
8640908389829901883888841068503089403391934397107420039682392759
7147796989549810395242366608152799441209756324615212545224458081
61852840092883474622956632905426782140559211235602295785137655971
1303715622745845075440461000104249244601507663804505225326459903
9179073635346285154792815629214814801974773839947660716173330657
2630061897912855278866105170992853215644669158668866650016586659
16179804570561712497234217487943914709224053071994051251512998099
13430515840344852793335880528274490118867841228196652564602384917
66144811009569621679521602800512714609847279546621995507210048563
10680908293454104415514417994761932507036416921009641388299709271
26660407300537134580339263424999462483227512333205251549140570879
17988258725094653406047835294315180309385809508875969895219331201
65412471617612776227284390417383012064685831458556133086083836487
3913375916691346544585174000968161277536584261195754164194396681
7302213101751653912705261408684629554469892298133883106778259693
60210152459986173517429072026476937116668067413070571814540476397
12829329421723579128469278416917454313946914371714624177168301583
5704783219343941345884123434505332030302866224845009730162912761
21067933851868618382777845660937212559959296955331025768879596501
52571131465732312606799755228965222568148073630015167906154546073
63843961005162125046859029413154484145362554565932981678102125711
13032638125358124385803163101013870534429784340845356282594728779
40805343984991302085127033084231900161069666623620962213283890403
61228461707545794622770165159441477030978467710480494458111809429
51406892871890681969127889082786286119153773686900046829370394247
16706442973146569610831589991514128474960801652741958744652262301
2514286497645774021483567860459422063309642178747808197598773953
14018975114530297088337767272352529448767004431329051947623038629
32982286165081830018050770010336059450039001205464907680717690963
33770641048991030468783947349730049030507627045982869714821000769
34856216495029908835116747554409029202024179322600898461063032261
41167081234781747160125302908150242403352622118956952872809540981
21853651005851148878275122881435333800269911973564448205316973219
3124900836206192749843183348113754335003601586962101061809382297
9089827604582933395911954764893623609149376890520797469667580243
23010028196664252652015555644032796868096381945363745151243100523
25544438251586880502594660515506178763810231458350582010198003437
7185242154584845695536838311836209259084693843670819802506834807
32759822365514833008959844479144648673299347382041163403298576417
1733748339337808266428729596174594362949167908572360788058272399
6888704057928000398886171163858221416227313710250677573552324127
41983384579884555978226377260681106489802598662925526703359789001
26289661631593802345009026343321365941769940984498449516083850159
19590550513706977660930058623339391314193311395292921695195994063
46022546459180457750927355464031685962550920789079655828374599661
34410898240147566007570524484238499635152473127266014462818288007
10316131830697116965026913300220049893008458095529961909683764059
7262791873014363067221357858774187417635234104897268177993187519
14003743904533039704714846173902359996583554814675684457422129799
15626085952301004121948382438341637342149900932428128669219506781
21561488653147783585479275314961668206620929859616573740878341133
184860508340319028740452963879962787685192195925582206465133913
6927829046906706365398431210344308995929619168907970984983214147
31404237644081571354966743450551292549857547908060163348810544439
28303812461103754698960792946907520587015164126439811582191219333
5166183997374321180333188642386443025200296980635250621611962461
3050045121728425507613533235864859772796993486771297898072161989
5188734320668212520018939117329640695215330936430532426955554007
19997703537596151079758110009386264609343611408182929120820541913
14875733188585592122918303100686707709180227127937712040109687177
77796168938273582560809415052477393199408616352798952574952327453
333057800166797718931184542810119574610460215091707468010474151
26917436895425088709436307549637107185097101503499576827927054181
1763830042446748783382345620074039406840257082869570464787575803
39389969291449176653643403329413454230150169556230885372360763043
73427733784094987304295131593633055233449526392034715265212511759
54122459930064067206196279630379159272025906425211790487995895961
51871437506334650751274585293145849360363945103205670686430869169
72006522312148996052212187908132471268295257023528431897716872187
31958489375818745096279406570844767744385195755275418788677934567
4785169089855256238022254410597422850442112409518443497718217121
14728962006877421403830595044869457138082769794627660503425842719
5091372037533713429549964616059998414624859665594996298640937999
41504383296693325107392549418950569133670966268818283485412203779
35957400110053297981113359842330597562843025046155831982569431489
6509830525313147286276787375546927426344727537388820934730653777
29717723980857656439157730235490228785550948180426198982479599113
60320561071542153288167405277331833381026302093738063114433117807
34537114533428674879488856204098252437663247347102790240239044631
25816783311094594984600555626585690193091578728578100342074201459
