58733264603780427115774976337854147063
3041278814711435819655119923851608795
183968417506163359111868152172279779399
3573531237994053142566340625399209757
130861936173827437428831154162115010673
12872009235520360367349256339668121663
124737521141658208693116155955235069073
57161585212393802941414774604173302719
38983210002847041669187009744341701333
127005750371833115441542768228739550613
58001985693626742983608092757646652919
44768973196211038195070974212252995747
14747250423036804925809412126292870153
235960819500166051074826647513422006131
30071607614198297781613255481235232921
288397144309424204240375084403577158241
19369320734293124397033822219735117421
102427240785927032557356169081365182509
277213902709223408125183051933279622401
2486610082635853341933419030025219037
76563178415177445461299180887122473781
59867502794395278147085030911380008309
178493907372508387627750404746102810477
140366327589246005138333640410776174991
151461846724772722966675868236142796239
17738534689872438506284277626214949091
985778606526862407612945185481439597
13934441014905112473948589735550839519
11332479287781190290750662268791076973
111464155565100418530703527934547997059
2543261993471048417062636293990801682
13231174292541903465515125694631416333
208242025700356463570087737515123483059
184114867962654085294549042904989298723
513791099786462403510346705839096749
68592373264287474915044785612826797193
39587420924959176535338846735479897081
84007399483558421308732781511913396873
115477737346470740810614868129187821359
63625410675909986117196634358974281767
148931994834984752274803684596868358733
51100999889391302843083815570608562257
8080579083992505533373187806688618163
168976169903930057649056094388036116829
105304711752564179779737673536361829593
81284132806302275772588317995240965239
96776921812035534313716403380400036499
51680753394877469340832569456248906849
149902171132538601962830174173554964019
46711831008775779472333531920469018669
218303403673265638154263712114078492119
21090376758904150097604764083584793013
78736181447043938071109067709563928937
173682215808121549599246858336867943793
464682130858987012239446647854424465
54315226044680419536723027146338285949
94711169061477947082375833298433191461
29679415320464168732069079593914360001
53509594477659369271120245803657386711
148721163477610751634918705188517080179
57090001680324825702517741068023856841
26392266416841417461107431594387056071
63649295562553136404374693672078410527
50010667503153282746571419710981050803
106066362254662175693320170127635189763
2163493215772606755584521860162242585
140767108005109685098850495860535129597
1553482761352957959052714573133351343
8546376414350164553556221623456919231
15669615059918757404552020088513312929
73109425229699583743791676693290035991
104799190771242941071792895008369183177
120391294152537065976177619934982983713
4791539306253492256100320333118947397
146826846457353600439348667606356284929
32924505743664971835819041523292282523
104950678561303738520205447526858473227
203901945781995593632576753814869592999
125820646670458168260999179915037111797
7693998949883499555971510368381191433
43683628077123954364504937202068119379
22130392474283072863476186509412456409
6028691129613879075082661991388214543
8523567666152146047753572052200182369
715670842229134671913558852563618231
120084145490039707680370770708183797923
84906005912953920783951260453441742667
32528989666347902479881835670704545739
143457834048611217210981793301893234229
961274134443051005376460561419871162
142903776227236622937074298854663333833
8115408999333342413886832891534424119
231258439568225842412207503486207725961
172675849980449140015920899305007886671
50616424022843206005763787760907065163
79752383964098558269288909468989571277
4036746268451145536002823519389099441
37612740996840860024035055839685365291
88059154664625824253721421361081267731
132340120748166822425549605437764755363
