2819155102459034928921173876593501
667044095363409503556139441288243
405379643134581261309727671067591
476558050810024023491250062044831
2334170078601392998642731950722951
1889607487024178958648977760450521
807693757753308620960815342762223
1679561601779729894976826735174133
1203955993292351076713591039024659
8518016749299456835859687552243
2792920094124475806045751651657523
4059447475322072509527137535468001
350246506927251142768790619331387
2615209107729511066783076507488001
2986598276360428030894763316697597
2885157554968316215605976862111441
384530044919904159689719956602437
1125409849545118350757087264991519
1681235853222348071027188724838433
383583916930961443122107618006281
239630959670851678418767494786001
2474977009341735490900559070086107
76346541096402005140367807778593
52232755959589085311320498418429
1250923761413902398345892041069853
21016745948841542542738254285641
682494960660437708665030607181781
2178826078852751920008957530793557
3631771126821485730489929637923651
70725216851341022443269437017627
81558755789741448383567246929831
1823288092046167637979851381811947
152305473875867606979889701066329
1198619219019144857345910418675999
2211290940277057738492394629788247
348417648040089978393976476507433
4159702235920708051704224710757
430764589324389348089430434119589
109531833908246384092767032249899
6266928036011196061251764316269
946044863142843212946916382516911
1314519366014053351500534955817551
2574940194296345182995734586670189
1014920060280502805019968374487081
761617597356946953279973479182269
536062519501622144107229081714209
1466386325139405140763631482621427
1268163774207342721990380662952661
4020629203597183476252278069918449
705761837181435946051994457283847
1437830934629367095971503141490339
353676830444984060600368191355721
4223571543446651393904538620834847
1011250417668861215739672942059401
660496818948637577012589525091793
1495223805473084195471971913618699
697944218740750024354323891834089
2095890386646538588902840653191783
1774367930354234167415544771670597
870258661485061180908788170600853
337941349872537062549658032131529
930998562877028031492304481166071
8032146664864777150994874713899
1138383066300468427466080238256793
4526963622558968670171036640165277
2035246137756042104300686144794757
2092793013325715267708686838155783
140456636020914955484270700277397
2533303443087040942166892070476341
124163922743444802720946198594429
759333591564318698525845995136381
4425475445441771132563203440098933
1464858685515022543448995369637431
149425640909884939184637233181529
705409311328454116807601600525947
203470940962703569228201142541361
1752408166070836520211994550230747
1813198592371871726428625206498963
431174972796079168288473950780263
656902604178421001696266216216757
348130011841644083952719553464339
1996619793135934775155833652653451
3719682977622515726733850411073783
1864068176208297277863949689375071
996551344273033132018273998529537
785595290694922955615616957861421
611166175999808840302976856469699
1970635676601677661531709822574699
4570468435699551280355178498246869
246612955350954413686651472308013
2385838580405481204073290333357637
1129308547855816112659247656644601
220524574112400709446495681725633
1046140937944434768950668465963843
272862339095265190620011935954699
4421757902563435351770487113715933
327794853800997480808652508982681
39725157399620964890037227219003
684536606289661108995684876122723
3168529994734767883428156436567577
