445003240219
38104374397
405841520173
55583191519
23150655853
82277675027
125564375051
110351991899
400580005513
597069162593
224706016253
186406874041
543236979443
41210690543
102326945327
803985160723
726909359747
200777854097
257404108321
19218192313
458340623353
334485800293
422368397743
443809583923
3591275033
843630198739
628010395
308381193721
309349608811
136401118967
334563181349
119889897409
459033819557
115592087411
496257654407
45726247087
839396516843
5766261185
292930828087
172849256033
121994425277
362308496101
89091831221
51808107997
220410310411
459561579079
295292545259
134168379091
23062575731
32180803741
237066136771
222126173327
183721907063
6527194349
646340696297
274477324237
544411148971
59049572119
295392963629
55731236503
81032908549
264839523119
127992536873
497132068729
460639230409
10024082959
158790922751
215186860841
132332536717
98106295321
43801285481
574596550211
11012615939
14956898837
21698339999
317200099933
27702128741
160834907813
185510518331
398183379007
398619283523
93956055121
109514690093
183191592643
172999051417
212136182627
25700669633
119731277579
962415940373
160835251711
399599458333
209298006923
192014806337
172354049111
13825309805
105059800619
7674833102
294123539921
153752170843
83795786651
