10431712425039620293731550211107212928422765259795889819
11630890479374966602503694611099804926945771082278434667
3041518562593746609774084484552577444319566110559772113
11049473718520585053886596070710477276715620696572356243
873291615024568798296736558949444157687135303502438373
4831097763304167678593755816379319132304278522126604237
601442119808949095575673345680242561635310715108884251
369190668517381538038808711830209147595293178805321867
5300893250311481699253978201066814172032379646446366093
2429599739845113966156796793572175071333457726412580751
5407415724160828645473050783416595692732469074729542073
10250919233264633910914851061207378701774191653682080677
143581941803754970569563307422842196813385001693681903
2326223797609857855714035632130668857957848079732062357
4780004512914279258132708912530294783763469666126694141
17552852996064602174250506767957129234037791353902679857
10097925936394932372212185566338427811552272711745608161
2960393997664675259038041204094551549500751914893760711
8743881803775685718027451649136714937998660131248760307
4982893014341788384317109952848074496499752568483234939
12324663598701717932824717735118686000466189490536340373
10478909510363724357895988823552723747115687280089668119
51563997565654334874205501472428132673791854173390467
6878616842707337554830556767989885879096219465193601529
7240858958904099955990375889460778914935976217602356879
8402126025812443954677719652934771900630520956005468271
1007314805509409630053316732776230218886253434700649251
2924676755433442658883879965809989625990091044012796851
9966265969722150631691065311067010104231980199117359967
7410340188255061785888737742315724817822104595004325067
3341946177230247223341534996029048535221345799067882057
10904224499899770505332164634154122820112498461356739097
865703436685021061354988233735276409520469102280631939
8831077959701256665186603835439897162682604306261981899
738342914748993594037889423183833171766018049237044671
5703102294456040424779605904386968693821805964230790073
8294513650834082578515103370390996742100716171816301933
1234240348229548704657880599915090839060795610789214111
12852687171900449536617658658982859646368876446469262233
2021316460741846669675448904068416003933212838966608761
1405616840520526167747110071074853136630181619514258753
1394451316685826825828311820070436757829123675518954953
51622830417131251455372535647849621512562761209708003
5351526271619628477293154830407528581795614624995811069
11805559839185686384041241751591170685759717756143196831
4633387752852301117028977088358978098411252131998529243
15157843750637211842930246963770368465948577852873761197
4996859560726275051233743239192564750649800549689685929
1509183149617345390678250396692194494760182753284667311
2131996461010937067636319882245316783063507512733282133
2615770563577903432168826456894437700182082361255805129
3720960832036085708906890622625115887214202376463560191
587227873954595932100623318641012229601744929322254981
2172913924913261702804316486174125247649898822601414187
6406154581075434170983489475931714631495157912467483123
911836960735192782036329493794098128788322551042688601
2931804175671400207916106016709455235087425828221785101
4967602786759893884731362748813259456552451512167004861
6292729169516824191361447738993645975140395250864762097
5758624843205091419498208021103503131384330372022182803
1227154127984229660016663902546144653886973009495363199
10620219535977427715973381416931272013025945770027385087
53801630914134871297042300638549243829110890428337461
4514540045522619393316702164128487125740023805165035763
4904948690084783570370904062436697275660811263520522947
12107426433913201709595912831137227927355335079742868259
1321570575271123988949014497294565704560814957693688843
72497041778277824164761272778707370993323282626683707
5666792021619082950011880320845448445278164844318229329
16698379078592756743640913695317640014793854492665353189
2115173678974688901010600277460546262135811106833559197
4994067043536917486308230622990610641637592025075035371
9351085852674232404653257272310880987226127011764946761
21593291244506261386189384478750842179787416683193254959
15172719425591384472424654896672544531379796970029891821
2053169520071060482910461449093763644594471782258301049
2728874814863678173392167164251101182263360211280680337
2243227387131912669279061472822981857526501638703902007
3095211440317951855369480291471444357522797938669022707
5069979872393488831337472909571950566549325681234297859
485595796569757370472589146067393213085067620046418159
2185060550131121426021198393991432620374992806360866421
6383052134298469314544607767791226813912396342978855033
3754677280539939838870474640386034591370397963761242851
6866856141295087141198416406871868390123154643980096421
11558387864628114075909821964693952986152938922356787999
11212362166503291872127263863599055060586362950261217981
2736628634881773266583611264700325849750124578990509667
17324269752304953836387678477660992850525090652734282167
46954832664160397003920402055854655412814032004636397
6118748236721422784006450212583801434108553268131990257
630818350748514563480672678384383622685054276260693441
5957292806722760708738931052781484363175202076305080879
2870229973499197408619553175801163607840652299600180131
864852074894537387925710625018249127517403924570750649
3209779449904847920326665146924947544986156327778514479
23414792415989270502000024428786256173822166720152857739
2863104725714999521238825312750594926840536443144089717
3776766364197654376264185328267934498498471682806314903
3269138769312112501784365137449498066701194105793299889
