40584938833
15392467

24270453587
3582923

59595600667
4352753

52300675001
1721147

57374541701
3981181

52941742277
5375453

44948097401
4057211

56136994283
13265849

35425386593
14586601

45493587929
7118101

61520845907
14801879

48000525329
2050973

58628988889
10327307

57427393033
2965381

3723787997
8518451

5758896841
6983189

49538604751
12205849

57091752607
6626083

36940230491
11780029

26010309979
3631729

50190129037
10945087

10857913553
4873163

51361742941
2934847

12228586303
3002273

11116065221
2632573

33876033049
2042863

21795529187
15275549

36001654609
14502623

53374208011
3601781

54560655727
3205261

60928503313
9683647

66682399397
10610671

26041370401
1858823

67462490197
15695123

21314310923
9616459

55279352347
8401301

9235192973
169937

67813406327
888271

5210838389
4518859

49364518283
10884287

2260344263
10159007

49290080263
12921281

60199343167
7517189

55724184193
47843

18534464327
6085669

46840065049
13327967

9916171673
12160571

52286430709
690271

18500280863
4594433

46830579529
8463769

15871843423
13076933

57289998683
2397007

49971159457
811931

14589055769
14001707

46926865303
15244519

37893846799
1608637

54910603063
1669127

25274732323
11311789

61797424009
7467347

15761110381
14549693

60675203119
12559637

49830902171
7941649

29039660303
16766483

9509142529
15737213

43351780363
3958217

36365994359
1523737

44070607703
2928691

22758125527
12505631

20207661251
3076991

65872596203
15248041

62422104139
8344717

44923670203
15401821

20916131909
14956213

25310830781
12258601

36163785367
13005277

39567379393
5097863

6281737981
2841373

49986012121
16372303

67067874221
11743337

65897110493
14703581

15419297417
1760267

22592186401
7003721

30834009313
11908441

27292869839
7038553

20288624329
16733441

960487933
14707213

43052656057
5756087

33490363901
15911761

9796478381
8924131

15987241661
13471373

31618405937
15193261

51840671551
14251309

6997913729
13858877

53202140753
6701753

63550649269
12872569

33355917241
14239031

59767433381
10967981

52453782877
14191381

6790069313
15622169

47582438119
12988487

