111146228734706127183362577693908421506279081343343
184247095426610913918998714477153109027387314162381
67491491422824911728772995856840192200519959405677
171841387225434919719457483961012270861793525503461
16355837906234384911306403435584218605143721743399
3200936961683371515124265706270301411904594279837
4286137668733278501240135438637287280219240864471
49732980403468568533997955000736698895869580331119
126982391269497004667027792908878168379505259081731
67447861775394814916588087132541646066562199872909
7027280180167916231485955892114103103246972373557
54193210560298029929841574752477810416089232541461
23925494711913327954820045087715273379100753728947
195497985874855138051781866995801143177175305802059
27148628867534202237364633550881132211141526858613
119934298923014825944097272774228157220747452310167
40942464687525808082365860976043289545754607771441
92458125521467879448662068952237968435682963603519
4083789736965517129955231652776508035042190275617
117528543569534040150835033169992535937884876959151
113033298351954427372158864698990920479652118984197
10845043823877815089307044736748844826672173185559
186813649804827094313847414700628393083576069187837
127413009952505578348486937953809354312248523054373
12262581554786342537048845889747189499178269346201
151803270212417749651606631727115238740943269918757
73739957540246407428073328624862167411747158114721
21048044137062487044218530673275569809361522832597
5404708683276018891574282012286135716480977333343
83593589526601388477848408460122923962949155521111
46409236402093595144428376029191095840462777937569
1771616220618229314649567400688247707391099473791
18742151345927352718662080438557357009662834714647
4088462321522897547761950403396201489964587516729
294860482274082474374181810714899376096372674603419
157384210472567136385571590110974840094809687107043
120124212288747691246054366156206272254228980902357
117917874298401871591338481686860680207759695340471
60509807931735897883304906101541883777606694647643
21164903432140692289989253517818496321105345416121
66992316854164045631013213529746682725430492997011
137574504802800328421354005231503460406886624196451
114365728396151063965300162413251496091287856828717
86636329943074581078871331728272497937240945105923
14220577236662341777383354010895860865024236867471
11360275245982278597668493110422089501621648673309
43395358488545374279605321269145185591960657737673
24873042023435190069565693122007399772794666780711
234748577279771891379284223932702645522369198897261
91339368532329535786597644614932508417177109528997
45219613459676459783461618010801252770716437209789
63869640084779087852720115166911758969582768258707
7534523462446448999722330923713287379829367182173
49410838893214796094333241511026837501212813410393
87293337743660438919621168268950705408863632837811
196407090728151867153462884726686806753928348830691
330605311638723499511819506614826951683896702041433
57026212097698915121534448114037541258225657873
11737589463216787095346440804066746107738766399591
110973477234694613143029890563432065580021755442873
2179158269181765458360113811784052849026057104669
25054615583915216693256705798678371144919487646899
132190316088827480668254231652853683399318853069519
158567748142079479340523261695065667069212338868283
88269554258875106411639424490772649500421688386067
47813413009772787063046943966095190384326588085009
169735281082880790552042712501437767344050718169669
159685380256532072851102148374348756783140550555667
94392389583150055735403671791721117966742494924327
101715241100740768545558708137909647209852411544999
24689458864955538485296923343482902750580075713611
39880631678572162452372555740633278720335747485579
51482053331076373304511269999827132872966300244193
755849742426662518141882402868143649373073535023
1262834029113829677070731520627552425041259197711
8457564698271253722606463387171769313675299070067
128426928290214853808865071541142239161445278793803
100391813758211245403858056898566040874222553524083
150711811808505769249735902068530016459642705369237
10825203046330281332799241953093218212660196329343
77706936181541609785607398024468465369832138606839
17253895962260170599711986283187682838628756737401
26577955195254653244400273102185015543466017901883
22750555538204708681047812199435554811649814928187
78928587771221100014292024607035679396645975553323
51696735434127949049941963582030504275379661657797
156255578446791350719515981311498018857406467635433
231639784865764145387891730842257185185396626533043
63654079553950697202473555079074850548313244287521
26488307072567417033014537621072238430701118820067
1414914541733625812566810267408554165564584109397
120931967476269672826792443762654409214218199662519
52740526376888023366971871519936048527011119197803
130026914515776850843187445782404780440948462561689
28035876118518387976135084564988256623895828871109
155467622219100447654607257745921224231252141015131
14825946846689347766160104891497988657098362256799
36381327324874865218128409217386674393253101323327
90223373572693883440979956691813451426840808086131
271943481092150078210626053540875532072296008822433
