49679336429329801211
117693902481515646841
89180119139164761053
5561574042470948107
14030180284051286081
108140312536348074481
1665135080704211117
59237659516916893097
52926605900820353587
42695673704601552473
175231572323694125069
106210179158370901147
50318087193690236873
43638808819021327129
37912323953615111591
2945430934769505827
164472610891664502347
154836027067754440519
4707229668913560911
19321093248062827469
4001245957011894133
6646476154283570711
57451006150929843643
22206540359311620941
15548672584231888811
103818322411778328691
14206528474791692407
891834822155936741
87517873266627531341
11686554452928220171
117026999484166528849
24467934956659675847
29152440564207133
141496627722589101653
54017035738484284579
149675280025036361221
217751818416322801631
40650025428013742567
72780848170186209959
35339361563112682139
16552874503833408017
2574331849696588321
2006034570584071439
136719934457503677587
59992272237003263111
175675848554903133011
126745598229129271727
99627369194746855391
41000862822493349179
25246379379651597569
149511241987632742559
14471235950136433343
93429241999638820453
224425411534483969
33964300578624442577
81350976943761779669
6453136538001857833
2393050890191118239
42806231827537606741
88963348498697522173
201352664443082084459
113245634996403217081
177285579507510756473
56607757131495612187
204106503716165049973
155083987378949518073
70947193413540037021
26036881569828519877
117114274123613281357
6219739696316625071
16979733131345549857
19261215071002140893
97932851185964046997
50225689602919680419
94199323238804133277
28902270083323513771
58011512415077713469
37221319267472525981
500878032503721601
24565463005759732963
10720420950192588263
27674231913995757977
72359157101428301537
26071722853858825177
121269929119378488811
113204453852016234529
214836224661599229067
13645228178907030463
105288444214453076783
84159989109366449233
77488818739407889631
23812037917205502299
16923712505847531347
107095322049588635023
11344492239745964393
11031192984494696281
162843278927113213589
42347897794294253279
77445864649814497439
231129678809196184333
