205260462098057689322422251519423461
67147816703804140846743136285054351
219100513508705964566654697165036637
18996083494458099034069450583711777
48268408838065297155166895270216353
810882435599714831750137101618944311
347074806928515697434753969480499997
13450933851716614699139169312211789
546453032297025780730785016617438463
120214316836526750123367425373695917
636475021277114250453741363908035757
126204495791459093709565011176505019
180240218984877429059233118846246027
15412539227508459060710138503517231
13665547385378816829881766477221801
728666460220877954197366607984844251
129177490320220027271297060662343
229821387189622461396699802842805169
4045949909617173910160903946379193
401968527550527375765845905899798017
540580571444490688098846393822031243
358351765943623491295875384124921033
616185200324530351511537828149402691
389008299195224971986269147673047573
129620969721895861621479398483728717
1097996728479241984115008008325336163
89627444030392836071727675040124449
17517311648984854954744130525563579
264967563169589285325937006651481603
496436849330281115813793426885899723
1026936212525383639617222860291559557
929908246738721559627519729614044229
255221901537115312098329727456587143
423379563250649454448659877716563231
538220991138121568772703823568767687
433967424173575435341890361073662883
661702911015576044194843783311721231
165330766882150170170908122129542753
263416787377810534847245900292993989
216325079685044070635711533701591287
507008480929529838115665319027276369
450276629316686916806609510320997789
641651504993714332377435562352438203
377983542174953485540052180382161207
89306103225927062802345432231406717
134316775744667235043671946126366733
69987325642972533873612426269852389
862044615851887171759198578174496039
573117027905736053036463493324316717
1020859714471561619171304222185330537
52735217596805862897461065011156923
322649310123713967898456848495431807
29106641727184562446090826149944943
556393686749232627058316161857361163
820387587060311450193869513469589
172207072039725432932167124212511717
747693492523957253407348239359791661
727405820250817021398592805793417683
100276815026991954392764614034208437
42595073085244710293892329313394591
78641239462707609915953672331863629
151926268924717278487219408531567769
240982000669526358458732012136825959
1006900444997921813111793126442971329
188409333258477404175425560623108791
16181833052753489088499549802043037
663440783547283810715031459884166391
8197493086102264697051292192419747
139704575534273507337088011128596651
237637654407436976871708545248762537
168710773248750722155457982520361911
494789918377670194150214138823091579
5304035482637529663320986481594891
131297186736561127425795223848691
922090310909445541524385628180431603
425682579814508159998856296864898101
532653391878146166597032123932591667
226576179293252323719801110998279679
379381791637387002474714535240075153
141120588218416415365206637766360459
698774399807457850868937244216161289
70473180803685124751398147602959389
12152070665939810624374480037168447
244367337751237374230273828500983467
623569464405118306972541019489839633
51996466277582044298026734342667493
578423485744814267568350719790700701
110409326519132054120851985897495269
810178272054520296836136959642955479
505363416824174064244116441563898731
197165062665587438269698838488531509
264477550539833973626420805803524441
903371239762186405719404760312809423
246776844446427128105796020234738639
440888097084017779390774251263019157
481433336207189914564181662332270667
833804306463375739018564739329886081
772866145334918228432372039208067511
1046600386782084157749030912028577719
16864087420492164423495834686824841
