60391413942657493000612391468297734953669069633037403519743
71500494460976429115221410398546536349217192532048860338757
296990885752705985251690543228813670724898488977426076554293
510026471498288736608696099111612795316652785281969067051061
103600661823788028289054307552991813678073269559332368313101
348696338090268327333141076816337134404763123220501706245077
48886557375945043974583010220820651531725127562504963753263
514172844443661563441342091989323691375999324062700044618501
616616633098715323040828659136288370713347932404721083786429
285164373870615442810667255682932290187258369672479107247723
287015462563961813881474127192381482138761420810733405735889
636033440997225953409589067690612946158600569347489527279249
124793085760921358534226282095002885460910329508867697452173
194987782028312680396785747183269198280988301690953831926887
644466054365432177253235463475170727453834409454523932426699
203468780265835912444490362144808738916545143322873614540199
227098716495456424620205103377523882724561969344401311983909
689261396946223199182169239919304553623385556464056846969707
76542399790157154650097869271126957017941871329871941034527
288062283467504084373755629747720048066646652220928212188757
469890764928803977291115981930822084069190439110876593335117
149090348000530916299702051305597729905958774445344736581091
542078658389934030997771488714059579990057071667812155786833
80199098702067157949987219838668817365250232113712763377447
296660531278129019339314476692343949291770077494450775793169
1064895174887938191533492363289751981339844216494898636331751
425512925644235010374531096120192246593379037908650230349267
722355497013402799467058541538448856868271116932520091091279
848079166318241586501413921107240810181508205266907580235593
9751396777064008943661799389927529719988303517070842331631
305175930917784665218822908002564299724013587542120852094159
664649412551791574918698401562649873316114587713632370629659
1287230678926847815020643202375689051510769614733081082303041
10698017115242300522190269215530216644735770585747033066267
5393932951522691445088423880821335790086702844143399766589
1249191534262188994203146735175842764665807776216056869280777
929219880872839152053620876243658155384615041663643953459359
965313688707590085329534789065227648792105539239723099774147
297564977275206970293313021224197441835862357718068489839779
343280308584882897012298629916054178512588234234103537491879
550868272112999269344951928364397057161602016431527413826479
590832563121020462716856501145613721071890245478290483070281
661468008169147621599208987884775812746391703506962513135329
377431657911630134658707558342052068801701090313274616497023
938800193293002947095863576128275620085275597371740635603647
1083885263927647971117172141597522510669305660414027390626587
996159894589744102109618550982847797428575351502757920350723
74889448197678935600622656568683998448799093834957590613527
1550848134134607993162036908927853003558418983582317930979869
187279626037630560932283002860749187196108910791487431971937
176412843144124865347498555667141294367657798756303476802211
75497270099398723083144905633572805331898366118825845768163
74398809593951757151180967656791599837525257253880264260557
101171016791748466259875460085995283808003677171284591966467
711284368646443615246546887740957286595148835104053165798757
48427130184288345179238009590400438121152676857175868003771
125149294346746062012829202235485492830593330201636840233023
605494615689628810035791107783220696328584288644083408976591
197077750178926151327408456822071810576466294179870898091337
498517507253503026262795242509914753002716265548060222611349
330143755735766993696676428632295045308124682411962183961419
66898434304416308415314102650130872211199505823491912315309
464460439607852700935060358068115086896119765498670983447157
867635508869032051787028883675171135938608379154004079111607
77060669841932715531753048712566109369756728914286827913347
701260369076812763919113978575999315874174637172241367677491
342137991106888663260542724080973150867740817002208092247679
764162579631985135659409073737719441093991668330268319065273
1234484932491918894269868622336966890455666649236873876973397
336198327615824398908508891360782654496027188774894654432689
147280852651350415182125990172643925627418595329264911601163
31642202393669665251761233912558030607964748864246247953237
674408623373472822638193502336365278087288721193871634061769
15847004419143779217732681782663288359649551345922111221603
506572557413735186786566134770721961412474340653675058515993
562530100929877387687919134602108922502186619616864355643661
143246300970809255125424028493083223867008440232146494588699
1039945855051398705105385564743182697095077705006552067783039
611394351304555173129633824539690878140697158841228382328423
182849556736163028569325493871719132644642331395644246519633
171442217284720337986058403335604661841091997748426082631177
36559076551549180298261129905430672061282922176464712685541
47794946946192880062366344982873568008367326334408055484167
547216373673628288254487238990211625643823101807276814477407
445966529714958828004579870838256341257593089570708878230271
1320634245005980998198629134629003365075354887147025801856181
175269612730707605313652781730552480503957231674870848910447
140798580517916133853806561944536161898950256416781489864273
297184951403603044603066111671114901646975966188672481309717
42005855957268914871882873529654732029433939038984789841577
135976901893999513296004785975059690510854459201715191699153
612704777187882932046852007749335068759702413849565603155409
31418968225973544305420668994513056234024713762917299500359
358221233204608363812035850008045279197203668389388241147577
1148428174065439377828101717532391733212266804526943355402161
50455254996219489282426232923265141073339948762921945367041
431520343105887708954100129529861520598506370171578208490297
553964321031759200165778059767556541954140975100968873443747
838294303986772230428360142464066066664315969205348815247123
341843048540152475192910074045832422486100705288101345459389
