3436105780798780640271028991156561
6275050813819749967

301657451846473742369285458104863
14778746661885069691

3282466693511064893892570272061233
6897807598716134363

480687180742714332873354415523797
17620479610993064567

5077899820569196108843085484777389
11543205896653034029

5048461537694119644673444609553051
10301243879026107661

4462996076236778349328054055635613
18333288778156103959

2700498149088318228015872571511351
86940686454656087

2604429843459254580583741061360069
13542213423821337259

4172285570513240513930939307037393
8673597147111364271

2724116973494414894971305174311867
6970753761860491201

4702404529331477691988735484449801
70053748437109873

4618787005852840928183674135059293
981407787496669187

1845532200875514061792612718272561
17198557086237013957

479602671543474765105331884780433
6785144516084666321

893021551162427520632067104173073
4942986334390441339

1747083735947346658807271047265689
8238566087614847659

2211913145004699339906824197427839
5802883516528685459

3023931927503492518223435676738733
17956554574338159083

3749954254274250453217880257949651
16518593681626507703

2862210800250318763019665399237057
12669493954482178459

913566841104947626725466016578189
12450397937398074517

3513443311467949775570546852106259
17051674396288343627

3324524055087392272941379505522993
1234702103792537251

3560508730207238777690912812226677
1479676304144292797

568864406775865312316898197553851
7406102576015787871

2508766900968121003783772821240249
7826908693405710079

1349965011304715858378476619565449
2268157736741347019

1236242611763498020377469259514641
15013497581810686097

3685889572751430447023933951130047
11426803461167379889

1845827471275738408391811113027707
5767306026152695333

524584460634083180179881227607647
9657243712941739267

3258952746716399143414924111123171
3539450330547646283

1967112270599979169656905490234377
4487319832261215023

37829799986849287871343566050531
2982773862026525587

4980263438616050307169906212612043
5159969054436703847

738777691136524733422796145017873
17313146875752024281

5066495620588247430991630273897709
16194829999533540637

2133434090390974856931021142328539
14573827860426950201

1553569797465220945268477107115339
12193352590816322381

4873943103759202714039387356672361
8587464438043542647

2327500143243518353680294021859829
11824244262077132741

1471713579107423858787730161213601
2270752321895530777

1451594594362664722179704483484791
6967891264769053063

315564552229443309611430272318971
18356184558968153753

2211027534467861112228739834231127
8463756390888364669

2087270236836823225410653403746431
14667416026476227237

1788283734848107615905762668898659
15756144648224287691

1807073976570736627304000092847717
15727145624611059823

718245175008837980742340006045093
9912296155385948377

4138812475735550266099514860201721
10828403224728053501

4598109073986572201478253007181257
15989245645029223531

4527548477694814016186826118164371
8239262843527010543

4856194012591664360553802141010147
5302411160185926113

4498501252524096397821761281310581
9873299811728846063

3944493125619620376909415982611613
4573339435807301921

3324382447226414183121648715165723
14309205519845014439

2588848545021865681734790627235389
2964541965452138287

4472502718591629524055575471243119
9442843996850770501

1955567534315223650804650748229559
14469016142896860553

2005498949947486115959623721566721
1162995302328209101

2954453008862068258642740164408041
5712975830128026307

3181246233809255176031138068264139
281833448290156937

1493126366893576087651414168700507
18160468908146314423

2023925937383353919980398655915697
10822427873380296451

3582840246076213777075720819565047
3528600449237705879

2839225192088095223798815230153253
15236922886551748883

64900909682877607731599363488901
17479059656115813809

4050320370058185370354042860444031
9901881928233554393

3163001981497026948194592725588581
17014900012243700459

265290178632920045130514419131711
5405181926373812941

4256461820896557026385932890691099
9833306779860309517

2559048117051704500752161896038767
3735830717195684903

3891341496202141697557086051389699
4952841107848341493

3743751059374792627502914529384677
17283204226116899437

1504410913338357327814434310966567
6554378810992886899

949349769577131498266117067426979
3170652495746950507

424577523853828981333256521211177
11264551593122195503

1827878576386154302958954009109731
586868249914851137

4448266829475794215319729903948407
15005637339431573321

1671068213206888076095281887496479
14174242110605562247

4861904118479417145527491613597039
15602070840441395341

863779005172324989918495618765299
17451625597037793113

510917585217575496778090830157771
16448872882275567467

4012783538887904657139830984648177
3315039511833389407

3024199314489890219494231110390191
9153028081641085177

1367325488619889736269875663712541
3371020607837638387

1085523389989666095412972233587497
10578463015043885089

8148125671625790253989464406329
13273984036854664733

4526001029449815487872509472388339
11384570657594791829

263510691017276152504918033656103
7218651695159084933

4236504159650702165568106775134237
5623360548505904891

3614160686561998021196622446330887
13484876953835677163

2758129365167752633134235703462899
2275346614126318217

4508057608811423451073193654177041
9756581638870029251

895184306781110885800485982681687
6994975318320259747

1921247131613424131620252346067181
10694876212828930093

4478200239142790781497310062027053
11069540730486128119

4518200986987696398983043321034207
17198105703642472963

3446857114300936069707013686381719
12728527326912155657

