646973351797
2337837437647
2366992598657
136876492787
1355451934217
3387896053133
3092922016337
1068109162501
1388643693589
1554316240457
731483322049
4984215875411
3472954505723
952029188707
947457512629
5468574609023
3380626649383
15044457521851
1453548293443
364605126553
8063177169893
960059404463
711846415583
9701422248041
2315815631653
174763198637
1494642313589
6910140952523
2725086603223
6279269836121
2693739877883
879189667891
175882199263
81700930613
3072147614659
2628809756477
3975133431673
1225724228809
305340184979
11564731695761
1042531952809
386158009067
9074818079149
3459202049629
2082624890209
476546258861
621001390831
9413136237917
2857102739941
2523759523711
13639035575999
300314576077
13684937157079
3831945883949
10879455465173
12066808385041
3300229315039
2452631995241
9791609850353
6446723806027
6870324017743
9832796817731
5306372544047
1799057933009
1123152872227
5715335936077
14073000778483
1520747136211
8259684214963
4817604233297
3761441672609
10445667482077
15102148799797
9424182615647
9830584416661
4771226250019
116869069897
9930711942727
7634242535089
15449932061321
3810927738529
2789720559049
2577769368943
1260947197813
4762463377619
5566582854869
927306620467
6052867327721
8701503772727
5589057200891
15411984766403
625748046379
600165739603
277464096911
2117847296263
955683494027
949648064107
6585963467639
4916245571317
8786233171073
