167315877669019
161453

122742619164317
299333

99028958602933
154591

215767494220337
411347

147870833178997
934387

237901630662733
859447

145145908115399
748711

227424209871431
13883

146199879094853
245591

171089477751733
767857

68336794591487
48799

132377752728721
282977

234564682537817
390499

36374002551437
100693

256357981346647
718463

10257249207407
851381

157181653085593
472697

260517168744311
454009

87663560431943
191833

114803787337667
98981

54542277936323
786547

43555428606581
390413

15242525833709
15919

101995907590909
541141

129634663544699
838021

97452110027417
588733

135519109433921
991171

105348539995859
442139

162801841738153
235663

140144232700957
322951

98343494064307
56993

215502466662341
854599

154199636828893
870047

157643953267303
388519

37432738048553
1020973

243747297117547
963341

260625171910373
791447

224949361038049
195581

52400893495843
932117

107468756880967
406673

274331487073081
467371

186525974087573
146891

268694600594141
764051

236003337191981
219937

69582661125377
347443

139661733786767
753847

109653564232781
192971

203978601750757
963973

254008657984457
392983

129116181480653
681403

24909904585123
293999

213066965992501
829519

206805484128367
780799

73626051522071
377887

30733619481401
739163

201206245973461
435103

275142381609653
989071

78076141671769
857839

235521691340053
718513

243847688801923
867793

274448840316571
792293

43018750589279
772207

246951942408089
334787

253350785944567
998779

67274521076353
411991

170952936288347
787309

139590788331947
481753

216657861194213
954451

53106962810443
495611

7171277005547
348181

272921777818637
862319

6675367741937
623947

187749268476829
202817

50675189996729
241667

220646522090383
435139

243486924161653
306809

150358509290203
596593

156720735235591
468421

160876572056533
837271

7265351729501
212873

125532471958507
548837

91186190491489
1019237

148787733311509
259681

125494958646011
954491

161393838235103
825259

172266597200519
57917

204161184243923
957871

147131188058033
390883

97118117901113
896803

143768694827159
209569

91514295294451
125539

13924251221999
749471

122692421239961
330149

88926915516073
649087

76493603741767
883307

229246667002429
505277

199677179948111
315937

158074678368043
651683

81000362386039
180749

130688463949907
48187

