3333321605210310931608794709397727
18600535113531095500137603450499

1207630430763158816610459842971789
2214578500521628615281993303929

2054711768708711619627217727835031
17611677559072024695146095683977

1893680653297404778273992913692949
17500566330240791088233133136951

2391313965312718510385860965970849
5304638260233169846934673314831

3940624629880381148535588215122789
19838331922871472926664714286177

5068741440396611984244038772809329
11659692915095513342770947676453

1802789852348157441868945237885979
19606776972096141208066842636241

2629212354103522930088480891023217
3615438079779759632019925087013

940137229988549429910061942791583
12850661234595145049542615022137

4683281088215425539965897224902601
11599801627992469420437764076439

3674895061980830203385692102391953
13483730424610234534193418608941

845690708504242079962082879891
14382770745312299135252867516149

653920622226147532147121490437081
11749679940202289496321196229873

3433087316874495876163330160034907
16434176271409010248786804484861

5181714624577653812791383658248997
13961090175440311629990943133839

3267115226225944404674847248337197
1693154062405057980636141524701

4488325614266581077798989107178831
17878009704049139480063742327809

1065968868914832802606373775623159
16963426315009724428562198912783

2022892025487123067738461672803627
15349716659533767452436287105603

2833664586751127680638884735352199
3049375861289544755528177327441

1863509713324315306200822574520423
3835663929434987534988076723447

4680062693346531605372761417361947
13216241778302953417835069856793

2476222468765629125610576825752719
526493737614671435680994574737

934085983804294094594057790166661
9826797312558163189490369912237

3626910777570862059548692399323253
725152080987873021621713797303

1050959520108641494060103844081773
15395269047935497521740164236863

3297341985398449868239167597144493
4073134027291959246635719919369

5045704143911792678696784564666007
13109133853870672616546665293509

3028552596968445088123731283713911
3526736931742774117192042793761

1714086767035453779939854249046349
15553709306470421396899564334971

2629720586290749088881084106440977
6840368828107056694602435430513

3973199380153460958262674453034129
16463425405821512835386821442903

1867359778750247322091528918594669
2095673239417430200605599339149

984635606761123254476378941286039
7416157867550286111474202773787

3796356816054013844653771487634329
15859982445635719951092964242293

719577672761401541943347703661207
17828970946931456703415499056969

1159833427518899597341319416778191
4918622867722944081304600953271

2897473791154268065842096615010991
7271138712690745397358954791611

2743314099600324746778415205391509
19163365752901366878356530513397

3687427824521180020203522373789117
17313955430016421497295775937083

2265852878631994290942789492463607
5751758310639551581069696862797

2781685651570256955238779554065307
14669286575194703546763701949529

4646424306889598179513144999575937
13177544206790974738404556650517

2807590794912329162424768306181159
18309966311702461630149745424033

1429323906064182858360562264353247
11688353425186731382127066452483

192508445717300579799387692547341
13060655537877095374201602553733

767227588453823024373499139031131
18272251057580490511864545864959

2863159043209022509397858524903283
11519543856046276243880069292961

2143544364978163073672987125470379
15754579938136742073078610825411

1974112164113141438810379026096843
17656654534971098803508671172527

4529679004937136050464389632914601
9088299897169661271886410278381

3199264738597206874400921487058103
6830835454846852685418194713973

3062177752872042969613066528846087
1020483162114061229295060532831

2399002672090741613358297107275219
3789002701135429655658166036097

3098999248932506687093722828770487
7424986696782961886566908757229

1521486478548340592275258932219511
16789132609288110665568303854267

2172746180511077055249931497836257
3306986439113067870856169080151

3849120498664377586089549476322251
8510989036815631189274775385667

281255525339274247403736376417351
6164317437840249029588843152249

3783982473579620831281327046740469
1820490476905231213876878210883

2085831233903420126753731045925129
20127891412056832388730780491969

2632929927841118767521990892746043
9984945422816517424618590301213

1666466143621728519423187156588549
11755744686856260914779302894787

4211593701656556373760278713291109
10927584596082546575773007767529

2721540933969607352489127170020519
12643902507817965334947439339553

1503410886153761422976974666512299
6861817967202103969720055700241

4484287939888781631243291156540869
1619608725035282481803323932851

2975468399828603316996139475777431
4706399807620104794468978205329

1560678587996587884410599740347161
10012366461924681364078472232421

5083817672793080065060865935123681
4241200224102799459290220574893

59975170581170680202794880114609
3082283994342757897477986146857

1078536462032789204761040379198787
6423360999635902403387905665281

3807051891280150528652414602098203
8248964957901231680683563982613

2874933539639110300270778901101357
9845031918427138775467679370169

400630894497071893889654127776171
12895121340703492510921555987991

677536515025836082215716593730173
4501668993607112108764732348393

996967263569576430295875422596673
5204518252776211361107589371159

3360661793935199618838414317478689
5950525451173010061334912677817

3300116894866328661099861028428191
4507638263276772250471450764247

4833102767854646304460046086713223
16096526946561561762729434334011

40074557887133250087589991710829
8310953825238148998622168699619

2244538343610948946306651958139103
11992415710805406796852570272827

420388369114244770696702581832439
4195715609742310010576814402077

2363962205122496719144341873177331
16662689955911563231580878129553

4544212214209347457383139666607093
16158517763429488175624377109363

4667631837078663635258642970802889
11595271825024176809904589389649

3812166099629446574544940648889381
13606814643091417901965019579549

4316187227586926780663695462624663
16682900559067280455335600709949

2118584983263487017818960708779699
15084827669546494108854758145533

1918786418602309606965527556624017
2493851865670848885996126429713

2023960338583083304078659133748539
7277297744474946618355112000621

714137786888560318572041711428741
7129397339015490574766609323139

4166854270586982990640312214084179
9960603515622018685863551712401

2169190132815911993134928466846577
16576416961373306016461092395857

814956983575877657299619615289277
7987943727715833273274256638501

2783122312159612146523501904578721
10677836130672126958290487118953

4554350475503565277633253401863793
13244602363385885760561048511199

1887190565541192616682047787819873
18300809236784421949054469232247

2612020355870273833811030914654831
9883836951375116794663799926589

