49523
17747

57601
30391

30097
7433

30389
23663

65257
53189

44203
45263

61331
52999

53527
50051

16183
52709

18701
11

9133
22511

8699
53353

9029
56999

48479
35227

26849
48679

8951
57847

34147
57773

42073
28793

16091
15101

36473
22111

16189
14947

25147
11299

41729
24083

18859
49199

23581
8111

56269
62683

64717
46819

38189
65287

58189
52673

5209
54541

17029
17027

7741
22147

49451
49157

6659
47143

48299
56437

44579
59281

62039
51421

22501
14369

44563
29573

37993
37049

62119
14593

27961
54679

19759
33599

55411
5851

38377
16301

50123
15991

26203
63607

8731
691

53407
10067

39863
32069

24877
2113

13913
51071

11423
48539

4451
16567

30557
29437

57131
49747

37139
39979

32971
21493

35531
19681

43499
25943

15581
25603

32251
23399

3079
23869

50957
20873

61757
29059

3001
25057

32321
31699

28753
14029

8263
14303

32561
9479

54371
31859

58439
40087

40639
62383

13649
48953

41659
25759

4651
7451

54547
57641

36997
61043

46511
48953

3449
1301

63331
46663

21647
58231

45863
19949

13127
6469

47737
14323

30467
10357

41843
63599

56503
47269

9049
11161

38053
39671

18133
32321

58169
24049

50093
60331

56417
46457

7559
28759

47147
7243

9613
20873

10771
7333

46853
42349

40627
38749

