3256242263179804452530731422350731972987162612217059
47694460296178850379237885877193265452574365320242847
62084773057430652604182931350055897120952850015224903
39312411756024023021170186377225950754884674362259273
29718883392570321261342965764764195354103496387805073
17570811096363791164669796104555244795269851295103791
7112864282103279545976749344826216529098646852590287
36405407840076120106656553609600754985717626088988373
53531814857825313296624903151213258994502731071324443
12307661263898309419094785832217646367620230508997
29474345613421098021823095308819922292322182349498651
12868588074996147290135050260898736066600612971350751
55166593706619549855470173312793166512896846387045703
5122934068243738060784011688946677482944353636171153
3630501813130174878259661086001875540000132684286819
22485205243942685827102369378346758733668220105253457
51435741870814838328676934679647497962199159177486337
25271774629571929857328137671478722107762579009806779
82138537676961094722162781352623424791076441943261653
15445383030837773653434630434796145773993089903127527
1472480102637352679300005507751153083514824684675397
4325594632146948470801512443132344152207718516354249
2229764602941726783031388702198552964669251389797413
10697872963152894391386767804167722679572433628493217
46135215777436064928113949613350232250477960751235429
41293148322035563151146256374361343312164126256542179
730806908347635412644715743120561444709706457528607
50528775260952147686258263886369245141955504761167331
26569462612383336724347050550414452782095439760799913
5563980946423190517371248663909079360561331531161201
432186075789922734532018710490976701626634390376779
1018502519711598879021907559514676883710737586749163
24932731228403988668436768363261177288275918841708371
48306083533059371130068932664861151279791634054150383
66656253219887210463454751253170546445025027415580217
62941334565213583817219654283293784644797964733064747
34736279436290262022809051627071544167103229995272107
1692913797552612815920162421659827722987143669006339
11025564222990346450986636575925760614128188550263417
1177613380979558389629833797802349931775068868408329
20564664481028594407230006341012706995022807359913553
4813891070969226915824582525834785229949764969571233
20496051846149189039686511457264420485659933122149111
20700087665607857635772196238913534179030461303264853
23661152949129715870970044892789702145727519496053547
12635122860615768959507777158631472002183795980262153
305655557465053742083335685178083967961231544327789
1879467325808425872702857501794202450707394499985091
25753494269391487419333946789983583285103772714935467
63392499042890101812715513360511470676651104911315163
42141686033094330006438240586014946455641192731163977
76239279263287868323460782795256317813046554346225809
22660211536130444574237801103882093642337092693305671
22578215778422316245371546267522699299048930301301483
69817617267148942780892181628322910459448364856028349
76978355819388797169984960371088964712669721908001761
22926828383466845605619039876724985342348461520143509
441963532464824956656454454722703017223635376709247
25556641257958105718488240082047074625204223767531429
60836625253445333753883270064059359530513838762271001
16044790660708843528994540785132665125685331753203599
26424357314727177734163321699156840916690898872209049
51323612547086282430691709325362689823981193267638629
50954552772868748915000797807770024972143255807174821
59985301980446888357159953938398411598905754734538871
7839228203822025957278106227089774708590286304342057
16635291537668602977237657099120979332677842608803119
1363250666345161335856501044068654507461721240267219
27765687722881630768840117122820378439237836617222853
23977551818112153302731899456008688394657057788068197
6805585276610874805722624641473896312093704860440413
1178587613485532336795283712544846479844223601266383
2707049917091965031596761194153368461155748295934093
6417329641965009134710280589513125479285285269105197
12630207439357932277885322969337703318215728500291567
71734660748199569813451322900252681097874802370317163
21385002567873415368372509565210909427744163308026559
12632302655346084227750297541499207222334374348344863
44306382523557158598032771108536233204497807851948451
1629681335818010429813575418939927201043541727536277
16169777508279638093771845061597368619767576226966177
13167865196062312365608577819896596690792523898168923
3020078439999786734669339984408243719727296191269557
44599397191361672082940036647697439420730847216153873
10286155843288356059771783297729518562435841203512597
25210261750832706401397980103170432997573511950679649
19908527852871947806650820269509249815394698303275281
3573595082505783503905854485958320186018716123834169
56312101769089584008845477917822916968279156400581353
11156863483086802817574763747910362028133781522701343
2735263090122982483798429896950848538585649025153883
217508006677000896809691857266602587888070487648483
17472042233909138275113084923477071197725343587101633
24366425433617444395219706785138238411103090809656477
59808019553370914125444989539061359164500564839233879
56722037139129773263121840127358339201453742741480327
33123753373233552229686111249736623356952276382184209
184451050900093948481387547542664466144228889815591
5115542047293406322543801889224318542852980614246141
16534205520206689319185629271686581315892755244551119
