165397742672627
76494787

183267555481891
188934269

204973301558617
156059419

18224599844057
72539959

85284721292027
22684469

157469467709831
218336687

207991949877113
80198077

76689334455431
32621063

69566059125463
267648091

165454619067061
94461127

111412315212557
214616581

31093141472441
95210293

201745455317551
222584647

264064665375113
7978099

279867667792649
243860069

272473192867507
181455139

101765947752101
24328349

128549978993789
217231691

199550543744141
141052403

40685377281473
267380173

243773476295197
254528149

175611202509857
265374931

72794552247377
206272663

89006498987611
128638001

252446728698289
255127129

201210274597603
2543809

173230461500881
125749139

41956493181331
49991629

249085199924381
24941381

167129507365829
124288007

98882499049637
188261483

140949665301257
141647369

160774144572221
126759547

39712988480051
81196891

277102887755539
122748299

100418637388703
64843843

228465995751379
261697349

49139840556217
78101003

199297029049409
217788413

112236167327279
105650107

273412591304077
129297551

280384198568821
148099213

101883777900493
214316449

244635549672733
122460409

127423091160229
212762281

28839508740223
130041337

275286296446417
22929743

131244164487287
2977963

131492217998711
98528501

2314419377903
227599171

161336152210861
13247321

185201319418309
186903053

201100838375189
3095899

52869570386407
22203403

281130049173277
99996191

173467957652831
69124087

127457208301961
57927997

228805660787569
162690719

206054306432669
64924927

83540576770601
63016091

57894079210999
252933467

33111854124211
248442011

207523446095461
158634061

94123555542119
40461893

90814347011849
35455187

17535769483277
242107889

131376832765657
179698811

253347009707587
132403003

83680649807039
226438567

83952824342677
186653477

183849538785179
230725427

22030230353741
123496199

122346679309229
116438057

230677911776687
85438733

69965933526509
32882543

253926710959417
175049473

96027896226233
8967241

22275501858187
217433747

272052727845517
251723939

111678268569001
159798139

128055824157829
184265009

104507785900591
182111929

49730936855051
80281807

59567414474131
76273069

21519247168753
93467761

158607516669331
247625023

190842558320419
17710783

206585174445421
14143427

165307602354929
166788227

271205232093251
65367613

173358810408307
203273407

277570365051719
266769037

281354362487087
263338541

49581822047581
218572241

16863983026699
70842703

259180332756911
13985341

260628846762863
133672103

249811229461351
83595821

198706033867459
3880421

127031109658067
258338771

