54533415564857
17162663029133

201516257642489
186109340201

237683951104793
13171337049139

162593977351787
7374824008907

251715224668423
13840359994577

10517475849137
17345375510263

22675448360359
16130041967027

154087503405119
4473675435433

95878138228309
6008922007159

129424271538283
8977328785013

235103535445393
5608070572309

58014030178549
12002403257771

263330641123427
7422009636781

118397894615969
12202710512353

93689913830813
13712448598201

185216532975247
13193404348727

108523591418161
8107980281053

160016341242581
4233995111191

79372110384989
10936536578881

629641861253
6370596046391

251430868736477
16220551974787

252335380040087
4389199589849

98330150506039
8090672416279

256209404875757
10449699098771

202487091018557
8762349888053

21458068526399
5923034042459

191576221725167
10541592273001

245042212321663
7350181767457

237026372736613
15427864310377

180381445023607
8386201039991

14750389332983
3169025167403

117311347632769
5818967224591

94719595208969
7693324084421

16052137108459
3059619290333

107492004146383
5942641715113

162611028843379
936235716601

176167164615241
521377989283

57319750840903
10983173263913

194604324021109
5294363515361

77362613612101
14014400802251

236587726927793
16851762012901

193112737316801
9049911121703

262529318815451
17562004848251

163579436731787
9581808222127

170994857089207
14524832063057

270364404663569
13680699616229

82994139279781
9750730424779

256765280321603
7662989616559

78322106603473
9640454411089

44135703054409
9579454049413

223487149935331
1311554518961

8539946251037
2836589007431

68956780149143
8499101968849

124031946992567
15273452530319

98265442151249
4278151657981

265400262041437
11575748854669

270168854176237
3180847509727

139234561446619
14381603245847

124448043140231
10565096431501

34362054925399
12480751956623

258921993243083
1632594324223

143725616416903
17136255384029

135392552848379
1684590987647

29643069775201
17263744694837

11326229129947
16143906466811

9866693312951
4721380932311

2141907975667
16010154973049

125735716917233
10738411330403

46727971703689
14350022574179

185531234253899
3966662531093

205648317506189
282157596337

105462916938689
2866527809363

268182628620503
1751367569923

208343782901629
14733152565167

59898568692623
7405042880857

39752424148733
8652844433279

65346734038379
15077819002811

234804054489569
10935572487409

13755426829093
7293226235437

32374603817461
15309464395117

239347349450747
5766516558419

99549775299899
16614727482797

221912509675973
10095345828103

203492723059169
15314993784647

59276571558331
17280867473137

122043148169933
488767416329

58651317366211
11404921856803

201603049321721
16593326990533

276481731004139
9798890244907

33426708422801
13578181628581

183520105982869
9916104266309

205359824188061
14067534664759

26586830401577
9901432959433

8516051252131
12654707913271

88610499973091
7515000033809

158145639274067
16865219879513

128398559984749
3407145848671

105002995166801
2955504750283

207986913407941
13048967789311

73293679049329
2918114856131

