52439771569
241

35202879443
197

63467000563
7

63328563841
193

36487757297
113

30771636209
17

7090920647
2

35863621249
137

3566919053
137

8207984311
43

22384129673
233

61312164671
233

13173388511
79

38887882459
11

28648490173
97

36767758499
17

54981357107
199

48111084817
227

48498762427
83

28694303863
89

65072544749
53

21524990987
107

2135238137
61

26558069323
23

4406332367
211

21116033063
101

5568115093
2

52182548147
83

18494937359
79

62413136623
107

1385151967
43

46043083139
181

55910419
157

37660037879
157

30265329491
29

51874878527
131

52014132979
53

18341201273
17

38032564021
67

54457491287
47

56785851457
19

40404156889
151

42654757637
127

59645417659
17

30954710911
59

37226335033
43

66406109281
47

58777624643
29

37217823899
79

56719150277
131

26467490843
113

14618726137
71

38991461941
151

27099571211
127

35327920183
97

25220893927
223

24358428173
41

67275683093
83

28166277299
233

66348722929
97

26279557397
41

497676869
2

23061872777
89

37877477609
71

34205210933
29

3231391451
199

11510151773
23

29107865497
71

59978443951
3

9259906991
109

58298887399
251

64270980887
13

66515690309
131

48371791207
223

56608113059
5

7001469857
13

56282387893
61

52933579271
211

17132187533
59

15957117097
31

15707039737
61

30812349949
239

1935792623
131

41327639189
23

47189681881
5

67780716191
167

30152279953
197

47776802123
23

28499634061
167

23149486159
13

44863334333
173

8024738347
47

62940539579
71

55713942413
229

7737437881
89

26343554609
7

50605884773
197

45790052467
131

23872789439
37

19978314607
211

