2454062612748361768777454469639862099469279048902450847
4082281827315224641236110976178149505852351707902830447
5002104901013044382130893255764659757743531447034378829
1887720930266543092901153105535247544703725072960498653
5155604930927255490481556448184509200505407065535169409
5160225690211027312729390724708480051015571895458606913
5646010763246603786590457834307115371788747423802274481
320355112936990744589084604008219925110490409086289577
2881639467850876366752809016938430307128799631761149617
2616391229393024691344443087310360002107175636238610961
435612439995927634140202175706602309821420583125063201
14856153234679674369298582860818530698544386570850321183
5280860280459248512702286423664005861017347700412699897
4115138350191853569418457230335061283732074616519401519
757742141314213628277064577362114095740840128588633219
421082388161358172884442942222413355320546609994420621
4325676148596044357188128275721152700195098051805901577
47742509116490137697444184578590833564237448623713641
3462716465853615538768821711431527077490979165071741337
10872699513264178319523558989293946704627633220540622103
7810570284619045956555431294666997772174274406355327403
2929620359039117598632116211191582857842599450804363999
9052621414124571975208245603523513880248917263703513809
11807117906326110690478241851292622673923355768798153889
15093744982806763285540393406454319326603645663754829509
17610069815467845045236161380732409328995461724087485347
2070452135497973093456059165996243544028055450913478197
4267358793886019646816041668910585757556445920053687319
422482900680745665077625227796325866655254113611438577
5557120962222821927366215447451046854028080906971250407
7299544831298784818150685377904527145690220851776033911
11963266643850303930604831851747667977244972708070397361
13104161122750326050608051632315357018454658044027206697
2679059464292882255433508140557514136354836671071188031
191218194393222303873572911281801186125411945411859259
6939467738255981519742613128167567951086710610065968099
2074610190618172184991767012064914778823041848296788799
138870451629523219835529128225269467117909974565764221
1218209459594876742476017586449746432767785754830960339
13262277944135391777986383744848326933923658167504933997
607052514378158448112879463963490874031653462343757419
4568105602583164908695896804454459001900317510687491421
13119340941906921382557850351279668368830139860127276519
4729922360867160853160209695288212608340243859425812921
20812472272884562961379277303868995341326853159223630567
5983069567101164771057762439374829418767573362025532171
451102918117771196060112402903262815067818182818584683
13885238213070321122284962265848322173835438529480061121
15053147017827015655099354344775011646705424731660243463
4018874444672190630948296720721503264465966283841482223
2061530576999747108076683059984389004993618708899726403
16392233133302002513819327816945987317676723365412884653
13867311446458399902385225694102192722653813038350926031
7989315328619599494733831963020259973007180962745831001
11500852209488909292118124764692628113363487811217989179
5787750066061021260553856128956485355439108941402276301
2218650312677023246102855319240615768184285686055840331
245887389617157023965117237479537493105371698699400767
9443440048560171216870001475551792426268392341494543131
18458369293496314231693922851128144502827275101595137097
4546024362838501173229884987999850858066823723927931797
6038320815548537752120228785951298696053387342953374907
483138318754836698154590253659686696646430794302975903
3556002941180711926467543102300537470988490416672002129
18390784490140133211184610922455485534397008421927374819
2504426159589090319051854228784596540806598188594996209
6936077473018111106506828413989317208066331179710601653
3878361273121570283083690148118880812948808249778579533
3613296727289741095345945957922299444984635640849569841
10181512294987643750510596602305441174258344682814777067
4235941911073627778897452215185766379477438896870919069
2239301652737715738088579793583323703611633314284139151
3883753175044704179079610156760111877127726257811259807
2967815403959180779930307103214552103769303056589870823
5458446580819624452288814992862810594227323715498375479
3889483513363715904345044952942985300275487342857276101
148587681207739556981757054024168245973149272707683603
2162253417834142378020114612174948779882397272637443089
6534395069067424501782471953118438322104513666062828129
20028136202705692698291890008955188610591085157228027969
7343674233653807870968847496141955721642410448390338051
9196052955029806592112426792141361073350655483352489617
7799077386409536857676150421081120287987549122624345587
7946597249019510690723067258570832061008844130071146171
4048163465905781393701072283604420423940784936811332893
3852618398317870005194523848021064889947895641220315907
1607305257383011651512916043407256422573631196783890503
6480063126064667198749014156447204124798804099911056981
1079416153361515977467346948966898904460167681389577423
4616142872390556644912912622293125336759136723001822709
783569996458273234387804144024676356566848939162536439
2023247806428876550118310993677808456988726918747621199
59833252845802124556493162462598571406311336615763357
169290742017506301497641893646750572896935561594977197
180498219276598388621340218335143790463019295269629807
2354604242997893223436290290776895164276430597315498131
63010275484426926630974243970831886680902638740659521
6601952866543958138681764185019000088686632344934872269
18377249063196328134377641996272453061840954572827441821
20530458508243561425253719461989619511577339897405457827
