809971153718509846899151025251469286943987602178619
64592475428322345792598702544418194507693803546404331
21586315847440895371832000309458719365827801634040379
18169110893308736885672254578338177022455684223162949
3574802675638857627898340398341709857975962184286099
13619853774179946134921485712593033692797262818426347
29559369761533792754916850908404845129061382092978269
74450182458679326890758425170708366357621281306581151
15477172755718071927939791628046918740710460950677739
60604266347396708499876793394335047832374481672751
27928903716731348743177537554101571843887985300200623
17739169642345329192930907643057511846977594247781123
35818360700258510876352896049109396966352545405320383
31260182531503812605485421556418963670282850078817927
16902624783736155990226967031239876014215992595901061
5715964540702094458288913915145665091619875754503449
52114880149511095175404121154127310004982383141270791
10981239706336017832311398239537614179035011419422151
34040107667127164770767910063388071994088571232890327
15972796810743160668638796929113892329028231911077461
8090183131996159168339959699034479163562597649791779
31890955547909930128571850631336151915040662294471539
4551554315432848455069908692879983222451130835728143
29920183159171611688570476024610340159045738720657107
5294273798328115188037374667756780586243508559088227
585421382827626261032835477305797424763316559706989
31644260218381767106854455496780936299680490771793137
3088087979065262511359625780261661364220951472986701
9175752414812119059344249382165574133925650028685141
2276301764801191710518080492186301794512289546167121
50502295459969880951117242094495489114821203442293343
16705101342212655247495727594870002378264857796381177
266361292525708982321294019247789067411335555515079
39123637322432794355804507572326662288826576089368243
5563750454961258053316461808368519711871368721005309
20055412420518516727726903617248011461365104906660067
11461742289639488242329249719483062390332057943352317
349836097696172060185477914022470099724555777474517
17982410224870382269212822754664028094257350779217873
32784410729479469290056002575569404909378315631373457
9919425426645684527782801686094448315647689137294801
13893935129608354914977851273841438511166903013075339
53136909972189112797425129055855070766107677662937391
1624905829537321032913430060528213769282036467572229
69780455460481756350294931396755808093468925952235057
135965109968870864129709646943349049538369559588997
523145623770799240268822007078656460066221919070579
10495573035071259239915095976198442184222067874941947
2708342300378200024560390437679295622352274432246211
36622768083146971005863530241903643914483589571590727
67375857775823226134979073252088489517152600336176127
18065558303438840834293602582994348381025061060972167
38242401373180791782901892994333062754997679863614687
54959196213172922231369054598383542287186916749744197
43200850029443114647390658314636217451078379331793953
29353769210845520612461490725575227281298153836723043
2718162462551171719431309719888073857302575239466827
51929219844112661303103830445729539173729458385451411
25375818168743547311497453528111530312491152167787349
1024751907527603181743494444811728386791369515844627
3515741920941720082726297511480834094156032353036163
20469928767619187795583610704575442645870640625422349
18306018621795863587582550165251997650124120361671723
3816762408319305768791500511182009023363740990389447
6228667358907682720202128970459694622895192319297193
8127171711592809569372139374834625442258954736230141
17710363635094258830890399007871860541364267492792113
842468967992557494702785575553681878164642366001217
3685954513233715745425453075603947360740027738744023
17482953912173384203359724531617074216599004672521201
75390566258101944212356947029007213511553854446056659
29804958088604093948452845577051447284092312427031507
61921423072915742629761017503821644927193419736211223
18455539762670362347338294589888058421851688966822861
39024863594600735583594914879012109747405102210695533
16263915491103422248457893355979259338276359550037753
9718506874933380437604656627039844104409592607956253
28426608951270408070537907807200114395047971806344671
15400704496968211819220534702896044729412522987500943
6617948717275603365399819453917901255734825620603219
37669077387531580781397260655187234838360291607326527
16971559955597921308875491816096119269802408163672441
3166660332941944692313307006133437940083355025523803
43946603749456237471342123024670733798227214639302117
13523579228625434621450626855444954462906404574244761
53328694873403490185324608080305877946013654524671137
44596823523753120983299261466087282432921176484239739
60802526644573793760514583278418571368186290271393153
15305828202465945220469340398678495069303311181157047
42023131376636992143830454262252894512384709011384281
59595060478378168263490599976366341901737010141941569
13331763833194810374750859073179664842426003446028151
26706870528174979929262992388338477360018911483071337
980824491499495724636362458688969552513462163216783
25281526399565990301959998250189834786415292516700227
35082950419582521030778847317149404572468437652394183
5987769443711632006146960406232755099724176840610531
10210317950529392842938517565645604133057006145893793
3174571114393927257953050285478892758990316990799807
25911145346856967094373133292903154228469855046249573
