13289
10481
15151
9353
19303
4769
86
699
583
12773
56977
5917
473
39
51529
8977
41567
214
14219
35611
8471
7387
4769
335
3097
1969
17441
1843
18527
122
14213
447
2231
1403
95
1219
141
3667
8471
3893
2773
14941
20737
2501
25351
899
13439
2603
346
22927
763
551
9617
8299
14579
3629
14213
62
7421
8611
445
9991
18881
4757
8131
3503
7303
314
29893
22879
973
15563
14351
4181
10123
14213
13747
10553
7367
226
31309
41707
3107
767
9991
13747
9389
4247
8977
5917
687
5311
481
17441
21971
4757
6031
34889
11663
20437
