5025159802498946705167517472370014475655347
11518075228022274525738296438308142994955093
2346208356843960246870538270999624919972651
15369681454567694241888665958719695187333459
2000746267539571869361117208848824569149399
5333218752750587807734158946601489639415431
4291211835845605938552043587030912885625253
1289399212692951565777872205274775854140529
1804696064152813885168242424233212315174389
10952039518045854579839242674821762554655971
3964535810504137907227186266737657732077841
4608633517599647741749031589691438712957237
2935408280031949042739658168050717148199511
1410124362601847971480349926575335609428897
2976258040451404789830392012912008886718583
208630435741927689340735973641832046420953
5020779781639268883916207842533459379531661
10226988775910284053930298230293713361609473
5776428732161416472546001602214203051074751
16800222297692091585942787645607834807393023
1962122165970061869927381458624714628833429
609819155158662113273473320280543447298813
13272085812135100022218712170717665757622641
1636595288117209396242554407255382825091719
704109566454859555944306421175861899431931
1442957322434943081432488994332401202024831
2008825013192136508613868308692794135209953
4257602445038313736107123388367504159785333
215168361622771894343878091432956587857903
10768582503347302475722691675328905554155359
91260183107075364891321140053922766027361
5715823191580711101610580183689465719602573
10097685151337701881319190487847776888369289
6822517805650796641981263619548650988690811
2002414996275485229855588124681029503939657
9378156095853035105661451857569657444698667
13846239633275156769244999487258718375935551
13506266365371962251123858089364003763496779
393737204786009510919012095749349692000699
15836552322684862269422317091763573391107661
11116510053814258851691196144857624995685739
18811506327987873692150321541610122116813
9483175874434960413388717308930877432566221
6663078125932298128930752053524310689294813
5749673810208735180735561187110220861612859
1097752164792257714589623923337117102522593
13890982930555725006051816432848857621041341
846122739913100416525712580303413258844577
2055862430460719849691487594017108687679813
1179699267345838396287587322484035345782671
1315129451515026732731734293669991537969621
5141415532912464765293283521626253947067821
2944123665248100808995677725267014035811823
4682082480845762404412137812599074171902689
802942022770445888695924054515130177830821
4192407397657017042404148207445349213823799
2019141452532913701079099162493381126111503
1616958891214461810498413876888668067001683
233657511242191960262243905358846555851481
1428450715280724744919459600267926417951449
701123278875132547701604841912743964600471
9508912111348700460849170014365152861731093
795345033664083190730487922846872689250731
1484570685391685804415794033004677077314331
9494909933295287719935448408720931733869939
13559263489169512930530908433242189806471267
5270411343316620269112806756036853435337613
1151808579559608644826442638161584276307209
5926075075476745442617890446816752798729789
806868988165815015136948032217757684285237
14374246250559551846004029208104949591292529
209248191813425413477698980176169576250209
960180060327325780602631411016014039021579
16753179093701027579831221007777956074961879
13598585999858528715433900078645713495077893
14766322098743368897107845253942562919719243
3829914572407923384729169388791939265769857
15130312574181093829434663918891031651552397
4989245173637476993021881381852568946792113
911445728038043101537649711492973942750983
959504829848751310602682235588576709662101
352551445170859210814952635451281580860567
6784412137971982907535981289733672429250143
8227586332979210546353262134852063962440393
12753891804914660548744263586426290643342973
4427545622030651204137353717115969925703397
4977267629215514916043352300842377051356347
2509384646101516461459686300422654769819951
2564970013973815011258170797117115221914551
138591309568698528480301221382264110372733
11748374027685528784439794754114618948114843
1601501111004611106247010889582605840334107
1027229570602031032711091762584607189630513
5332285718410017488331550870290963390409031
1570159930137587708449640568566923427320583
9914637077161656744384150193737302120509579
1983754881988184729464157498049260108737811
10730101440782842288638362872573392519799469
8479185440947601195530863679243387359128183
188713900526525252891609912705890291467881
