118975736403618873803976864555759831722112261558251
280339829090720860507109875614003108773980360913963
348727320813925351206637564766691713969891515149239
145501238011162926207420747659828895127486709853647
8944346874713366987798281503418133284274390913029
188307127931271086450556287736484742270817730908961
86416160497832782132405618982107910049127606561633
3956826287899632442272068000877714106508463581533
92117405437284332099782226991540021966248733969089
150895187544622044137697288817421021330403045135457
101927578530300630485804251642940893974613192318441
8948431650791447634929051291310709957614852837569
2058231717540974572478890865938518009191631410033
76700059759747870256391048367116851809518119015581
30304631304247077147838313602667334023380703809097
12673670066004884914093134903044084681109180152287
16857734536379651121700999796776419075228337120277
58339430543371642286058487573201263073054437012811
122714501446667552099603579207985155832541146469429
148262094901702011201586711400380390593440927354777
11404058735643739486894232870960557590867565002271
1364454173691931911964660958281957015691395055737
318893909093660528436805447886286717847154351703727
17194015546664037042272603713028670426083878579517
860207174738934762278080414954764776344708704311
1651840008276535479596234651312335427889286223587
91564123702257803898973080019570082777456075322743
70809594998464882340991733722249890756466226196869
58876099248387026018069038582869083830354866862237
28690030640375862627893336831967645182068218446369
78619568885503605866932600244683444214370753416713
1897877602130786452405023019779559324104724130839
70911667419225313223020982299798482715358163546943
38829669024754857449671017148206940647723676997029
105893670348474163882934894080366591954209849402557
1749632886429894407498845610126700738423309276029
174255573273462979299121532194353375965421742695751
97565003290059350705103728297760415377403037575027
111970321726866538326663129995184547996723368833801
163132539080300486587152456881945668312292238011461
117466794726836598770302396922660518766738800882799
79281901059006715645877348509200427740359427909113
272095809970627303717222453356982756632182032201469
25340157989459695773866873689762960363079946753809
270358778910754321851300685689988286260070268534697
69965642626986946202684480793758622071434945726427
78544961009944316352284376217964650887010750581307
91987986325723772238415352673160302472177149720271
61235995082920203559195505241029712209892763592117
26575544828271903015595313363748367447951626772693
283645707209792645549511276275218556166794163285643
10291354701126440760650693967888827907724761101837
93410784958482922020746969264936070047878494567757
33350711913583068323506494942899758273904482440821
90088283075020479730470188930704439978844620376163
178313427930924674612228715710753729425176489256817
105866491421969430188437836198112744202021174143289
25552556693489230893406894143134350890510855200627
67805283019652143273176571057057917251837057820577
126368028990460672919917497324379766980513307869661
114419388288522643773482107812947264812880179855921
179458989929187552021203774514169289268973766369797
66440851932222460888400418742673928000794887796393
76019066208829593475383043109663855045926874471347
117781547523291988059432502754957696507269950946817
319152596682653409608714398529144167501607116190611
204248981772250426989942263973943211113051432152347
191686527089216575447005568348822673469682728342617
237936755019943998032087584108362798178825525330651
42466929089382562504348170609818385141940947105667
61539766205789469475543140863785515944510457160483
56730546437467369369823530707845355566105151220399
110761097109800038682997823538924242701002997604007
9380883572739872591407116155123311311088816266287
273835360476411490267309245234188609610715054531939
45102570599104130194322554309620005123498193260623
60848820433402169500937143712309212843731332758993
146325099483821204219356137819325854456878520313639
25833814793814418056214749785123907859714463589359
33905149258392295236923200677533922431574797030897
179794963621863251891105266545196539123626815944163
73215274823627909881302572890013941811161186226321
1734243643312311630464455463033655302093517948407
120986055865602173203599469344241921712914764011951
144125542839487546752234497164127472702548835069907
184224579494276858914253868090668353061250928910471
144727417384640551850797758624196275390277785917077
188954900511864861797740583226467560864709006805349
68905438903700355669934587175883682425465076676253
83000765072442097285491201426870679728318081089947
194684909258048636063355669830273693225523722470511
78226020462149273124726978440145952951953488628497
50216007990509175711674788734554846275026854233457
16307065558181731872306360084064916218148425876457
231168179482739597534743921271284740862886659105321
8446694769734938886099993015704382875515157069913
4271449902272720054831566826015471980407034975553
69705643039425624792345268273056789242210962447489
316982918857461606495286700533823863448051027336411
8068795995271216030120254027325216845879388783547
