8324182851459707324052106089679
913013

12764736659943396339857293189123
11109727

12518473824571186077095868815363
15800431

19819824190862709651563541745291
2955047

15144423605044145450859466581589
1008587

7417064725401255642009873856669
4504933

14615314488496302067103374640959
70297

12666679826091857093547758390147
4781737

6346551119337295134819807738359
12281111

17158405466863535302536088636153
12220393

13758155267011205100414081890153
1058861

12760739746013385866987590488023
16397033

17704348594316977238500091640979
16765157

18565020672632969848167737873279
15172991

15125207212586073015472952212183
1652419

13380789198470245127579547035971
5633759

19536248934719069692892560506821
3020359

7105854104627805614573078981411
6891173

4644631493880437690809771762607
8179993

13743387098321002943757678150259
14752681

18979344276958041273436761097009
8717689

5518230070621432958341106925109
434593

4500961365091663900215004962359
13394159

2060679498003489850263909803287
3864473

14338077379520805847610608940827
8559269

18567364758739843409253339660539
13114069

15238951900723486731275036507173
11949659

10167723878379091628727079554977
687041

13871011775399368975932174907241
14791591

8184226704623034145602749152531
729919

10108979259041856663615406871327
2860973

9582610558390548447558522213919
7022339

8992844475953324700062429188313
14648581

12267119355969633040804735966841
4222591

13326236764651332492870136787827
536933

8331778462821924020285766145129
582983

13013256177443431028817685456181
8219879

2782616787263893429883130976651
4484773

11875973627040388769848298657279
9667193

13248839312936806314703717900859
5716363

10870287298067850429917697980099
12920269

8988480652676513611679758290529
3107903

9144286661811164546922068903837
3480271

12484142934815350310852849582747
10136249

68010302639258166919280390389
16395679

14084223256406682715697832224213
14745383

5690917664946342107950847240011
3242209

2791202017270126933913173378223
7316893

1873425687242011013019607264231
1404107

11336881335412584552707645031419
8271647

6406171254053410219150009493753
11943313

6449388071018177970247657913873
7363439

4731054006728141735114524352863
12699209

11216565937457075698778133814493
3646931

19567109817499603417103670720503
8964223

19275637833868166450843433883009
5024893

3590590386876843732980073906383
11878651

12102965507466140358488938886743
6391799

2668818078546600587001669347417
10211491

18016822502638715440982719630379
225037

5194953695320037572339540251437
60607

6639656733737717654340073860881
1472209

3312341536768694396824634102861
13078231

15961658957164496779229707719631
15615011

5041250189559500103719065510477
7793281

2358863021863677629360696725031
11619541

9496525972404467793689564371129
4127791

15293862888828439854026903768357
16568891

9793372459210119020416059569059
6585373

5601361267182214109218127169631
4945537

4203813801417647218273929163787
3747707

12758452772947318632053460490871
7805821

8681729514366384421104506980981
10758707

18018144525783308463382305245021
11387287

9705998048512025501542850201179
3696643

16256776483085511718859897767231
15112759

9068665911228678174487970035789
45553

14631704682019166511311276779853
8542537

11129460573225077166552479396431
12302813

16228190606577553396680635315083
1924501

1438357788844133128515680580151
15631169

18761984371156346045921217787003
2273603

6894634215101243223388491763409
9380953

11104716627383259393548515780717
16223903

12697172512301801912046034750733
3801953

11887439396992747536624561683771
8881819

11475076698447328160382531263231
6716221

5697011374763526340426721181461
11230673

14351938517693869776141542882873
1311623

2685279478017295048011529016279
16598741

18412675315853466411727732836941
10562897

1863205537215467776508385473143
3992519

14752339444621478125877862979109
11922193

13508809375125893775100650159701
10463743

3389198390674709343654256630417
5961707

8955059294936022701984002710103
11947081

12701116624132563519858232729019
15089917

2660558510596823142735107366123
4523747

542791005644370426913904873713
3974071

7258083748563050532225201432233
2506073

