914765690693
109

449632593941
239

585965532863
61

1013300779
103

311900312209
29

273680788163
163

785767249637
29

375221509073
233

488376408749
227

143672602561
11

251757869963
109

1041973507759
137

145257243589
239

208318584577
31

547989212941
151

277524221603
37

762341969009
53

404725564279
149

600744212567
173

452597695261
109

782170942283
233

1086272003231
191

43582100047
7

61741568243
71

694831357543
31

952092832573
73

916340505161
167

42537757919
59

293847517577
29

803160797671
2

203287051403
181

996927159733
179

666421929137
23

946757540213
179

336903065771
227

737756045513
37

787964639557
107

467358534667
163

359639707813
227

913505321903
239

1075699866193
139

940181993279
59

324620733859
59

746248750337
2

232545521843
43

546458566007
251

283032266323
97

274441175329
61

1063332264089
7

565920033641
89

721895957467
97

332409278909
137

148923126557
83

31666943909
227

954219958183
61

10520839669
179

858071612297
167

642969521387
227

373563911803
113

156708169063
11

173421079189
13

192278223113
19

149843947879
109

708764603731
5

1091207283521
149

532130597143
241

35951178883
37

697887523393
239

553364217521
211

1076460779657
239

369157755907
223

312264387997
173

1024562397011
47

168446772617
197

525540304753
43

1087861471
19

1096930353221
191

997250870887
19

833553640393
2

355175786737
3

596412722473
61

651305665993
109

676342758649
71

183069068447
89

740724962287
197

930115968701
23

1053739344887
47

161672986843
113

46919808127
197

766077598733
139

123821864591
53

438562791829
179

809057379451
61

377184188393
101

297910240601
181

51798157571
223

773833025227
11

744739142321
11

462177870353
2

677345499569
167

