27412405699880180196683
9687007787792567064353
28420919922269033640847
4691178436353001156087
9920003887287407451667
41984847670095021058501
421068830111965505947
47492824723159785987733
23571972453859350621521
1181314318309931487967
20186632403074634002579
17422708521265187257549
9649103417863721617777
32947281363800995440427
1416898342991273676551
5986551127440036615653
1286462574827442935753
27213981912801990461131
32222695811360899987733
2186779224671184559049
14473280017488374802991
32747620730063484136523
7861515764080247132287
1369364336568692439463
36723088956759676559813
29762799237326995963897
767728165463726089979
1253379152542242873799
7051361726204704312451
5632869552042513976567
40887544955856467470871
27872351706995199403511
32136539218844829350801
8622084691316532992693
47356250772118818259783
13227469327420789111889
6527063572356769345237
45674328940840324340879
15292490426181873335747
13488719092569762683129
7083943797024823879679
21670145514820319286247
69282386550162953450761
38749494981844157388433
8637549143649359697083
20470571711000850268579
231020566450445616197
4646208431574898005589
17237787120518855328091
24384564286656241112201
19763646123469395130651
57046307738099634629159
12462578884880445730229
28292807734408913073503
2182079720454245656523
1494190043134924045543
42668061127727724910681
52409306364514014269117
35190725806299436300597
6834949230534871515947
1823746385651602317013
10919797089797216601677
19291159517645067880823
60392255110990887319747
43456132790223832264867
9124590098005074341069
3111788580700668636373
30410086170241210169449
2983255051828896809039
42597844309087398627473
18493622722175704157771
13582029200020466822009
14334087766053775885391
200364122084497021223
23855470749186094958777
31409748028272673812397
19339140112696203130159
9112020390230165857663
70691650731980786337497
15531294502096068479629
26685805982023770621563
9001767387443381243333
3657044832783364787423
329417288761487330401
11080538000674898848343
15941932847533714631371
43357726698781934504033
72668592512412569978521
28808075401135241781907
37729122980896631815589
39461412051948035832337
26245568459505501836507
1162476984689457694627
30426354081707807088779
20121076786088831925731
9383436107605854697807
16644370158777113314697
16498149808803914883473
7303079605262133710327
12417878146902787775899
