829344830875392610407854663699974257027640309
215754553611553526765529526054170115137678681043
342988630223531261544426447474230859044731187597
23198699406454380098750115175692205884998473283
134643340459239183983752307802856203227536077787
297321697323760439425157604699289250301785245279
60363458852932905647550564138991177017439070729
794227368835640861408055851642075767664745630593
239429672309388221050435547236155704687382719317
101321490356190748478637079651037917473856722409
39363027677159015323985362471481433396765929693
335525004440040766880689082438646206477934923981
195966899066800123772528398676972900100369689753
315853659042004933338434236029673868416473370969
16254180738191442412886981239869093211130101261
1146265050088443112004654799011523604388373415609
82864299182886447499916763775021945718807118191
445673043539992882520662543522914490115584757669
145724821627597406755843480612517875292752250849
200589419688261963914417708868168015803565328811
2605843069892288514828459864691383383943292667
692943632526979343192366840162628276790393932433
71966178348421651695552073860636981866355733807
1197896683471937516712370127280829050923080434037
824661763172212070453628285710025322333561223821
14373318727687860952902999707994921265873571351
614149731843550680593251995641891048661297678337
286648747235613798907049570228199375842639022517
381809446669067633988261059729781186591617240603
836074476278863135016251042049501691615276481793
1194484945141942886109876757204478865411209777993
313065511492557683062470906893190562901146204549
55816728082414388640687193428540065122356865309
210902027631287821758874487873759804872325401999
313748559576807716538618522748276157026719237359
821589446907495931900379916712765840151609174567
278899161892351162874543241883533208603570053691
837986208385702263294971589645127446878581936627
87652597486661588756546934351818789251474476059
588189836610268775993340070816813175278940956981
4249190292956740188070038104104364932469663273
144056146722255316105183060597933707445087329487
9818227655564004450210010528901487220812206183
197937511624643404827078146469484044895889331131
107147509485175445850734869109056308122348322893
353212710048581002098592052400691868075718824209
378942322628474513466177917019264402937519248277
126491316742847338587803934245389774582238984971
832114309791623779171330496536866480631126030859
204312885810849492559334187409111258823402391403
121982584164603215125908770837124452777014630849
618739375319540075306009634599233714563663660557
103837746491588452627474667649353250536534373773
763841155011543071551509367343120185180928609623
665451226340269222111305340655127505401012252361
651012510336554231709129101996034730789620884017
409598845291019190325263072619921705037421348167
1129138492311252879008041339018125608602943862841
189587708071296695348152257906745394318586691543
298129886323884293286501139903037081797485771287
477884719120525935219533554136990875302305602447
130922478947384424706448750600790195092356531157
801387748527249085109619896995238653893473090267
290096438552062356816369668853191960790606591293
467471408697261467864910257524527418375493787173
516597742179201429324737451822110738444660997289
139034989814971430539619492506851573535575379813
94221432733437916297347690839387225716738739021
318262344557558463979708995007555484698377525131
123596739609014067627242989523533710093960278153
400191999288231515017697493096952797769098318763
929171085310316644886171099961403749887832750163
186945030248766700368188048911205067514774957373
95457873273404178127251087424253259264703042873
290930096127977819304411456892835958320772807277
524960115692270188701650078812550779807972967747
140736003632514674514485665830585854700110275691
94148994416382104222917867787538424867004431211
719148928771109659885632483572369916770727087319
83186914130905565908353066206696315365292620861
432410474068816798547215819689262196778220738001
198559207661626317869337248541875481173926376501
819796302742716657931139325049272983881240204381
46098358290693531532372469731791980211732843367
185189850727025241970545660741872165803794489109
48547033133921809414187259071156159841186721613
199042739542402594549749246814719194136028148239
497415787736464609670140092289163789269208407181
94851118913259340611856319749308337196001928901
205622013671997828061990890973879419249925911461
121567028330897684027844588137094955405454993189
202424701650790031049259889866182199247971556963
14100010268477667707905909449338379126515112779
149194568392408801348922271893158058029798608583
894536970249297599704487785239878559669795810241
1056837613668788016621693209094444825859010211757
312162253454120494823614615854500571205273954247
1157940573452658355825764109668629870534482105399
477354605735634433730129209840942991985987540127
856476899624231861964401315374214138322345450673
