1214994294826766315953529421952973309
35912849623304552916902948729

822648925641324162629823663857386771
37036653063171061209255626729

828518809652844804974222259901262657
3004843619996767414474854209

835894531564002079329525098238963859
31776030108352567521007504949

83654966794326675571809272353446397
12506254567590671053379306627

1173749743504686849918221014714098719
52752544638208542473159808377

153021342855720878923407516024197489
8301721449799292997876893293

1005605575038638374742706113189200189
42386956416673726746208033499

962116366040258611409067759415890607
78739594933371715047166418449

63040837588356159849427650770089897
17298165574562794928540723207

234599698916387641180565687831272163
42310143765648061498588437719

208670341847126206791015602769367031
63887878824767009976007765321

1175177884085960397692283143960488883
53710983844301773246178099407

838917282159199056476138751065164411
61603496187630899703580045061

1184919840269781116840728663930410137
26460012298855817727975653797

29763683780876551968446042143501289
25308246664968801024251416499

328792417197941388135873075198107923
48637191018119083850511613577

654007715563935406089732628933179679
47504648951850068406948966739

317531670041083203081561713177802643
74383252905604743298615967437

10842523895061410099797973697733
41041106336245384912970397163

385248815389754037090055488761825513
58873383056898720424889080993

1200755868131502220520296923471116909
2661785763469718434619896213

548721510520341792801842449664822789
75748992354628294273753978031

233345281013036361651243818561275247
50332265608556280567230884007

777916782093286230201249340642197553
66744070721983604220960437869

726236890597545291446443341888941731
55274105007902981126894241601

820413628672121486334925725533848009
23204027035509978429309822659

1094015946313496544076425779697908041
71861818983966488834001649621

160457306930227411041320917345690889
19681180439662342201806718867

927080829970274444595527048643520031
43630601515030178494498252361

726819312505578164762712286929306389
34295906713409197275132086741

1087920608411043041688059048259959333
12843837102901408465954671457

1300746630669547977597191762901983461
769441908507898029467223911

819223597040395717515431985710943841
77901713752508928708264327647

1006169602921445067482351446792582643
17841023020555172454854779363

742151986669472431700568353660688667
24724328603042989684837321091

834852456651185401490607715487461751
1871058580471954509141573479

101653827307868724443235861203808217
2120845412255740261058294461

725516997217472239803035016120707489
64918564929842976716472400961

1185808099853779273367045916831824521
56218739561810164518295442351

1240854571496940672133522348138947829
68072554198038431375754513127

606603010589897383492883297145030409
55279776834202444768704217111

398234691810121744727377392259489963
50609399074046268673838367899

574742906690895796485438318012242123
30042489629193294576299604421

262770584985659722531353043688180557
77637070881801880949274523039

656101212739944124657190467490005843
56937352775638871336659461259

1273488123028851987487885552258101931
47960581085144810976492372379

724348071117465072757069692685723291
20148995402769665220275645251

382934355379407808663071143025442379
49001173964780402058209162909

172619720552029188298206606096288223
30080352843701496438769521203

1144139961981033971673244408561345193
67774573829387636490026427847

71684759538456555931285214407531511
17665651511531168586999909419

1248130072914032004316976077607604517
3690821359617987795405542993

178178220552653103488792464904713717
40754854837136224529266422073

1164590929015119976048072109530610711
61916454820420965912401462833

333690436607419195928146308068772343
68786079566259473973484844491

181602297528037662451197729840584249
72902816794719458308479265153

12710094353412337125855530730535867
34904732163884402256332363549

946705725454872567967844480889446629
65109603435269313605667335281

1190005284183283429689214238369212631
29281565678228365547015692177

283865050609340337906369913590125269
28743937062154017827552513831

1031597506962365505319229139544428037
48812705362598884746069828401

447817567382853738761154078744558851
34953628746607712901898422091

477023184834095928726027739044648499
51699650843874345721455311149

613456934047603524803414582638012021
71776502186061298543882509161

1239537433487693102869341698299099897
73551512342759426618099898409

876002593484234538195388262900644207
64924646926752995793739716503

931659542797827326161097913411009601
78537662630617098522943345447

589330069231481923065846854404764811
36698341695357082884766710823

270158661541312050395091451495324657
61987272475381343864935603069

1203843515075143698126191054209550411
52511274372710777121195705583

1215971546418849893665686564893753909
20830665291614008914481297973

1052869624796610888381824785540396279
77710852883575703725171408979

1303352270111590747437402493603326943
27824940141226604840884151717

344950895044689233611917015816906811
15215540077707814302366583667

421251928802911200050599086462749197
34694468369218570639412469887

344455981805615249492632412341716523
11095151538777219565633428869

542960103942967900813832967935067907
48349859586204967705174969211

1081723615034589122259159463831792261
12524452887051957965911817713

836232279922716633098491872196655831
77457874995309931803838004417

139418263709345674759744674356958871
73580647477745092135499714857

786167412670345673465512204620858217
36176402780122958680426410431

1191206790926845440252189534357578813
11944535296101007680611222191

1298205514716396416680149794197787831
67090296781103943051380571811

1198684634965854252681315993812652683
25347120628257847194162443369

812138321885359472258841531318250399
42194784665083802863241088793

931720586394774990568788743626163593
8425048049950658770740615367

635453152921885870553016565205151559
9895158856816255517060205901

811378013033658066684263530806360181
38526867749886045227742241499

594027870555436905572554282576971319
38382840660308020063216445167

714796529692099984475139845143221863
42775146974815401182744203721

695870183941386716154249425626907597
49083855469076278822602826939

1139714242036607323627441805596696657
37192536666561544559751461797

1227723679121666490570902646531904669
59489637345574129886992518149

1169856041030425462399944526683418771
12368522568410735969212527877

396848004061870725898257149173693991
4512252581729401678253955551

1241577091878852477007452903730051127
62422259366407188034975569281

649437473968968426448423638934411741
43178456138819565003666746491

440445516918571267031483994763215343
56120423995602135788155111879

501720192342612860159348899544777647
41861281016111312038080829277

