67554751297339
4236751375449193
222978577585894441
9461565018772721
335137371902138683
140295906122116793
203457770858375911
70095340936153997
17797887417462323
92561503771378003
62949778806926371
952481560553363807
395648230114784089
16450617222709531
480583432837307201
568492293388334009
86424922218685147
87057656370796073
221641395827918863
25506929556423317
461388986507406829
503380181766541531
25774046769182741
11561338265450713
750824772737523899
461449328800721693
46432238034616169
2247234883897537
249868378481447227
63776254173793247
128018567619275611
608350447195108201
405827161319797333
86738525453380789
23551927425036529
60835257075181483
264454912482092639
8867965760858539
6930953382963343
20130452164113623
5657341491333019
4388397056204981
367483206431948393
102245373730669709
619031761394467703
14562509068836779
37808971301298011
451904373685148077
74163233450357089
95980097113881007
607642098987900539
38562686186949007
153069691122100609
1186147695107047
273480672570026069
62466973263309697
11987566645898317
100132792636089133
81407422305099383
109371865055836199
510151378248013903
268883566695009529
8729405784456067
309176190488310407
18882969321513901
340349150001795761
50479966001376797
319783920941764193
136571887854531551
263226694821377437
73644271305695579
83413173685443263
142352618868902347
41646902765801821
235740691351121903
83777737031321791
850294303955144591
551521738508549
440765583590087731
551367957224068051
605980601076084959
697278083868788887
33366998931733487
85256620760200217
401127453665783569
250659796465531199
117078593360932387
256737404933485181
105982007520031207
118979444117600771
300694243332235943
178489159417790329
205577360819055487
17281259661221729
272700500958811537
406536276532859
15698484675337201
237855238593475051
729690088925156641
180038917534492403
