13692858777759909436860031505494761449
38953689602911696010380187645069891203
83687534764897604011677850161632981473
7934086423153954168656759881923178987
98996077489143931926115699575963461239
12934045926028636606428866055256848697
83398673809264080642004141105731720263
129264302497136660990714821602697886953
149198607244597674044923425379415547991
201675355850078147924780264260410983081
94490635851299999257712211917989584571
1310416822906100696180269350485324507
23141040358008127989056675306403182359
92671176815528801806452507615445615633
13435040611762757464486846377911684659
125683377069195166876948011609353004247
4667519624954442212943991919432005463
49162112479839234131430755730929221427
78504699080664852432182135989671609211
98443004979750217618481379383992996981
47702673201779049246047349094907273351
7608365940749415913209666095110161947
11531287742673141093499426972968288991
18565813222577364193969904743711608757
184474910765167482700446194115549346853
63227194468783422244879286000962219531
126926729931925167711510567275491235519
50909842573605636607800594685648321621
14658076580462300778269333878494838723
35781687717681273226873302761826006673
95157337338911509484495071406324933431
56829415657764905241886468147130714539
14225175945909886001301463618229842457
1798984225842987901065927413099016197
210736648953569823224633920174539689819
13829934320341980328563712832783237407
225250357870106786000699724414285321907
234336219626385769568342222038512842093
204270461154270028783688452924705828627
246742133880168358310206679752962027799
68757204221712977512664049144726990919
277455894747508007866539314947152712421
168828837762218617987839148468106104481
11445440338346087385818581830239619307
8132424832836056133998133341217453169
5047029753270566542940343775079180879
54650030796771257004252753556223718103
9689088675517042398963880961017750019
281668577369580794673786262599742289311
24625421954974104610101771540985240481
10399748913833188570952425901398033211
74246921089858509413851554512023995817
268649547627827647837969274850108368939
43193054259440547714545891531326869041
226685714344815520650691237862957914429
17313497762826363608157660233445089161
7484218262541508215015670966098580957
141118556216092346651755057582781089369
17192146552595580675842560965125676607
51120251235155205065151771411363063787
51006695490422439250584238259169503129
107598266694718930153093818852161180927
61801057290800841714311208281229536743
197548225834097761504046566002685875199
102439151840105737917644652481612760873
2311947850614887208537157614616056589
615168810081576953311188526012948523
65855092656836407352178585797595998153
852381292368055705322616792489956147
83406537491365356205880701639639002421
125588658237935321231949402881938136639
1039446468374770559299929292597126457
3403154560303386144479487870870555527
191058411478832315521965574352274079607
83088307422780058625256020360318209297
1775585347238623402842226823709525709
2883983869059780754307703193078320763
79247335325198914578654419084204754419
74404170891407582879443914725061561431
53893490608569974723248697560500941623
971015118375658937729525222377362559
222238428471303361448104716088732953313
113492427245855101810938522239741774011
99396988981231792961302330558621253951
216638251891641199612185477824253643367
167657940805095148167336383900890863877
111001511065225917192246567363473754791
13377950801613838744042618944195846283
207075812479113031589218834956928185377
151680311264170051582784729105156143189
147616470252464532152623997579722814281
29065621741220697425342061841162398239
176627560267045114382942701192443256457
79985279014159642724012354520715138031
113548488316653783647746650066013272001
93576610480576134589169258440075737539
73900937857242742608362497259540874997
214277936381598376206771345234775840873
13633646044223949523384439749548198011
51755645342277027069282170105914976111
