1269869309018691653
11359272605618773247
259349889157398847
341760251973435917
591134805081157081
4745836683261293677
4730962315345666943
535755468719104567
4721016593039868581
2991109521002384797
6415853866744139773
19035118623955583
7083608520019629599
2823664537255501591
4441012373421170711
4092825703481373407
372149829599570887
11988257262412587721
3614337378153200147
2475480923887186489
9865907851416640721
124956552664222039
9549485270826679639
7344995795812131013
6255803454343568441
387830758822054909
8390869912595591489
1944723595896179173
1342398344622613543
173327409259231807
10271793359993832593
7920701349262345907
5963726516548180489
6385934163525028291
8275809915785033177
923194646981666621
485935903521399239
6955219454837387441
12538169993486516633
180140720399461607
408134791251241711
1015882252736378233
2381043145823397053
167910472990203193
533305481015043931
7058872002709037887
1064847585511623283
2466493900433807249
3950151613978278223
1633154458385019247
5794901326643572417
4310875812818735093
9552255064862852203
4961177224389035137
668882372701190863
3637883750033620177
1987735223895504689
3274127759736455987
3015488674918391473
6544747342130980453
1322050654717014413
10768403987186398669
3766764095206458389
4434245375404311001
3617633713125603967
279246320462077027
4160416780145206033
2669858938485276997
958049113065395243
143530431121076059
745208998326318479
10195421829595526989
1896242680716487997
7721159736789968197
6874267529483279911
325364692388941687
1426873366487637869
706193851232310347
11049024021665620691
3013296799027585453
4794777361496906437
4993839798621379471
3455589809857790531
1650631183897223543
4548513876900780077
5401636729279862941
2408560411120037533
6595669921116238829
5240061262275426893
1070325696485303807
1652023090752008329
3019476563434771723
192755510983142941
289067037647151851
6815613829489771459
9059905411374575531
700978805941191629
2386908805677589667
2760749672086517887
1239623836763619829
