137725434389902925810420628393465211
26665384673092879481901615619800569
4830458879851827301608803809052443
67548897559736591633816094296101151
154168017272097083793581442582763891
119262266253365658103825419862013789
96887856402442935625871643982188707
335916452933219235548091046210249769
99126936237475729500977406510443789
138456534031662048584856203870623267
3363092894876771474175457155931201
89109093155751475133023972715319497
12126936405558974178632447339520953
292375800500919992990164965441331619
5881125665764749274625826491245573
141957030421920249990003241119807479
384151939764998135238080780857562537
176148973415222254344035268808659277
437535414874459641503306034943489201
235544038724919298080104940597542621
108657171967221029035140489587747419
1028427678400196538182317288847524333
216900680446080398004604344480120691
998110766861578843923565643389749791
277862146790471965730976551368331
824162711419584629857175782495440193
157597082382725574388590133137677
651479421017752050089116686640927171
8129397799402503623612678198249429
756914935661351339478944622024534301
315974698939631895569741623552430743
871922713851911807875753026185136121
68680756633733601687106429170421819
36786143920710632546863015564446977
102628455758325941110508474463239327
268411054319080773292776423191006587
1042531348683887274717619226815468459
1185981135149369013735995092808247647
705811047520755806466952006448908531
144674742690540350330592236599688051
670042356955486583551418802084792863
132684419338744034074151266395724529
535096421789048847844446646048395659
9888991253233650331176290510831407
110671307558710890324983958408543601
383456285747054613302124197005932959
244964648224568005652809060934156269
768491967926195851139161238604078497
236295851020408820822742312845397247
652288648361929012630977792550422209
98649496509816286129676868870724151
226245444651800203596407261031765601
625525270505049746852004668904895879
922360640073196237491623017593303973
71817907622267733441555457585984691
68925904711585839191004655804435861
387655822337892210223649593439894449
154458218500073500986736400723260159
686988756398938645677500880171285989
359717454113811809986852495494583217
171211889440284238651276702170817901
1058512436370198229782719222269075667
893716693463231628712279202316059317
178255060680713336555071109173548257
550699155173448622603607604010467713
611223605162701498515674472065705611
1146097952118699980861367436138724719
366596971253461115434582503022569979
125394952823566138858340414861957449
957547633253398583633302713755970493
792071514435905250529303816239511799
462050070350266716175565060025182353
653204853792134458606829187785053451
36300892176484218581738303354868409
276873934372986014079393382180600591
444308148826425231735960159803523883
921191472383118510932205550976467549
292184952695732604889546961235931409
778631487730524853308767426552593663
1029079884567289367871072887486657683
495334152722658214904244721093330919
90657266961830099485293119835193339
51946861806970494193988365785832711
206680498565502116370766725969716711
398676330097808953156691139456835393
966957989119996307739217170666730243
310092262808124403029306273385550921
235893377027902628530927121301737267
10759882216910164560301738725845197
40340275550677785972120218452141933
443679531289772036233984375848510949
675644271799649710898711613372857381
1066873534100747868882850039605480671
196729552473713108062970511301044737
14219384605955431164287321827708823
1027323372452497933646105907758404579
708553194383485128318561520372386391
125762596002719502736677350822369953
504782065084782829861237267505347223
320461807095081181418364671947183331
