568866899075013851185219
574268104541

941743126535843142422563
129458354023

663546918678072310410563
1035679454387

72070339642618746353737
833752529213

1048693963377592241405231
97033613561

31559873205077369060969
177610449053

522277616842199961068773
534361968571

781335145989949448189861
957915778961

393303822111885035050507
457417869343

129826869480110038766969
684819221369

702558272609712511969549
842487538817

194563814940002332825433
658512757087

373102347566374454362777
1079740600241

55909040344548458054549
694156469807

761719577400230384548399
793385586101

33423038720247008189101
701637754033

752064224642804986324187
218105074601

1122935099503404268509569
166747395211

470460231741172580611337
171283588529

824240681789781677464397
533335279189

679988632020534891271961
469986958607

977143226598303021921493
182259376517

200327488707543795877361
922951748419

1138902118743745286831413
548435564147

53494967021021414146813
559879479743

951156314403924987858191
1046410606097

857572913817370007377279
977906923633

1179596045840605814132527
954941567071

351239291507366778248387
772004149789

417789635618763181806073
487977040897

280026944537459989149347
612993897863

2305228555267677895231
361635782149

901596747646999672418413
787185800711

1039441956169201075038827
1078552733459

1055505131893011784477921
261516429527

653871048158582582610179
598157721107

893503418072855605551661
416375717647

923502346334443813338589
832991060287

1076427123216935310186911
452384759509

1175296411635354568984349
391468131343

425910092094098190561679
346446503761

859733016068072015445803
160965134623

207860433552181482255553
937772637331

339864557882650497774653
79446453323

509146416120957147225799
1011840793031

530976037748867215931831
746853739519

1094852387070440824904389
1071683683921

1015677867037062635326069
786256428623

140112698530762977944963
93931791493

1013064428291382085748653
224369865847

1171612560718232299671443
869202745381

825660937048521690443893
114632920499

181729855160113520001527
1074820576891

127341559469847165769379
744341181361

1021322034832372405440613
239908098433

1123157035483837629946133
837504967583

248888724604794113525141
19233512743

156635855385966868826357
739394526109

513560250116524310719121
697451260069

593896385825007309227203
687031907851

122745409278215385893983
902030881559

438044998912547445285233
645946408339

627345020603828008401163
750314180221

185930727013445887822397
665963988479

1134471910271525475234401
78636678499

883595987280667529629723
873108156847

746016997979033481471431
133968131299

962317976038254944936627
125531815249

223467313337179581923087
773669096419

109193905879983589302263
460080916303

1121805946210688158231477
763805807927

1064160632721932856250991
276624661979

314607499996513742420771
64161140591

865821000320884828345691
985047714433

710078983367857717129361
264973435093

764989011905175702824701
348554980729

703864506970439173431931
277859539051

852780965417706230892089
738187824713

929138549781236083816519
957673881611

230504969608384193285599
264061515191

436856344297196396116723
955371945557

654755009603009799982871
182749791043

640129659664910153564929
256803239573

6181549840593780627479
410644573037

411726934579631967484681
772669775303

1033292762036293668367063
307435936321

992553360717789414253933
864479310677

212867740625734133121023
717419300173

282040486804680425693063
528397878263

1055186499837179361830693
790523041393

983963894243987159040913
726857995421

1061260499258754037638179
658679975903

402803680450529524899647
633500857211

582245444688666906248363
765810488089

1049490908749315082151181
409468286947

929662046818998526832509
334941798871

78486477748953704204233
747094416577

1003269758923795195407163
536748564817

957657683228611089950779
343091461079

544502708211705488630069
833401484899

