291377488463
170498197

887039565827
132681683

702462050099
126953647

146809357421
37882967

178613441089
78550529

927862490939
116547779

8391945041
198420637

381332512751
155343847

795105076063
66565549

451846718027
94491499

884067449537
198210637

1033764940337
102741131

239614572707
209995939

527665598917
82701637

304958475733
124319627

28261849501
104219327

747032556643
220167929

754086662939
205329221

102984239387
45708253

129296921107
149431967

440383145777
9085829

41891277977
158660143

1032304086103
55653181

478549225579
46403879

137427123791
113141221

458401781011
226478881

223269918163
63629389

10320382147
86414903

623606773901
140341441

452309817329
25837499

727894332461
160774709

405589823651
60326797

273310981
106663993

857313905131
165046463

498246138581
108414359

872554983089
171536789

1037462144639
209888929

217300714177
187068071

572210087671
127192529

183351751229
192740791

63401264119
261081143

751497429707
3425603

64231597943
31231273

935337469897
146171771

268782134941
223200371

901389170897
194894563

910044745163
139274029

696908499239
142956169

613116459701
66872879

286822042817
88021057

976256134387
153147557

57938720899
249767957

360903952333
258875641

170606940373
1315453

485740919731
69922667

562091373677
144729097

165297381269
39039557

780609870767
3065617

315095313737
135851693

629132765267
141406319

947074425359
212604901

842022704353
134492377

701747657701
252634373

694701847661
81484967

1097292466397
186009209

1010801021413
153426821

429045671209
165360469

507633647489
51290693

712928431529
164272133

479771330513
12963967

410414182613
41372189

840527737433
22915621

745509635593
131363629

1006217539721
49915339

889502792023
105901099

153388715419
188425009

236934802201
244841669

872106572507
42679783

15068429963
33240227

130976858213
187555751

424439121971
25257853

877336014817
31543481

320223875303
225964279

447884272391
58210847

705534180413
171883847

424204777279
266862751

1006141870949
213524783

62939359621
216799603

787840290841
133641863

390413299567
215566399

669928708171
115667261

720263168389
33060191

538550860073
31424539

881634711799
121473577

243096135523
46666691

157768243613
69920237

739826046007
220110227

171331259089
247169711

474698919847
163147337

981129757009
235575037

