1197783144481026502347775955753899751
53804018973309739

1004068760732661376490733366000542173
8153804866059049

130621119559550244461735371600950983
20445708157924943

930335650059452106728663739844426157
29078878755619951

518752057953007847633553934633670969
16166624296746379

1281959502034043313922552614453760699
67340397012347743

1182027430444206484716439896807024617
13635173900208857

199502469059581197518248291805305847
49596524547629443

1173352974375841841987149044312039581
27479309364742999

229638727770579235543378136100590239
17932531526534323

1256483341391819348233909225013357081
11903466055606973

247147167006984283836011085200484743
66755883402774581

496004094398567025281390791512262097
16793545008722429

365405180048071170272687533477025291
69858334736394811

782767373179760987566883140035481807
64721958285759221

607489847330184535840644959833968499
43183175003884807

685700853133061174760981896836037059
62290720963112581

789633063876564544782597620962421423
48328193910178373

441549707188022011681911505932308071
18380917546327211

1047656459854100495013677799863361643
52439119814037601

1328623849878571230563439994229404213
70095122718886721

391088704347367920607712446589153533
957313379995529

71291185446090635444392646641975723
15853131157225849

301251912587133719800576541228436653
15426216449713997

74749898723180704783753678089898741
8523920222817029

1288958607273234066038131070174922893
50440909934335313

241727207020854170297846091392450497
46703706980481977

640291113585500264250333727180632683
15119795622684023

1138313800892700427185828250132536871
35127876071868161

645465660545940862973696356030379671
38639817751818271

283163266284919972785186211246353677
71987998086039911

1191218920878458190477809031118238107
56300049013173551

1314128506867360508224083504748763519
44258703710000317

624093622071478360942558123474388483
33268222891171951

483391647952953265438361225440107737
20577408095179499

514719334235486645824472113573606601
43252014436608203

964596447417781703518479495682527301
51460659257665247

629940189725061886696316043423231317
17034357693392873

768733791599189189604494301137414683
21015802199492041

838409893344624216140272964822142223
26332548829192357

326078400488057791806189583567391561
16443927748873199

1305011379835255145185351502703186337
9653069750878049

722611372507828127313999800180663969
37949273413740841

855758619031656491534131242486954551
2210569397636527

1091887846146915167193331564417972601
16247631309288919

997996613708887390436280012406909747
51046207769079077

971843420735122294058224396112148463
26964526617753083

841598497731736149013808940197459399
2159357244814349

560525456139867224057732322098807137
17390068852362413

156481024372713113924719604456882717
46983264129745309

856891271381603528563594866000163283
47019544275938489

71173027371074382475654630931126947
59566506536858437

481268952257230189448612300239579601
67429387551676301

1306079323514675822319746892849024961
60805265855753747

115652248898923512435614976943559557
26926919728101167

18722734645718768525084503361202451
61217463987233209

660467637884809917511401933184651691
12122038887401951

686810952022756845817585391666230679
3803231853017371

499482387347248713865646594828343841
24068806570344373

538837865167115570784792763810235249
49455021835902497

651435568441402869376572626534687047
1557211106446049

948264684482173612763047753591212251
47284431447095951

720776705312838581680979570491586437
52047386489089477

312878834249365011613629599835558953
68151089299560409

463450713726286350799315811230233887
68875838210916547

835376547380564912764876016374550977
48608645694638443

1011790767718712715965903612629932301
67333431431546941

919131454822156599040053625497019343
7838535468943087

1185684754824032738830458919429524707
28487867412720413

1287225797389412920006776860636770109
20651202924952813

1251517906894276632619828302494986963
40640454910150289

109444960696817156659701957058223527
56924014083827623

257292486535776513470323009510697227
47792685755915129

419090279233054187264281555654692647
50602106793445811

869733253001046991279836016597946587
14108091027070519

1239826207615577271513390594190396801
51551866191749939

1169655433531182402315228670083773297
70619643818521481

171836441909728892019360966985930597
16478323663305239

156111445962521280476463496587779153
36587692046454359

278176803144424291873847310512357131
52375773194116709

805049193188361172155750477965919509
67733944442902189

1139941651874147110551673174084055957
20010770513734031

411987651556077627045258927635649527
11744711972560471

1236168843422869052790895350837705353
6312876862020601

1226895356996137366487863376719585129
40314437516379181

199555350784192849257512040430957939
60250783603846373

1056636367537670704007665771511507147
24439317458745149

513478507555190152474624434628270069
71718003124324061

467077066840928196975761049358487071
51348823810318591

734259650843540659997059095093479591
62232881516889563

1110439439434973447210490987205106597
60813371509956083

776957759114814077441813109328130533
15195479384256313

796700875906542446230228096662015377
60242338498929043

30255202207280870651509555694622077
16182771803208653

1135492092822741266902418481365046203
59000719945246423

753644379578216422133358368844359747
21825750422771221

881467921915412663031459712577113937
29406438807262859

1300020574013228363105220410677295399
28174745799545161

592477743187543758706477235698571393
23454648616290581

170411026315324111885758753687954001
59903681549805623

