14481792399129464517302035057787
554873687700555165732455634559
697077199209568081546877010427
3512919487053078236924954640379
2901219403992843593368602577037
2685407914806012531479662947821
5045238414638362620577452455359
8062761851190844197363429942227
4315234110138718878467548169993
227604938776027206118451357101
6739853679811529393578827045193
11373493650955897907507092306853
4076203910287435223403532179667
9610186422121654280809286764187
11463965904028624869343089864073
374499726209473353377916517013
4020816412020909464150937060917
1436718801947550264914355816871
8435059549486247840399661780523
134075037484825508664058575827
4591614784712974593229367120459
255133650726593041389333993913
5164434145906534758243167143943
2997725309678588233690883608663
107021602900095250644424632319
817317919897754363707652081
2498192151530920779622510088267
10339304557005542323113722015429
640103053673935046259469769041
668104750530665579300606910797
13259145332220472924741549502621
248741394128613364134949693
1896625815009752441874523766143
5542639567673971630351524226261
5310976011607987861561879919023
13304787585683754628874385277033
44735051613858646474319404907
1159570658681061734884283443471
9794309075344201157548432468123
15852568640704726644705588466081
890831206076998084007416358983
8841506418043005419082412464979
3695878740575547897793768590617
2896965512743438738021708273939
2341649860429274620506164479241
237384796550432389333784217299
3099094010577149627318123402843
993345058536741830715572350529
3482007724336782800495164202861
1787572312014194572012545917389
1036500539074237972874929046461
13670052631806198232827670031977
43508870263158007163957807227
3666943301524580350416841763101
1298650927392253266723871398941
1129526322834642468801290801893
1266321901632017741815079536711
4359749002186116283646322796547
431812200680617251171907429621
4595988997566579635857180173431
4275560593738548088389349940921
156905697210862665631591425193
392171714333050105452276556973
2338316913568109127440425678643
13129741101622044493582563486781
1422483505161094552195792561213
232495408360767930351183330721
1491372035693991341047768203839
14376558093002087155083725682013
6275786233918655793546811013513
4242655256870919097660688781443
3480366716703945431866300833929
10490159719040539240342657237211
686656172868441602301087485731
6145454815963265340711849785821
511393964346036086889739226557
1707786217051176242220381906227
7572992008449391512652369998631
235808972223522289934814270193
7612830749154204892344886002601
2762568755420816386267320186301
3016425074174808339223168881313
17013554043272911718717573935913
524799345951661529826844540951
3073803340772033526926202694721
52971328756056098676483027289
1554401653909266918674265287021
2823379946603932012762204577029
15287256125686764482646529841003
6601409977041421553749563499433
6724779434964090624890917434253
3991086519828204152866770083597
11246080849126931758480576824023
2635474560725465328939287116663
7212906258316712169279244806223
4355670719531507126530445654369
7203071624175915915420983103859
1696396309987828536804192751789
1789721816915034034784402526373
1862833502100206931875260510679
