1267711126393499478831484537642797769
19772679001594589778531826570951

787027359550937309832762634401406477
12602457761537979722731338991957

1059410774377926835405835194335915521
19875313191067483498190325382649

472018282810804103260349802523028567
12750792925916079059629295914657

178120963525146114375666119982610139
13823806098602897591729627965577

263871578168410766749217128033708681
18469927297969294429615304180317

1092700835761416475553529414378616793
18970167822752805918497365797973

1303133765980195112360490115495591141
8910639675526165435394437508791

888317013252565431980705940733033367
4254539449913634334821609493117

675789704993734866635784043541916803
503259081948079944527581454437

689179474335747676939289326390402087
12503479047645881756166726663187

638051571841680412199273967014640083
9088653398192928827637617127247

526381951376147422772921563935987073
2646606309769930115746605161111

575725470953501050270098537802841737
7739430485391201010485792966059

1067113795831222226293146303638532463
9500512220545245242386673021947

581468966311581258203459575246746763
15673869250172606513446689277807

580737296115065007543927834628279321
6842904391669083318567188958121

65250210368151764462437356551811883
14705473623452728762706285569391

439945123934524972631092899270983203
3327244507613417655955568057263

16844667494706371814299109713255783
8078205859487016645833679365741

564543155249262243636229118211728033
6237669170428568333659496165863

716539155370763894372797115889756931
967726685452683949158500193667

944079717570365480179961967874548529
795139155621725687333265798073

937228815265842563182147839411267919
15364332896364312298137769877243

1135627965405464182679492930864429543
18548712716127655877865067703977

686676664260347698636126851900063803
17201056989643459216966931657231

264756293364042744000983439504271333
5665785594517335029245986152473

459419589333034123130918430926849011
10634856234789946424961252417181

407310564048232876089429503247773761
3305962994255846247831935548889

1272818552774901472540392256775384801
3024679586961277425378448526293

103901351591384145676972456852107053
20162457668936195538936150768521

678031978751238914801233817429705057
10324452845021033921208101328661

885195101443436505678780844813743653
6280623674438649866816960654611

616850477238483094989927679299570481
7669021462983585435292118659621

178158566758409799320223936891484459
5747577511541400759302996018771

91594811706873642830681933183620387
3336013550796799977744094199491

986053472741543845397845615291709951
17192377075436049290012145065867

802704396805437647398427139608069993
16029454669139403286710169084759

1048410902106928609801175314040691269
1356633943838648197055179516199

342531618615993300004003315660392271
3294579214538737177430170584661

925064623770813082953914716945622287
8968272197283996025828877197493

661390037958767006379213719346684947
14983408603818032662668067124303

1273843732839763935566715929419968041
2250392489028826065959646570161

16710207289372126340256815351209229
3267159632747165180320059490813

727051572967383985188686745429021161
740513722059941055844222656577

615341062431783102035591719176095419
11671707353944387600585451806279

498524894515221578700904863314623049
7278697745199831163049779996517

1215523754029917389960400798532485313
7158341174950549622238366850043

1007733474676485842734140605064541183
7361524887362999450050338450103

715003074166994903496106663614297353
17075707666776160781030152831091

1074130682789122164891277261284118879
9222273091073538514470525324469

1064223991951993277611000932843478763
13479314780194943458261571522297

377539568738663808880113268748011373
1509238522041383956615432703801

404123815154295104311066628571195157
6885944682723408113229067269827

421676604019455365582095609007078557
939593144884763680238653276451

39537506742649270102506368537943347
19356251564611083347867856615409

223615182732774164345045687740575257
2754097233867791927477345532937

178442001965565156430859002257134923
15334937450921727604241750857321

878175536441954864140292199303683917
16401408756944844728919516523091

1068211806750436598498362029920705639
14080327408073491798090381239871

21408851322747584287283260993712191
19158458005480859607299994408397

634927322508302192754082411126700603
10692574438220009898865839229151

1300335715155964405920336959607640691
5402233019344070880860597811517

208368987505550478389189769067252213
12325979372743607011272263995237

1103810127916373125145024789487016981
18546811944116833203284634577187

755612270992620052230755049531018857
19410905606019551373946655966431

258751775593847968670848341262121387
3263790151409019282434861841839

446590269687563110644713460679147601
18485695488952370260532115254377

24553396408818506215472843071349617
19833126717581482332550535000507

631862877181162174634341071857928401
9105792046773658872404252364893

728661254077425510163967474230949809
20091985792234053232621428890741

577544848483249349090067829064242553
19945585025277893060885148544373

460431344065706711171644645169048791
12785839366715664724232849391529

1119245878134844251480993485638445749
17938441534377487390451001100837

812944588567206421597846630824020849
506684609801052668034891268451

855910302568900985206032509208649547
13793592134088369932453871887093

545793949914381968076858204962528081
6332980445490766280699180565109

153817088581166784887161686249102143
450511398788937196656052457941

777757448889474283223982054856876771
6202800474375333737701487335219

832668251508859542132991185010746929
12653059501758509026258982606671

1090835346726877951722986590794173677
11675429889591802511196030689759

839214469792831098029489613496730167
12816897779754233157902256137731

132957325050417672420216257751961063
20043632470222420721392610867153

110327069839733608831558260766450847
17597018414890225214348538894673

712034165612481417631866445970712881
13607877276627787700941895253631

1109993966964898733759543409986689901
1479365857471120790468628192163

806313664117008428197376377687134019
5800399149040414871843313126637

689356095677519932473722137808259643
12513768895962073357429758324349

1115347039601089601781995776168219613
16920931817566564667685257867893

141768291638191365357045433234026427
11051758405914104340129803344283

1106297643761304246398104287287940343
11615505150768783890379276806111

170266813614674468524556627014250969
16510755860294248754916902659183

365735757547369596740736923357365753
10080340361803395449942719589243

1109278330368276709067464466496984029
2723930600170673224241298522791

489903530960083620673642913637394837
4321166786364083362237341146957

154602319456838918298086198686336741
17853051297732139061619044344441

468100994555312952176761375870694917
3771119341789035787423126432097

393219811517413294736600680133404753
9179265711935894138527628616877

370316909361827891823811913809395733
19242989599124344378198047832499

845958903655468290086740303903921223
19900191136873825836402279886427

