55153734465478423707013479243954551063
808205773

270192041267723870545720200725721670049
19348811

239206409449614683946625533336946955683
960972017

336049564919250756689548187513993409169
2566317307

173644137100482040661467124780013652591
1826698001

319411363865570070458458314502679258977
3373310201

109496690218640501488586374834877033321
3262136939

239141750644384877160024661890783226927
2746971559

40161201292515978545115253140346559357
1904987473

206411469784009767695485645731232268279
1240224827

188776678407989158297413479410405040167
2948312141

86819488066666002767713403496745524079
2977513793

114000302837991451812276236545495088327
265679917

102985129602200065444507224614159230927
635190827

45010745772603984881483743233237782533
3315591623

97207791690402305466200148843331445723
3804361559

178847207045132303841283452614262044633
3812803573

29004334621830506999130212728033547819
3377525483

111103794261702395481929150251701515291
2599718039

24139926148428197273605783578416624551
3358988753

196476807239027529411544930913251789079
2762216137

300465881590802611126168070894604592963
4124387417

154187501761400018987034092681979235369
2329678007

235615690900529755436220103792582313003
1080346303

45533037497348280904377934143258493081
457579141

15777600999047958806599517904374419513
1515248627

177483094867657994780715959082299708899
323457877

240752257897847809194213791514775593239
3563648251

52540733513321311352668422249236379647
305975477

155560928352329008071854595712276735079
267597739

176403259843650326248414305272507914171
4234679051

155827271909028333435954018062460841763
2693377013

18535877915507935540738664597232080623
809764717

264499600774274404380779931114279897029
2983898083

159911378074491262794006929020436189947
2149010921

27660350650341254698761202655428546877
1503935803

108580871374191401991682360312087548161
1575845669

92609696841052252524340401156654119827
1741892857

228894681790245107564708391617439483101
3090731557

300814592735828882316012001243046671787
3133123187

314895154459942939413629926795796794279
3606359749

42855159684960288157314345902552124617
3804954199

201965830059319314654369610326036610681
1799389747

39774330058574862338349985010887584299
1685288933

165022992018766966187329659484928620421
3001242533

42017089851761040873720108121512994097
1194741161

37373652469767898375785880160055971959
510963991

308588669794184964760402624990087164233
4075894441

272641822845618861508307564651756941847
7439569

337474724682272630761495671020999108663
708916283

222175987834416343777992554702489505727
1560839993

326665956428099298210893637814765367123
798924397

266777796377183941882400840156996322593
2792426761

311013786184037977494391094912229030001
1003972223

192450509131948882456850243127467451491
3404493497

338227847220387383883477067419474414781
4043062987

143751019133848087721747464655095908877
2497826449

245984090115056569241270781909532385701
1414547677

303327375792518440400620942246096764811
1344082007

274226642142452268984944794567041220901
3489491249

42456480592217810267749152613661281951
2960016601

198169277391074643606345131054870271059
1553096411

245531970606047982544879986397853334901
634486091

334743535053972071983363122116283781219
1427638897

255771685189601212824188613578921577533
215042749

252776879038051910878035750440213230621
950104121

141393472310185072355054416548092789039
2957370839

81672609382479192273124907748974039789
2188541599

293270154185679187763718720620147276791
2025118033

245867107369361048696955520020888862573
760519607

197560306873920101756735076922071380339
4201591091

95961721911385333625161847566499580083
4234042807

226387234700032830265403316301342212737
1529771591

122026504441437863469993846718870100821
1258822423

259422867908153538501770337610522138099
3684271457

190602628974308811891975068610065502103
4079816959

84999150923862658733280162847367267059
1672638479

60341454207976466855664580553531642911
1163493113

208530076209194472824808477249916286681
2886251299

103371982653045896689036817675011979629
2008201057

151314035864991200639474654692361233399
1135519789

161804604389197364802448891213609346891
1637274491

109092107448883401406628892165190463477
2731351927

321721400763284295079063354449142146071
1597365529

161647832775063281934642779966198788639
1270145627

339577127861529811353953823264293849669
4267965743

232734763902088207635119158862231216479
2219317669

51434407543165142659232660728886370917
1055145877

338357284808176759744773824249082638141
562487881

58913072986377715251739622745091259941
2661400307

264464842793502038361883207410613352903
2933362297

167471900180557627958920243714501486673
65290037

94889947169065957541247297153561263389
1656786091

296362949392121149892501300201626604233
679028089

141064155806336794411261419563800786601
2049314639

34417109738085555593118740220860609563
2563008263

136036717064525725227820157830907443763
1650083573

179673711451338974136384964233833433937
1364279269

281356600173865663392526685172167520601
2661984011

172633993636594990328965631270814459403
729636343

