5915318821
327193

61842831293
775711

39057201389
511457

51004690823
601801

58399432537
497113

43537631939
1038203

1151102257
283163

32401449637
845863

31685070587
239671

62681166013
6427

60641433791
191519

42147327511
918733

13242399749
368149

43777627079
105667

61630671343
1044779

43129482377
80449

62616204953
747673

46743024253
921287

25988896669
33349

43784992519
528097

40819895087
807559

24914139493
976537

37361429491
948943

18316418683
447221

34860640259
93761

50809669381
230507

62847798737
162391

40560275627
839959

50193923209
60527

44336306359
871103

24418935127
656423

61837290737
87931

1396112681
992591

57003175291
357437

34514677187
874723

33971482087
542939

65122377043
831619

53754575627
844463

35750852521
977881

49727767819
16699

2492592331
861163

53708650417
1010993

45160029359
667819

56103031583
155893

15922598147
517211

57372200549
268133

29363241377
285101

39448662439
335221

56576684189
377521

11485359569
61339

29000555809
162971

39148578649
826571

54006844873
294149

10157196857
15173

21079465091
267551

4893944273
415651

5608280947
345731

15072531809
533371

11857713031
1034207

56840352859
665953

49805089729
385493

54153071417
499819

41032074793
142319

44594773429
1011331

33821872099
899917

1954216081
436507

13551170551
719791

65465535437
18973

34589171237
47459

58138986671
492839

56049506749
77489

66631557607
764053

36342391307
983783

40333849823
293357

23951684797
870151

43110777091
37783

58281099623
644089

50558693573
655267

24401261903
197161

66409418819
670231

24579582851
42499

6563399317
634651

44445292327
490783

6996598853
638327

62939275723
640687

56497141957
144323

53518042481
106243

11215119857
50417

16747515163
1029349

6624940111
698653

21227403229
837047

12228890867
805249

10968023813
674189

42406688957
483649

63210336899
768881

26990008987
934111

4069108583
248051

42618250243
347161

15039076219
30803

17342851727
424667

