28351848786636070814475333611631804106961
17454694045158500040738457762608737125847
63576931461119739768066247458530096111657
8680501348597154843710125622405297989571
45939549305940993549707698794898271316083
35464272691688002752549756168781943936621
16977050271061776433357881224067209635093
60663608740524656289920671156621210507447
24229706711736027950035565023702489205231
8267899463811012721253972482341567204431
204507385808481847364294643314711063797
10518428665104381966347248575152849091931
8336351343078204304137490543866310197391
7399859126734567957068407627669309603497
6206291840093447853585898324036846285417
3812193619873926428919291954802106717641
1181644555666170159549600468599552330383
39367290411375657446656478310595347299891
67109039167665806489748899948398873220161
49536288573699977086842543500002019999159
13178556033923165031461549501941686939643
15204568458422583679053334245028638988157
12464508146995910276384901353606454633523
537671222541722811916007812554837551081
45065919596972620034853885806590569598393
6359445466627620357396793729177808355989
60730816876638245522926937578954031339981
20551757157137529112475306029579547998447
8800926068103495476599969300242147728869
64394784918722027388496247547428812861609
24156908831358923671456546104551496483013
23911029096831397574506879424516631301301
25582539373596563928170561281841302542481
1404257462523057817870508014116576559253
35317883103059768849483677409627701107179
42671628389857451443168010063519394600803
1608346545489342586580449266976762446163
16695817857926623284776193575622196006459
50656441945157425782133922586020575353529
1786325141395760964590430804868151502259
56558491684581425688313644863267154850583
25147935397065241273365952630173416954039
35356346871737558880662859582063044555881
10599905245939050846197942510794711167719
16629695860859773829495241023587033363801
2494068844517610507405192354179484097903
3471561407562432595896309374164152866501
2783873859739051011922103273558297628673
26084144195566018936755330848353300367311
1799314279547496459603088473798174112141
18559945768198168573712811816901850014639
55049544860067017339293805247874078440653
5692605257266660607515233599168351710751
29006446661251675855720255738200860896517
28733955272181739188267124880243451670051
562914333557894247019968889711948195603
81649364725962760325616370925150158063199
15072801611382830322578165588390339449051
34944600002021933832193517094945256302743
62828553822574200525752975578871517989429
32333000006683366265574646878443757558113
45674286962839601097241475580557580425071
2944933799240720153269965593148380350993
10654456785752324165862917817435617114569
13420746826244744705138099345595202213211
8166761004305500229895000768756241825117
1935352225772555248498486900682296270471
21480991101635227812968582946906283203139
8297190095122332419060654371451478161837
5716016377482946581331415889633779294101
22895255729984581029128284112873650075097
25552011309812365636736834648828368646521
29639863856668577401037583915279189229607
37041646324434007915695740007612864409583
18397054121871289179520807625726231287211
25282428838135887662052874377337859562361
22966752139588679703437408891716223288693
46780204801575039872389707424373579412263
54363616295425315614840242756890152352841
30053189422854215266548194736930906919577
3816138323696671764039484395640962711631
6924872052438312501817459412666866234559
3468923951665474210462404557424808921189
18623107585640891176652119247836991131217
10760429347957309971951534552590776007201
55701369712123043135988209069246722325969
4903904987658804349885377589554133463561
5285363968084236599927201172274992254849
38188270950912631421396990568557868728219
4829228826350510254617924836064249473989
393700549528684046487626209139568536269
81524128374264309248519993137186377427
15714187507615512689643815985339221905999
8693205473654443119618717946219217468017
1338032665808185643492042419323137505941
42184762187800432004495010707023609949593
18433466150054938707321671929845375526333
2822885710176739725285714929396178611069
51636125875552795973419868693539357534663
5062115546934894147527443816633229028847
