47643287
236202937
96498803
139113973
77782127
19970129
95361883
106270513
64475563
43350397
35221873
156383239
69743
22759553
64967393
42683789
26571521
226746809
108552923
27740123
146641849
969601
126137309
62591819
6506791
102203209
131153089
14276063
119055191
94813909
121508417
63976643
17368523
52505377
20659253
13478947
122000059
108453827
31542061
93542597
1635523
6727759
25564289
1119383
50864713
63417427
104216003
19152733
110645141
77472881
14454541
18852653
20148283
28870487
30259091
730309
12342157
64817399
2785169
2301823
30324059
19009813
85365107
92189717
145215313
109866473
1955377
47625707
39550333
16084721
138667801
12300199
86754407
177903899
54101291
137582017
72978643
1897457
27880471
5944453
24368153
65212489
67634323
25278689
11499451
6311803
8661937
70024217
15927577
70067957
41923913
25509917
12429721
47464927
34783877
38563201
5608081
122071661
4995469
14564531
