5257853455787
9439915949

10402459192259
65248599931

14240592482267
13669617919

1167577282051
2254324081

1102064547713
39845264453

8900616643483
43273531321

5219868805241
240066823

322898635841
10452528803

10887637000883
41607189823

8764839549803
17584814609

5551145134861
40166318053

1709303128723
46844753671

1743954550391
47625841117

699024522869
36199996993

8963289315839
59279953861

3898114462157
11978640227

9671686190081
61017761843

10838755958663
4521410191

3789500540159
11929861

5267106697939
56099335051

1143154951831
13266492697

13019101250927
374946707

16614944514293
4659990589

15132522739661
25536726653

16757758256843
23336986097

10342258490479
35150084407

9292729691783
28180881551

12839101808947
61846210883

11295312142931
61585272977

13863822606563
26269865087

8898571342781
53286906157

11181812968397
57562066451

3425915127347
44259392761

1100891193089
13100942467

2764896967499
16623852667

11134659058513
52064806337

5043052147633
17220376541

7742693260339
1823323981

13344654855083
52121092033

17117835496309
46966161449

5520948670093
12637506163

7912678687997
36597396683

8578035646469
14251683203

13982638071551
67087370447

6791536808087
14758755047

11653933116317
974244331

590249996891
3800091851

16279377299623
45485671417

2724573777463
20796411787

8127826966199
30864125813

9777677496341
4889224253

9515071127539
48931041983

216924910933
66282738661

13751186661703
57291985001

17211593591039
26922482579

14815877857961
10986704041

5176464544331
25861731647

5042998195381
35054009951

71904030997
13720053271

10486895113361
34375469267

7639527837811
56305981157

246058443497
53533862581

2273965847999
17029669897

5792689723153
22663503197

6494703172289
19260855751

6661214999401
66828549401

12330696155221
22920998407

17302712827193
40670523611

13253428417861
9210545389

12062696485867
14754666383

6339435079223
26525918399

7442217496463
7821993409

15600125011613
2163489781

8201688186697
23804147897

181085693879
47190696143

895145277643
24616283189

14003153957329
49981792403

14873952421607
21345462737

1856922957619
22094522633

12518788509511
22211215891

6107927632481
396163871

2095857635563
62476641559

1512490580311
93973343

3855782931023
39071748377

14301869999507
35640244027

6755008016227
47317789501

1996712424067
19137066577

16162732231159
48495472247

15297904189973
41357416183

3832329384787
36468318793

3406754694313
49885405301

4083782519819
53044100983

12576963211997
38099511641

7884562238491
14318690083

14769762353407
55600243421

15863833227647
31297632139

14273323439939
27632682131

8417339138203
61124026633

16014670232471
66431435101

858830917067
5258675777

