2318532277179953075261538610715047
2975445207596899767675474546202631
776833112632205457062695398571861
1405998597735479302727871583356289
1200262854692303646081171237952991
190495678557202599161417170122023
621281659669732319598142065456737
932809943835018731748010041884959
1651674469098358738718930771511721
4206468157065688603271544224366137
1066298974545402815499201489798353
1193098583965075550130052050109433
265991757393083780032142395340093
260871671160903020139704742712751
2086933897727762835689872740249467
2710953859987075325162660274790193
636998922141815852512439157084763
661617554547801179740642483357747
2443509297487403547888993500741843
657508017134619403514897547377989
1446566953467550791433758979843129
61047278346356488914026274434807
353695296448794584888292764854271
375563095679028791298565153979441
3349855076792847823850825332708333
56622703713785909560885297668697
4839152756894920275114567315320977
199231541730988522220683392685327
1537687551102387154987854488460949
118213770541658955945172170283489
2580502216029820340858671884522121
703486779254170685410222033838843
4015184626027489716679836241356109
3532361819580307109608987682608277
2649458005493425849779225605852579
33583065949856796708075505055647
226497420837388718298277363862413
3537475831975050752530730775433
1958550005759149978426201996107701
786638943350573269588794519704783
79461012099098272845143499209453
3333981777190501772892743958764803
243929544773098110979991296160051
27756886135062882780247605687937
3433791575813419201692241634468137
681815532083810568328058693848177
10328107076362944380073285616703
1796351452406323198928154585700583
458115639230743789357478033807227
143250325057783867720342049341559
3277881596500607743228924059726163
697155616998318884104448664468289
390120403868157631530235030544803
353389372283680351258176664189603
4324573331863478410373351026320251
2265966434191144842842803190143889
4766722618700983443633479969597899
2742682046830196744266322067891491
14408508812907637778680063439287
376293451163147591953062596357881
1232340222828821117869295900295851
2243473933480575007852178597449147
1170025076086493359799004914680721
1254023927774915112173901129904081
1705829928050160774952743900567269
1278177327803342029349782252955813
528239083439238499300128615830183
4176165219775407387902337451653277
419703813378619085302968609490547
226712223701805473251891306336403
210886872653404742497021355263729
168332113118457227411812411513061
1232317341028103535895535167320191
1339502292540219030011049649117619
201712065851901089653784187070507
492831270116987059374720532455269
1307254984370721973878826718691691
581177480347618970825662335067921
623273038100293160913121048868009
2572249134560322896948651688677039
981026617983027222120871753130837
1574438268497602614597737898668329
210002739337863801913982419368667
267084771605492725127234368393999
3027393395685569201784616825646849
167760274314326901485444986992407
1452319392709730837715757384192529
69486382488686598369141122661521
127144430801657520896626553089871
879159205744997280846927793631437
462508303190383543082385583666607
1840885967762910234660358617064309
293501210942740986718653282834109
1073684097410542097528137611293929
2209542132998101753713826571239673
1079654177038570988115063771721939
3527798893245730174519139340392347
470203731661944260464415456584271
1121179054545613581336159791125931
2609045191710050924707259362482311
