36552192529
2239

61686268733
1871

12600596507
37

45530594231
1123

33105932203
3187

25857460399
2221

17839833103
311

46079820139
613

46158261547
1021

7125845203
1181

2668233047
1297

53216137049
3943

24250119893
3083

53276090053
877

4289811761
1823

12083165587
1493

34280221567
3517

460516307
4091

59668271911
193

22755137123
3259

65912591813
2521

5099410157
547

20039128463
2477

68162379497
191

29114712307
1783

4953738973
2011

2656984021
2203

51686608231
43

56408725811
3581

2702579587
2713

44155228097
3251

46571192677
3769

52537725011
3793

38916559909
1657

235993883
3313

13215788923
233

25805267879
2143

41177797789
3079

47538741073
2411

16284194233
2477

34823033437
431

68094566401
1163

57010778969
857

1074857491
3463

14084683057
3413

28694870261
613

32614162979
337

23087456011
1999

145709357
2239

46172637919
41

63883568597
1949

10466073833
2389

65620981793
3259

40213522669
1867

65976807623
907

42555495949
887

38592235751
3943

42398346691
563

43472566097
839

27561059329
4049

28416667459
1693

15313350347
4007

30164598767
3257

38582963113
3779

49195499957
2659

67904127479
3167

51522864293
307

36961918937
1049

54590885933
101

16964755307
1811

46880450857
659

55416827461
3719

23551911181
2383

58580643211
1669

56226706147
2447

36504190057
157

29233183151
521

518561359
3061

21361484699
1049

40969610659
2203

20122435027
2801

29573980561
2287

29516490391
2131

33013406807
2141

53299099537
727

13474320313
2837

24426218611
3457

34516476623
389

49224883753
269

666927517
2791

56906919371
1987

65392260719
1483

3803997031
2161

35820602357
3049

66628599203
449

63828208181
2393

51322452971
67

62910069919
1601

64472107013
2243

53051912027
3121

