55993797857147791564769
271798948584062964936397
209682414431463486293941
182967858065018289278287
245881538843140673436641
123536373192060571803257
876209893678606468101763
336774457913216313390509
45000498280770540485333
46420605279987200621867
653154696978051853723711
76375459871791746367847
118657885825057757299831
27092139484506710959223
544260359701707204299
128789217625585199749883
50979076382716522348171
17929235793357841195993
204258378689437136574949
11833574889569798994901
483927227027112876826199
362585702366348458058297
230688991385132111852017
69425651932101791581967
400266353895242598987169
42448985803702678396631
246142972259084672103919
51238215182414998127227
547701449240338385756831
64240957082731551189007
20725464245036284703303
161186750738556657459533
350633656814013845418997
2301747049662022382023
742103173514932858877951
721183125054314943594349
623700392153905769038993
19019065188791725419877
42590727774551604300539
150162787231432220409919
501169854477289069118621
7510545728796003353353
424970959565415452029751
755005502456575956494123
829474614968650207079273
56912957403380736506621
240375037327525402834223
455822428570382153459681
745330193873809236688309
1157087739681103707880757
173512932151487960430031
76340484917356012216139
348895637855050599452801
55157196724672398140597
48434200447804075057513
39279794065282585547779
257577669410723179395847
330433477928547330611059
71567234057187101085089
158007172436039991827729
253001623195524147835141
95757955546757427156913
324583372329331244597903
944843394940398326827379
52577975877933940231957
446890334325542873822659
50330491618841324560037
375802112018134293428369
295806515615532517457083
22877523639707945543077
50103675507351528737179
757728205291769938550161
659137365754621598594341
246966430187307071778269
152484155571893570524271
513956555805012059516789
381961534681932547587457
557025630797710072112993
451672831192261408220417
85155823889523178600819
12152634778182661183871
12406956982691305422413
203027166215425307869651
185688691167200384343883
605153565857718086197981
312517228811633247574649
266618609636282406854683
226947230163551567499527
81427344223179465670091
26364910016503837619791
312185782282098492970967
26917290329317319972869
13966981669009259680639
575868649844521562031439
63479514142773777821191
438785396100203114829697
62790826275916054783837
47504443515928822693957
40536767448052109679143
288338865693331748489
