82404363869701
763380113969749
969010475161891
119008685980859
238950360686371
87555213086573
184960849291067
206710423255247
166541581706531
21708664825849
356182941203209
346496613565103
441288389259313
42762147536281
1868835809965337
55291927491509
5476714228571
52660020465263
829508209340959
580893914817457
97733029511317
1884703851661051
573928452301691
491850206005243
190890183083
525040210164773
1704505698245891
2254746483346153
2644227429761089
30635946781169
236012943882949
1983408228412159
51335293957153
240207925134271
25187556498157
491439294017213
1981609328370403
730771146072323
2570184284842133
2718740319430621
180594049873283
180570775186397
2282629970310007
698832551642669
885911869037053
883257511754749
1231551686755361
81050275455329
303450157928969
165364104834119
685899135542317
201932142321487
3356871821857577
574651408750541
415916877570763
537412987473721
3650640635479
3930760108284797
238506632253353
63883325446307
263790313180103
20673008896999
78789416739877
2317481304507107
683031733786019
1906970357780443
1081184725473647
800517786319081
225567353394511
349564833536453
2825684659460833
2969475319819909
2552725581100501
2113225710487967
172643676224491
279675761276539
546697203548519
948186899145737
57794069694091
876931363125761
1133686216061909
2094578256902459
3038434873423069
1439003522905789
56393429135339
662891402168143
256156283998177
504236001338357
410703980989117
951411445819733
182157526973321
47939716452281
903593341767587
264680740365827
2300182794372167
3006508904912147
756963817679777
1843346703159887
1145593282355623
778608937949993
