3585331056311325427
7871042303701354003
2136165965706693227
12522629628605118977
381379677808357897
10637332638892082779
2403102357322261073
364499643805999409
3993057374315861771
1585852249011389519
8590314595637268281
6914145717039517207
4039037613946745051
4071909359487814813
69164795697372677
1770540111935332729
9847021075516334839
2745757039069400479
12526098309600478387
849122934563922401
11184529307259237187
9445194093929224193
582379849556281351
177049970080731487
72290607098215853
14400555546422280187
2634190635402160489
2127149663990353781
8005775476061000623
585785251536644837
7166692346839125239
17184981720507732721
8765368628661245453
5531811292378656899
7983351965866840777
1114089354765512969
2574772908797088203
212053007792710817
1483927965969515389
1475507836773425659
1394888170452672271
9045356536500015883
9398107622087005399
1677932521826942299
4216839047786793073
871632773329538887
938242534569853543
1714469612164859111
4935166467340274621
6841031434391365619
1387595704608731929
7981661162472390317
289611435588552169
544384632835268549
4078352066072677093
333059621794860733
2994093541973715667
5960681858824219621
8605892123884211593
5754832785230955187
5119178169351949231
2927313073782847969
9488593623675528539
1916546463294076769
412956857887377197
3324204144232649917
2823168933649821293
132598501353035581
6548670320930290249
145951663278687001
2597403099774229469
11855583710749028137
8748924632954549723
13807089054914389123
6164883729250248137
10370926966202387027
837923135572663241
12226016026430271067
1820603968729698227
14881538136599658481
7407479078145648373
8498577107797808527
6843657444150984409
1572210665359886819
8247634946167287109
12964828223399018431
4496124292298075519
10518236857751875841
1614002897666197279
187400588198536277
9952667965512660061
425220764088930289
9064377298623251809
759321137627148149
2765249618065352179
158202335538020773
1668170280921166829
6930354514352034251
1944234102128467511
4402271296975749217
