54088926002076697119003853206152921658114956249003648569302172089283741183
141804851092022557876383761023486900805228770144083749768161338917118181733
35395678569212355712628721556545651536629802433634580488913340652806828247
251093777521719863080214175169004846157351458514565062380500010859482101379
198266443002069284901775338624817462600648626560149129600214225681085334391
37529704405090471403793643637413143449339668733313176119890237259704619979
204250829458099672721195980860821702200071496092333154104471416033719481251
32994899285889484748193712856238879867144586057012498530704979727458797909
62781838354589986684273000356444267169904307219316224107238957752793609271
269362661445358005353226520943557792954393760428776586029900910201723733
239413986890001103514089514538531692340022701464177823496329551155591229033
70011801362885148279472741308613652623055917513381568698862067744209675597
225037928647385421856384583080221781644076790723336765532581400914270291309
92882902343547268599011397013702553868907825817386600205524361942067661649
139843057424310098375856034438571271010038307909328054754444162926929941149
354879147107631492870564890674043465947457153208111716328000689107260041633
72982291151856763880210269907925486118432000218178723879148935441195423703
15057242326188901443492168088107476781703160699159444430729815465616108817
186627870015312529007632514050321144265730619695046176490124553066968208983
231295380342124805639748072027005803299423294484247221428966003382287536071
11695108688929038495652042360642819348359864865600893799064600070507021059
32873441039941816355258889861857014993956075579167425545419354348098905749
182302245525882060762819656025382807921232813111834078620264522274216335487
24962844542096638739120323396897871337529141083738862268533166471166582239
253890276823959033766327387626536441117195858018388049931211828198384028421
77395285127095877615174291364748383351639955683934833644689135965268383829
38037876025424877193060691226582319673225545056484354523315757862603886309
319964080633561683856954229340240693310728816375505328319616482787324211837
32487630731945391161277828603697554000973690819208619642674973043201584851
38251972557437695643429185484921335412366376853577844871037315837304046763
240013372167432592284077879368621100002581656846692481150327723522704866287
145856066698013950191134867152235870126054512413553164697853746791061611001
246702363693614346964702619736017296697368251519891317975162987266406560987
148829509906564556762034085277204102935211800011243348499040869140546623987
173740485625661293897763835723196329095837456560232524381495784979503124541
168658664318834265212601555053753041976506004791163424570204523504159247723
182785612121831427000625848091061274136831323178186897393316078948198665361
87683369895365324791202865777282134785166244078129646260961360770329539877
15908315872111359852508365390347292506777076185067943291755443443134018209
29498683178473706343945461807607428142050754051472543506179625090526072177
52711327710840370366395338165821173113943719532426708869039479306945093297
16785315019045033262017216838929299409547040140471830903022771368462041859
48718762652128698268059300080320449187734517158664197676114093709771382763
152588952213399026577604536305143516850686495322057726803617150476149129837
10388127261282505488666787174815982990738467650998672607039889459814776841
35051376844570464998491572962942925940249628725372610985010138459436736319
207260619122762955131609714868892970297778809447438726255965541077462810733
16924440230831331425387828877042450731074474774389534756663814646088333973
161297405379298236590920445766971679784002584533730209965948912384613976039
48882365061175949010862111237957412026611411144039265125315221153625684959
304210577878669249526747389765115796745299583776546782229456412802929723439
78259933125322589617216388337589156359941488476701431817916461656827794701
189660823146187811131282253576348272779819969854252680819549466040776351959
156615056699336018515241896188351319560527302854092341274134922169650916631
234528634233464746090446315827732059104725850996075945001220576351037584597
53950587529833488306541678211498353862248061161717019454907638879723151901
2947180015675057865537567557305609611028655586822939454257782496013405179
561856898522135509811365949186784172214959069899318988887566783172767893
113169714353771077341035565905320412628101419404165000175756301360216118349
25798411138972614774754473341473815211297226860531701106554780200395969787
133040700477105438738686272767880906279929733790947274588642946625166901629
23770230659363903996532267424889885485630871823882693589500616975920584899
2298915193978564655783468732514501520578112600366624275933221330084522389
69778302651888864208659459702942360930001524925200950926466257482707058061
48570461063527173518281618527739009244175902346386033209392244597609090339
365800103879705232876898236689514174145169319415230635102845279277253308989
1806696854180477817268695934737051438359303626362847883890035869191481503
373608134051178932578149641346935368904099125126686788431026503229664327591
90244333302759367436108199428351023166731098690207233026892410188700604773
53662792622282786973463300989227565496218497604227609296509377984894659151
224567242184944297610402521023057750437924000404578614719535532152678277457
208856122660615555526415814913834703435412072803251884995810545635079247001
52821908900660094446721569954131673928386835763605519981043117410977079977
190469406061679272968491551702166840800796825979802450940568256455526689691
43869092987118138059082594865012891571227903067673994438766251646635117991
9440667615738189522364409035823995009647598438511501042830419399342606779
41442511076438551682589508205932386126515656623222305576256175328585006197
126080325062938542515028370510301892365915624343943078821741565658144968181
107112114848993366188359942328060677821207151802553430720820955637326917931
3219661451176333438511624102427658321755750467211480816416837044480766449
152807715432264524069113633167060567749478274291767165721158770965343940149
268070401013950915070906563830798418329494367116217768147555124846230363137
48801171404464059015103326623186825234368388816490649453746656026752401543
170858881793085639898825832264195843025548299073987345648415095990050095601
66534421342778003402970830263629425759270704441731765144556611159525472187
17926325281724028880463845615793259589643792307599382132722054462551786879
6457055573522727114922537001789324696880949311847893380098948580082568313
5196840454964006820629329440196492125709035883987515509101338442552725947
234084201911069868311032719038246925802871019807145480261901556955367943997
93350635360562118090705820205936450582856495627021619637934441180502009469
129675983528516304207342313411042769034383898410626919522363017304329184951
38356741483674660058155991982041103175608175577730191525135411309409671217
277232044318106438009422766808382194111344899347537317704474477559091240989
56954800870711237562723510553196236334164495965232273629537548734449893423
16542267170984503755131885737207218981398366589126061494189882183297811643
242529488667673251273742169350096894990886223912391207371651655204931786549
323375926126724747249501619712264176043911841722939465108752340216986736443
175213825676396345702755744907667970344103586345481614230165796496404524499
140045203269285928968492954830204828853483930330300019074305760687615499399
23439647904007083869907829082943999326869526073272872495421070616423953833
