1976648609999811718979
14343393480866976859

1892517685488109939433
9223001813405332159

4125749162434063424683
15409790793876409979

3931493869717934513437
2207939688131813983

2943705588328231367483
15606027140788444201

2108568828007807904677
16819120258547557673

4720410692280367808413
3596519747492646361

3615130472721234669259
16780475614441944133

3095128344682880123347
7828336667641014773

628462211151065056963
13155762299005813637

51258733511567603251
3989708129685461047

826604444232941340539
12724863431946701729

2177993806270832822609
3827536753812779999

572105465730058331723
12934431796227778139

739431267323007844099
8393331624401454883

852995095571821528231
4469185860111364111

69608408879364420719
16975600716775922657

4227127797079246648513
9313011647903493107

4211893367835833216809
15933223685135210329

2878917057019030572871
17206570245893862929

4320296192595684989071
3050382530834149333

902726287491302567861
16842944167136679337

1321841334043515543067
9429655304292045769

134453627216055056183
3998934306753456607

4452466607186407465261
10121562624239550013

2649845621920339462199
2399930552187768211

4713702408939135106589
12883888631040310129

1186604283504009269633
17319806984388059759

1218714168719350130593
7221484983104520133

4493948045000608311661
14329223274033937069

2173970853254519295043
11111882569720328791

1941276813872402358943
12317166169174180907

3254346800045671645517
7861036621308318293

1914249178777733081371
733581332091619343

4119853298076875793877
8572606971113742527

3087152635270623987883
13822325434231987241

694761303842019660817
2314962760008667939

2870122428426182471041
5817109992440877499

3447775086310994638457
14692501882237957697

2355079809278552153381
758498771191528439

3609666979206338629003
15668617634366093861

3586703258224125843623
7011434620191207793

2213086068210050851387
15976037886467675563

717450331109783084339
14774409859902999421

3773596488872212372757
4406855876058378293

900229692486995270903
2770480539946909001

313523208855148982351
11072741377708756651

1094879566947350100811
2542630206809695843

2668069903574409222619
9776409591300861469

128140940004429034129
14041681600629005629

2436939540955677897721
7616087907096637159

3104754096290319320863
17730726219458845331

2116160247478260152791
2690063412754445561

2311683908996003950697
12547756442120832061

3104856919890731725961
9254518328397871691

43466358739066325479
12950574878773152757

4609335142492976668259
17713913656059816661

2015529069221978467667
7478335014637688153

3206348055629081417933
10898567278331811571

4384145199908463962953
14330856063774071693

3804310390401537291227
8499043634363042419

2957784201930812654503
15442061977687172857

2319444316935685912981
1269672126956423053

3725095113097241333519
2860183824110102951

2239101683042942440097
5993808556298314363

3240789260244756635683
2519991381262697599

897702047532884038967
2155895969148561713

4262367944601243429853
5039684837355080863

703029272587397548703
11802054933766448179

3563083587940387287913
1604233029174329677

3367525477975296941399
6798836676879489103

2696565809555665022873
9475760324211326177

3875797510375185582569
7647423214790025103

4008718103762383135013
9240272168219701891

3104061900394959508997
5926767800452193263

1374196106923323317251
18397977341633222611

1559679308701198415161
14725304113134595613

3828537742512248896441
12218817717826213343

4213226191927269997391
12903085146386974951

2433096795034158390253
12351826480636294109

557103372856473526079
6849964494255221489

1274720943247101231883
5432461190131983773

1216665792603407185733
2851172419537424033

1230814243900856214001
15130721534890693217

4186064355991369847689
2570536053168002009

3301899939414206977897
16869490515816500777

3219453178168855850741
1523210531810878021

1490291555523270404911
3546530172901934159

3189362439709209199133
11973637889331403543

532953824152672253839
9061251852406463851

87205323054899469781
4514638966257057049

7883872331728082659
10340620058771913553

1795696886988633491519
8751024530631143921

1037992883883863550547
8375014519489796011

617604930389113541261
2166486373360355881

3291800096074046679077
12815104488912292709

2662801063244602824991
6922584794071660963

2259079715579065350827
1249573306647638647

4066900422139640163073
12696678186279877831

2169405712726345812053
2333411181338325299

