16577830896119568029
4183192417

8019952060121962931
2017856233

18416757022068227351
1883796773

1631693292392242997
4251850777

5494638054151327667
2037818557

8107745520682385867
2950162211

1320549814034017433
2356854233

1866814778660263171
623284139

15226057005926039387
1587156983

12548224037799248233
3013235893

16637895896273020487
662728639

15438162955531288249
383947471

7089666991417667387
1383880097

321639479953994641
2378863001

13342909887225071771
3616202717

9625476068268660293
3324977899

5049150993339606269
355338413

5435209415480099831
627586867

8033749126182201311
2056388189

2174798759692692631
808803643

2097265380005866487
405998287

257704500604006129
1561227277

2655397833902311301
967643969

13327041445862894137
859000403

15077999316605958559
2073822067

4800566806185451781
2891577943

10496741165066066213
2598451931

1794609222440968159
2833953061

5629231757767207943
1848434591

8111371468859198249
3677512001

11432265184922189401
557006201

6161427700934004923
2185889557

4732947808959603029
2599116491

17506045138350873011
158621231

12994353836341077677
2290876739

3203992343460062663
1184161313

10255054559227969103
1514723081

344072503399045331
3600234329

13976977946332659653
423057277

12917800998765937979
4009543691

172091747329914637
2861752489

7664540005851465923
535130381

8122016997629584141
3345735509

10760919718266636091
4147168603

16204108778839886929
3153162457

8751003677974130299
1138683101

7834533923093578117
3946939043

1908563990341640839
1151918021

4360803670290919559
1233347587

5805503948084590261
3103540207

2726045298829858063
2987967761

12447424466222745761
3797836951

821277122999818657
3690156287

14523456366670231621
1671368749

10854983155819857053
800180993

5080212071022844087
283879901

2663896942795148393
4256352497

16967712384241355773
3876179971

9740967038938786303
1810966441

17135242013785512413
2494390763

15010153928157736571
3671010227

15519991734406141321
4244052691

11565182574379392547
4041708247

8453906904010874203
3616575973

15505015391457763879
608103659

1847417145379281599
2147922839

17679935888309954659
927060479

7276818461764861663
1410981581

4136634110241861001
237930643

4896725799675289781
3704376623

5366628217065455237
2538259643

16974496654644015191
2537017163

259278571243231909
3859939103

11774159972488102219
2500150369

3804826194716068409
3074799521

15661492759023364601
4143446929

2748164448742460717
3246409667

14026445322808181591
1944382859

4004366108860008989
3514652761

8756703922922401249
3791578009

14725237511771671211
2828618207

11587853307256210903
2115598943

14612154058266262189
3704125819

15636117947276068181
2612140523

6533548772226638749
1970347829

12758576197561636487
3101734397

8167618040907299323
715679399

2269449904353432331
1073468387

16764598313077888799
1715017033

12512738404652324999
3717793241

13482632535999517393
707383913

7035312114264350617
3439837939

5027275550163276013
3602335643

7906531604615866531
1532910607

16145897612426698373
3862601459

3935882776176679327
2613408443

7922359867186664747
690519601

14195738850464059649
2404197023

15176451378273730273
4105813121

473946774023483983
1778202827

