32810723049814028423733772550520665604891006018659
202202579532742317625330226747513973375595349531041
322381742336139131328262978967616592703598078534829
204551339415004807053208225701965693666674956269251
84985341782832753420278160502065751244081373305599
102382270468515141732430255298201502097830599908601
68612363839284742262139426928958347143739226424331
53804047061673501658603826128789567942451094603601
1146403990145462349855363113171145565637785080641
74092486485094744220691347261820142347172754953709
82874292934961913392261129942448101144055559306589
47998027659928465170389168901481655464317972385591
132402366611866140705917706159421231149176416236557
78037953697912305935304814421551184127258028613399
90719901937467233087550907627129585967585855863963
173090755603660342677261458162827518373492549092583
208698096793950096554306142138183292890256389935057
269769451869726986951234061657863568113597466072179
144792352446846618264790534872944684276973196249019
2196453700030876388021089116606970639875825316313
68230568955094385143443270017297037193138188131377
87376504118312898615569440962771617102753154166813
109494585206216221575549485912394748473602377662467
36713914979938896494051830179791881394625572149471
61831044439606474263768424629942046599154453930969
53788766748233249073721941657511023977454397854853
48197168259939232553424488915543088099222964988869
222846862926915356666068362338093475568974789890999
1731649327282327273436959233034270331496663080299
320736456729941530541523026836293269176426959217483
19154849874760668680016748706776438091921993662651
124260037109454127044735573679074322262733408367781
85068271401686767084705124247018220069089790576667
38727278289737051375297882919130584643169014425149
268270044202510064257255904290195164233964611025821
236786600364074341412558574021696480981883579957177
29511792265031406796473905553146406953791328565839
233287674675280651733151080504263789772994404463871
70710381040798798891902585570780342536575321735943
61125079122883632086036902526405082955317361560253
313611250928453893156492737599549059397298592522859
202895859366706246906510656819800276656159428239911
133119269923758007330124853179960615823441621966337
42300565819514271995771297820789612971961003791071
48162552535146294185492231898408205620470970889849
321333436994104705828635146316595337185377899268277
28177843998308061986451885367789214473433315875777
27520244192314755034235262337735627996018779161971
9411404702060469131444165088386926188153906428047
65094628475923559301810289753731172135501272242111
177717849326734391745671220805726203752180924491229
160287575242100433074142783456034992171384744927503
32848403522686355386393349638638805702190972347129
2672132870066214188797764305504139218971824089203
7620618520303979256219318195289037469758720102257
180572426078399952746552227095876887105058109199777
2512924704233521085045995379853383956159057130959
80779200079501755619236867625913788489279340956981
131285543338164689349135878234228379068944301489977
39382882463341517593337631168337271616723738029401
250070672545374306412086267926140142494280008533221
17624286464676526235718641767973406290771252369653
100444181109609533920590303327584255643487573310219
61841248370359555075613543060534164028354435807
148970755803357198831187336560978837534843876377
17856050705370536972662632274517738862406235959321
183011061736251788112594473562466290522635297642929
46557512966160319058509865798687839259743716973043
4667360902089026689130361988451806639519792474667
54017980543935357066765812951930379103025578051969
34365596539323904216917131070962692781932241347469
18458177282299961287673725083723676146318226852303
38089124334536260267107539936191121847759449817967
168034027364822026359628875212333338082200777065119
10012153183749834249114639770354549824462613747737
319317955448230586590412382258568014228405791466589
44014933911891743124945909324370467149555808708097
133593652837646063634085726028712502974260466138779
13096709534116837440485218198357276602368831458711
18009987305324622536913033461990050922314996692337
279046789506695416850723217880352494262758385352917
32916929259122021681415114696104080234193922722159
216955532551510249228274306378647773460135525249979
207694501091904679372242263437850312448695028588097
85944810776146593265546739783292507791226055333541
116403700669565670359123198035226028167917041840583
37614073088199814539963841300020410223676584662651
105482699753928899777989245938004141306920348667521
24909145615760269894972242514829602731855402846611
148129934936512791785771082708300768880733100198431
114462908038135203715787314989391263967630122358321
4710061460189998188027781202356336667148124311397
168539918998223009934698808727163742349580279057801
203242222425763516994470608598677602795283074165041
286616177225627698142367441684003141962004127272329
128460354975574275796336884607659870372903592886401
80291570760416577102092576014477167164534280644027
145546589058409469246598004485406947561055347592561
2547028561808078442705843247845425766928703072111
121257618312577566978717071129638841429743109137417
