13490794325918615039
976174029037

15746165338258026613
229493621317

2391317791061908399
574153978637

12346154979421951453
967871958227

6120159109791686723
933439328683

8309016993226164283
1032137612743

5668575346454609983
822290310383

6067618495700963479
458762253529

3607044824964969607
492870665953

11952588053992207267
63999056659

4767537339308748391
140503237573

5889208647577587067
56830190507

4919660238237764681
534992340187

16664684247301157527
514175300647

13566770624011989493
151800484117

13395197466137420837
98109686123

17695045012837993211
274072402423

4285019414747477401
495327780317

12214196920775946251
687550351199

10405412145142642141
1056302789501

7565807417806607569
474682965893

968401910937899153
554804693851

7428916541217144691
533288352559

1054314989545580393
718733450863

8293121457642468197
47020394671

12403154477519150777
260994589333

13968643339346014549
983083260743

14703934928179873781
933236414633

9424838102131255967
34937672477

5355800483598537373
1001823188381

190526878058752231
628368358769

2069428341435874717
806554664453

1793318114943768953
470709994907

17516843464738750123
998188043213

4536863393557957811
694448031731

4590137736421686641
654184045763

17055721596014426981
65322777041

17356150820253166171
875334862091

14896053009840703871
436240213099

6474997039007726501
888145382129

7163406725308516453
917833142333

7874182353056494817
65810312041

3394640784670724293
264929495339

7393670651749241383
1007843975113

17254762388236566131
766614610007

6067889903864145953
646727076613

15093713018391451931
651838840031

9853594488008528869
616423012333

4137125062823863189
97978853759

7872787573066088983
997769193299

5594857147005214639
72469075529

4830113892431428663
330154937759

13273063000567563451
500413424011

4998362241155739733
86936840737

3077323954966553837
998751370649

5919663782545181287
864322394729

7051383770143027087
114059270639

3982074058416840083
878510784941

689107504362522361
483501455573

13802272336669139761
198381574211

15152635916395774177
55820769607

9082510488541839799
382752548509

12363134893006391567
235269141817

66293314806769489
646863539879

3383027914687621273
811360418851

13007133347247649079
828506985967

12519139145484354739
246290926751

8542900941371504999
175649018513

17219209373636486221
353230365259

13341765314309057167
122519971657

15473747073197114521
1033847800331

2553125859380952043
734057072291

1818222780364631791
150290785639

11310922250306436761
271644177923

2943696260620984139
115335251047

17966218517934341077
260971551443

10128622312699879763
271982336539

2830967163975385811
696237388283

10459188207540122233
263529650479

5499127875469973587
177610797883

13102575413473317047
503901870403

10012186511382049523
880136069023

17529325836418961573
48119654587

8613055727138785303
187804719563

562236956373503107
449073186803

6212068494494706071
951984759001

14020466429713506943
688435622159

16031249435057918707
674482634503

5792162505079746853
468178014163

5187776851428218041
1029393473897

9885187643210386337
1055064975917

6375826308264422953
1057710770747

7164783249817178369
682584838007

11224985200204563127
727762141549

13161338791239495313
1078920354613

16011953756388843791
849724268509

9635178119529445627
616900556219

8603984352828267829
377138327843

7903253350529549843
827746414837

16608832587445587029
548454441761

