3631513386911910394942424011209163
9034999889595593

3231032737715644683289739421408883
62581408468086427

4960060271043334713195329612812739
64995529231407311

4564881295613492900352027950174293
44809782811124407

3190870110041140595963742993423101
26633908260758699

3543890183096871098122974811161799
28889797702209599

1872129776406747810114707143410521
36649363043076611

2229900129325164786558361359594083
24128455958229947

1224125435238506376710072736735233
936508593926977

3856887393640493645860211534835089
19210435494503581

4681743346886246699046653276842291
17701588232101679

1001372862857734026013590577648603
47932223290883797

4938933344334618315416386437200401
26807886922333757

3172285102333897969668195898113859
24599918097052061

3182225040438557040579807816675449
28508323825195187

2624940494327000784944490296363519
65940830269388057

2933406149075343807629805654910169
71145312373376953

3785126260779839471084003859551047
71270925534237557

3617089025243507729792184335333333
40030077069252943

164216444354807861359700409482809
13375357800861857

1642781673458226859992851768599739
41533558632573443

2031862978152603355299007387983787
43003147878483799

1919113330156520714000201704503581
57054778102805407

1139131844631375890889569055659041
32229732803071231

1213761599571847736103477541025783
50941671298068143

749200693837311986009386508448673
71794870440834661

4446913511397888810368608158593309
10838341725424841

3097702374948835598623125339350651
71939404098044149

35899001213734441509986140926241
48236699315740939

4572334818112294404167142639696067
70147193827410649

368617940062336889464150066563091
51963965377055161

2656520790083724760170660742712233
46775480761638557

2955446690032345563692495683507093
28783558061998319

4677967502687242217736343625641313
8278654836206173

3744029958620207448453528308784389
71652750423336889

4042071739094360111618627120234411
58580504169163307

960893706147011759519091510990247
30712858327866137

4254273937317187916542244482394399
54836072644253729

1581653561483837260941942980365709
44706617658080227

1855736070801561165943773843694289
32938455033900077

4681251700740370768390868784262957
66993033269040887

3642341271782810020905321828743179
55704791019594709

3369620265258835848366815957705731
39505718580883627

2667742657649491667342092354665841
15856314213150031

1137111354694346044482502892364763
42355176857848123

5157609208241709928864670150778341
62302788757361297

970987306873085422546176122922617
29019786148441481

3386822488473673989645808453211173
8125682490291127

171306119696579552138011115860937
54939103861147031

1334853353875204369660427825118611
48765378074638501

3367595571007238868411612090939653
52772919306809593

4203674029796055103574220540275911
38130353140126073

3440173964751233393533551594544391
9548471635230719

96034086036498629445874756395601
27824837829462403

538711419618874522261968967462513
14146012582572289

4553681092358117754113024301852211
39654166028761307

134841660661391568928687540418359
18636115069391401

1618452605756105042321016390738823
49911378184450147

3574897492580207406965902326946963
36724281915957379

660752309636861120537479320749327
59603094667933463

5050730383401958903813014352142077
49511784150500873

1478273456170575698047918087110673
11922209920708261

2638389385619777741375040497726491
38070264251769809

8027473285180825016010035285323
7703700301877309

415507143452327052289563433850021
358527544353637

913473030635948875445719161445373
19547430637267277

3222615160348778510203588222072741
56789611117091869

3311467523790638212674786803151547
14059480466492969

3068189662884694893003736748622997
1521210034226111

2719594303132106497592577279672793
19862514229318633

614358364586509421674769933288897
55937378768259277

1212007026054989698318281877377653
15229430923664051

1292507641193181202889052076721063
29469167624706809

3490568572532559043563736734764327
48139443151780297

945632332831572540053758062537269
10587786432565973

4854726714939079415724895028816723
65774651014982543

4677792304828481015348202228052717
9409339073575141

1983157500538468004344907499797333
67364116466479663

229425034141011725890441596927229
57084919190061859

531894922896707001796766713125697
33860047407939121

5021023612681842076177228485085253
55575677597271889

2464849045602664760522854823296771
13354541657569829

4949095216854777868944701286685417
43837413313981187

4555682677931933429505281342223779
45590203658826443

3032997314496542652058136007790657
28336593100615013

2537044310198103726527986519588213
45881619095756491

1777627217285268067123256801006401
21159708133656251

1650809557159873472597635075562561
63897558198903361

1380686440446614166526246185060053
18041131487974087

4578395379603019972407807514803943
32354115941239817

3173006420166903739047708687937019
36073960427761859

110479307047961405873037157787527
42632974319301811

4453972203504050004943885419162941
37840361658662461

3512886838826111892398106514423247
57856182607259903

5100071036307512820943050765468109
56198467665489581

4953415608417986140734290586623077
25933692048223213

1386821994717070136549837638862929
57896089812735563

2715779297894481357715571756915479
53592937088536759

382956161021488529153658630391079
6650966405695609

4503271374993752159883108834124201
26926562539826017

