247547191
151

187374631
67

125931349
167

47420897
227

109901509
127

9224263
59

174106717
229

17298287
41

151278713
89

249487753
149

154240687
179

102775787
251

160661507
157

181181437
241

193815761
239

110425957
31

218534399
199

51693659
167

230801729
157

2684527
97

83637457
181

122973979
59

262286417
71

9374789
11

243276707
41

87322409
59

177095573
71

168840283
5

227243389
31

195656537
97

217843897
31

66451961
197

56465501
2

46210141
11

160505083
223

34261091
103

13549037
113

858479
79

71742373
3

266592913
199

255570683
157

237499597
19

114503507
61

250060141
71

192072367
199

205949099
251

73109831
103

219343247
53

104467007
107

109758527
157

64798823
181

212146379
199

251280181
113

18199243
89

23322853
239

213140569
19

158153071
7

156042767
43

255164003
107

160010101
47

37046663
7

214522699
3

43634047
41

22297739
19

185970149
2

47093693
37

177672127
197

75086281
181

46749739
59

221510347
31

256300507
83

256904369
19

239809001
7

64468133
61

73533809
59

80700797
7

91452329
73

83253673
239

182086427
23

200333999
239

204674731
17

134334677
239

262039471
31

213551119
173

211940549
17

119567677
199

17680519
83

264439271
103

70441561
233

130844599
229

10036253
191

115452263
23

126104207
59

57457343
173

83927863
173

89696273
31

13472243
181

264128581
41

217424939
53

255770299
11

