640396536012036418824959549545826054577995633
1871471990927559270415721728596611662826199581
547321830252668256941086488043073958808989127
99043556391023490162223120599003688819185329
12609771549529071987626070769347906831342593
2574673868802281435707530072514756559266675453
855864087557281264014711316813813562267906981
950982414137283405491782320655747634466403289
328972481990493744877006553901300571209678553
368972867284978127111680168443852870342878489
3186491044900371761614199762950066382369072027
4052938063377545360935680334500052129495717519
634044643170188283230323986901221449557215383
574222655277272150393465796725015049438869143
1479839329123179866925899267579098655416148869
1336777038104658378836015874822909820103649079
308236354670438126616506944942509712509505007
38806496121826388674148489013203453636445763
1636397310735412244100008306978945035645763887
75435333789024699725634243176228472205848871
559140817141826153040574764444945391939714931
2028456494101317642540706397168654645744040469
1490841885630646461818660464832325497697457519
947115537917747621349984773094223834764876883
4233926237967545779209445603486548728911922969
1653209205070981424151482740332328729265500807
27012482867644940746587600896396901553752439
1230451813319928210069524692033565822969176717
2025088697260477499735509315171418638056244459
1056877046967677768694487408582708639246994573
725713218596418399632044547218416183649732487
546248127018964004613702086900306943372316973
1367026921460459591870387165449575236222996279
853327523777220341306628132442657950148128097
2012033500737739635874817593726764432554537287
875346146191806301844851595486537870306460073
47442619523208213936463312039243521033953617
798473949621777374916535148525923292373866911
846199127983822290960606185652720259009031123
129565332686682532964511430418247231815819689
264278644144609986103897283766120918084129983
260601251699674735262239205183411550823276087
2228356571292161165487546931265227934135523857
1947065200673252408711228093142105693451591127
670939207443586604337603483038661940020267913
1426831823829369028194295248394792806829458103
4116477025055625386455413906058951918026298969
668365368209132709592684602636122589022296727
422893154851229186805339142623222404523240637
593663573523195537315930474254418254950412579
862750339547998978304161409237157470905044421
203572435954271531667228885741234468524530039
999210042101122309802598334072475430440422451
1231072049377154956814437081066650727780210123
192209476847897831441037223345744856661753379
215142986872848051713364506552141650771894669
10062877491703064111879636329981436468502527
826426179169209773328848766729366457369047697
3362354121268026765722258675866066211629138063
162780420402746737841669210577119539102824523
519655038374885579155688689804536869136004093
107194455074265882767438687837149124715264563
428532626538700615676970798221724681519102979
1683142201583617067788667366651239403471070797
2382641257747848665517854459192514375504773239
191601119738083941036742205036299857642951413
209710360917133230921644156470461431006179571
309048956995958204922438786794513786619259877
2140218110717289778263479149726026491589702613
248190818605970352476182773060731324082293221
54056013381099940447505450729200610455876763
991557597903827016115727067011703958531765591
2036252204662031897346726289410014345531756731
826939901431527698722754270926805821844371597
2352607146776313851069410650259930091783233939
121311632150181916914010433784249592340800411
1021065847176802306173613408359806604084964319
1999672129672369157625421470421801637596659937
989445818114315059692479379452225288304225203
1219411426678878824278083514950992724318014183
493557591285944263474294801319846149494098803
1431644949674696788236377213800465228021143517
1257122803015024980413487781962577471246979011
2726555228738732284742540262718752639419237779
1945157074043307761170491518126564350688948069
962776687819346235713081352933090655089770987
2604528398933423570890172020222819809791669099
2081344464648995736991578853706270067951398717
141779686171416029155973736522184307771533789
880819688381180754980124281879191108254363791
1605027987645450252197498852711366483306928271
397217726492454044134548470250935451071013659
735689552044902181399966309087241926399084867
2314510739617325634662417205867307088610614459
1187731282877098026656183365884109423344290591
741809866057480152793720297446852254711908753
3160633941539196502921583531723792048717519087
71289982597933381496547889902007150732442063
1150592738974090660115277736529507189282980391
890221542007083730879107448351316491091610751
