874562047332813536486199492943963
631552294134567861256673

4440949172288321154349711572579529
139100479177025641342913

2611657973855005763419302287218049
1015054878259584743983931

1146050313987271233921729902069393
183398426041791061704587

1303877505751497630234157451417417
1156737037237230473808139

5049046624435072136989890411558347
1053501605039324739976877

4534865830672670405087370601312943
558625141588383256568297

2999546133300732674120293864674097
891390135704180582316569

5167973294773965132817995262682321
1014222430257708023476021

4247878332677279102617332340548857
533308878126090624126533

4766230162521786765024548152148801
326016650569031371553381

4753753335126687878069068951690433
514521966508407006900007

1009717351548024994612600673057713
671659786513961150914501

3129458917718703057488412061256843
823868172321584940667123

211899365945343861461631345158617
410527425141485011766657

4977756860210379944210207097910511
607952035065025407654497

474913329971084700053229139899793
876008893755527645835473

128896396182616746225922854313727
391701708477270878963477

2781011260293346565177097748016059
885592036832965180107773

4796802888378708373091332415210647
92231554065972473163541

1944384790693461355948838464165559
527882137735123180707293

2511835662602984198803697851791097
232962275635915476372859

1615749741283587244487662488876679
544001237041823876353673

681460809182926247821595819358823
317691491414815345814611

2235839754196719624847363412750321
583836371942018410782089

19861802270022642698403543950807
345303069001765669755971

4604822801907380954822341912684703
665092809680954572285391

1979723795003267290728564607214609
911992416255543684859153

3188182773980378133661564496710301
1004402225129659031896651

3487274825677793563537287242909567
367135012367074083385147

2125040838313267328128092945517819
284066988821426638497209

3318494910711714048563192962232807
807197857159848719100023

675484367890432635219446375871787
142798508291834478434369

2012768223827521591299448582499501
635691401169972735662831

1528612620177051607766712606100013
455089334306127430621589

3445281077023784080318514666108291
1020202144811841662401117

5166861142911176109518522065263419
383840180370139218873671

2261408588951426335587459249425437
874446785685950906638831

149379898647280512586789301463283
825811844017597538026781

3414279032566618389934502304409043
458465485501911348729623

2707753229837945734191656914305227
690233919526893966671833

2821850739596453711318033401210771
691609862887075981866049

2071442178221441894956555546234237
969928343926049689045399

1555573813329972443670986854768931
957902543792167723258051

1139185576131541208749893011106781
1098388771837324149579703

4423714797157506526275950461490767
81203108843236348287617

2691675904740474586767391998139619
627639863247501235164203

3953721629377401705819488288527757
373042941236981746463783

4272307732192142628285570137072651
897088284962519661977023

3016330123445016856588095972186311
664916078517056209366961

4330208694943952945990940546207763
961516667303863246493623

5191869861712334455551298081379533
383216042258945916413413

3230064312792024206635389589704887
426001496530295613750517

1423971820248962084290887994047893
111187916494390416193021

27864535270955826209477391405371
1040706612984735202250023

701576872698141739325977457687657
303257052541290988485209

5108123271510065938593823909511641
879076163901503159990353

440971715841265036498897021471369
160193029896899879271043

3269490342346924706163117040368967
669190369462778988647941

1575782028513780012743783090761343
875507129062102592488571

4470380883794849016033316148428837
854442063296523527154253

710617811913677196631297834994171
667432628090468890677869

1631962542118492686009563221491781
1051998939166399262263861

2777397005363271855465071743950451
777201983067568047219397

3657172365115697772040878936610459
303828087052323923139269

3010679175530170005043690392428077
278363030669885503641437

231157456054271797690967886250309
484196420101815668042533

2858944642946154754070082965108029
420869520535199242562177

2627617895482882674528122127581939
737484143034911341744469

2523964322731496829187358222500627
166612924114046422038277

3793521662516213088840249352922197
841230570011985450476161

359387510485246284672984617993173
603011407783625465161847

3713062557125928120637767586962707
844895209020587259097859

1070382608913615730085334268770619
633651636775837515986323

1910517090973347078560889893498389
196246406416464441975601

3186434795683333949045919177842977
55542472592041788311831

3541669695653797691235006696313357
1188087722825388475014637

2286364662376466356020357526719919
580598709422070903419797

652219664567275320285207313580681
896132071658178473119979

458065583093287931892789745363957
749241892168823997262259

3540642704057427593947286313184687
1088476662782766585470459

3381437749484858997452327958411553
459718959017833211432459

2763824501489467519705230108375253
709610112818524577854991

4522573555436093061748069380490429
529453544622067501330793

3502258035498670195569585460780319
620757126111390421546213

4162180004111784764810300017068919
447888231051765655197041

1726109125202676957702500938162327
348349025817517264147403

836889954108830653103269475627033
698192446382399013928807

4255802338342540211006752270181683
366076081536876921092119

3320959602492237954547275187899137
933751465145835601544417

4797239194668033306640288965588571
917948668891169007953039

1469981290223579805030694279081649
406810403571493773830683

1310589216628947320333282009704537
676435871424469802328317

4830395949575948662027144378944631
667317126571121524741433

1574763806368913075598188820435097
1017529247657934430084543

1278549875344432055593616005392031
231859868099813158287947

1943617695475970820991587228793889
1149384244331801769535259

3283302582898233573704144567728541
162069092321445783477197

849224040568201323498817400346821
795675012258191096344051

3287331820431439775374959541042583
1128375995931776058942611

