255182519
118374013

252673373
151287343

11278097
195854273

164983979
136640089

237803957
190396519

57460811
155566637

190278343
26712839

44121437
89940533

225193697
193457939

106053859
128169809

227309083
255325729

85141123
261889487

131358889
219555397

219421981
241303087

221419417
19158691

139948439
239485949

62861089
90572959

189734609
263628119

39949387
259750319

222660703
24322157

144573707
80908493

99630709
259372093

204347797
20507281

64121129
217001777

47512219
123175831

28457489
58287721

189858233
244636753

141659951
54525323

145124509
248454929

33270899
31845061

20075261
22197127

44235803
60070679

202063133
90829909

209274193
181338761

158150273
117841727

187194281
53049743

203394853
155939143

3517009
16001599

41408161
217328983

191200417
17632631

120477493
23488649

155285453
152230373

199926359
9877237

16919141
28123387

179370419
263454733

14904601
12768341

145377223
198574697

233366839
21425533

8525707
195924347

4905067
135910837

140347117
189624499

66325471
151419523

129216403
103268579

252302437
221268709

51507013
189166189

247688537
44972713

25620893
67437401

13969079
3654689

93623221
162454757

251095331
102789931

100776029
192361123

111538027
236894557

77244059
102155587

138775519
95266669

14352953
167798597

195987037
222685069

246405839
4219507

134874781
205408409

197760469
239157679

6648401
22762027

58372357
198763781

225321301
119818333

133121059
155660111

116216791
220502453

197073379
123815317

11760239
55222837

51391619
132835321

154672279
241508363

167920859
33135121

265612439
183186331

64331363
48428917

243276899
38241557

233389001
148725463

204576641
173596211

164026721
160025249

199642901
65814779

185980807
176113177

63718891
44325751

166922227
214400449

240718469
152283979

92875927
122356397

180828997
123558751

191827
267091687

43611569
84667943

185495377
37131823

52444829
251391629

113490449
195575407

28334533
223811813

162776417
75654077

40526179
42670417

