155397402540599040770396730858484935454728624675808532476817797
20416606543531957955672962233082437676629495600049574522192783
2425225620569020572694237507258705338019572072134549435890127
48368911883340087009155381369743163726090863958007946280218037
22741375748025172970415942682199734751403273695689275201465677
37326669109368750930553576955341382851585192226707132325151457
155060402713672105612080942931663619391522559506874816698241699
10611610373197194041426831411985093606593469223745319630728119
19841412844036703133814462580156654846988370027965466519165189
24575086530928119234679632210056613265527490180232960313750223
290506622332225635410691214542312337074159856062130256307101777
80642767873929453359020199389628631715362118982113024303477597
93194117560699154953696534714921057943151860328566211326663143
10267926432292484924792634718030719950447921635142161910002043
205920695652844815303398285785079779503662796510909610628042069
6655893135974425258065378425009525195400471487739352312345961
72028554688511642703786041520796179409272896086228058455927549
29424180516350065505177438137400214719432310140596048454523623
308564532396448343672469315531156373895471987211639941825883781
56344712994961759407412645708908265052130649153522615323077807
132122837188530042445611883196866153803840812911782765216119827
310950255995571701490180640932179578634851630309490712205451947
18795698903587711097066596352463882812524368203474908416367387
148681701313574704047359856779555458867331495841968036822873411
127666512702365040450324843544091215408234130520879317892141757
26988377943538793225651192514891077577309701603415137778252979
12871907752312791601223687578783275772577239053381120295989887
120372494112257574513588476796710333593458281099577619172672723
46241581337230402389245651243722100502303556329263461683583789
876739688752664611775319214796859072609722424097043645316329
377935554548931330834427795799422215625081654791906973055896121
33111789203672571002031526676379716878143098051992082765025901
52642640611228668749288395974924053992055176110295891698613403
64704718890775732664961332168162765518384528591293776457864359
24202274517145206170189068718316346001729612503928134423970603
99967956733404287386937338073508464561264161784530162649267959
132920162170384022401792490702710718392502960473343395050204859
10539090152324163158274413055250869690662927833368394269686249
8331579086295971267474804018610803469801636189320098831189019
60498315062820133713867353514628928109396877562119289800056503
9148920383445204993912107915433303604012214820626881969667
189773689902474860382920059852351567763906724041588496337400099
138475508397092003661372039311480880536681092072837594126073
196243984242271755629284609212334821306375434999854928874672023
253281153121340061581455829176807402166118196843665088873398007
4953899601134983694975636267198249921505651215991855232401641
21798898951765727209959359105431144415194107415488110692987219
96975410702811205628397925501370611570222976785157099530061183
121292489118048843928330229272853480584363201089822598651145351
354139951412971759667896978812969967939405349570663577612724559
410542926253561671040486062928200430741799083738568262860933
89573598199591771568328268275550690420937936360241063612936349
2303073989101030403301555615875109874779031201951738800890183
26259781894817405824317260252655536610587268451276481426287913
19536715071762037970794786569821436763729545604543118801411851
18929507570487445943403644458556328785081863580152606980214949
181411003021542238304022255252652203382900413634590766157425871
55248742441242066414035190729847914761707268374566152436311669
214512256934448092602102733347265376751971725554181478081144053
63023805941669548525886247757155798710666741278925841308295793
339757858419048632996710670068334204507022341137271252851140307
297552469789368264896978944717415944317166065272635379248876721
46717138577644998218867537462653481227116489132272926901307739
220091918919975721185917194553969925981508799713578782217665647
41336111219704747340419075113531182659243206592429251261004877
220245741257969102038077279270871961491567724429757646032065039
62722878936541637185217010755808376303375133884630500456626159
15354938984871392160818186081303022963046104748633076147899739
182711961322300774194009332638647021729453493014543280509047071
51856145029748286245649440030043935172922242200236820935422971
65752645368072679722727493620903923418093899245973829805401267
32277879226099205846416414983928457908915736556423776857411469
267113805316309572643265543412633308514043857823276009996445857
1775868291388281458169224614106788506893804058120613497033343
54281895510196718045919284247019594000402275151110848048514721
169484471693766884652500211107023986048097231366120794190954627
181134427557687080355285725026262652427714487267164560389861429
43056764306704897843224906402986545131423108644022821369345371
55594130445094519881574690792125288640050836511398034678225481
12466231716670600389898111859575124416425681117720098328573487
360428565216909174138928331777513681460891192299088805916041277
315994813062797022429016572296106756066142834045117481553792749
120411401647595313209696842529844702193372103219789711434209247
49315557578337615777935881297713852054580632662408894843928017
310245701037947301721661565195660899163584011130125621051259351
28879378526273590583506970028212575735444698631189087099228957
21348081419914592571127646669460850486424970512545148619587233
136143904493404321226567099913778904173464976290159332442136319
102692343541889670541123943030049305732977489403933552026310143
311980974388996030891500502388020896478768544797959593251050097
158348042851604826495227545476699590056423291311064373740441153
25975781068849788988773389971286667294574130512835943656278279
58505958097287202452263236551210188130783856324609307850442471
62882096279155619222544471028221501398739688635636450759677399
225349589690909042934144584609423744767353590520560174108179753
78034820014468834424970264461565772229143942535815610772003157
142505942854527802868777339485928195758597243969566335705672731
149000224980096582956429665640445690379921590998533229484264019
15077091942388498290040781305213014730291354928551881272656781
49798778760412656733769107519107236763807309175087661996983289
