27013650397296124607
36740916422312500561
15308985739386015403
88755311445052963939
138168584201623469839
204463842768193888651
108672338010988500689
3157330305645076573
35905374506784043123
131372253118012446181
3334767239269974113
37459859333915282417
91597273966335000683
3662607438911845841
184183724352256043561
8732827087451379067
74299295868600554321
118277139264435892799
16816763788340921519
11363393674469617327
42900065083981046681
17004605548581107953
242645768746813571
55194167429652087169
108636570378392200679
57373273092771292661
134322611216728911491
46578698125229102401
38366370429538350439
45259720095006764107
5604890757207048851
184168192507169956259
134160931424067867971
61247671079459294257
38217814863645302069
234811764952514844527
206271010432948979731
43995820981182661469
48843763642664689631
43704641767053492791
128214581444832940051
27398986859697685543
205296378278554025191
51905865971992725197
24176008529384361011
105283579029952942649
21159957943563982351
196629864665482477561
99821084440705865231
87980153409461396159
7323487038121576877
176743096563133437019
161473515201944825233
27822327731520843977
22717154376730807363
87545441241790801483
272135350521041102363
66976759295568647191
169225397009815501189
211609317408487165939
217443895040936987303
33219380336295368753
82676299942976892043
253041444634928683693
27716497212767748823
134592785316242188223
67248281051280463091
206789312274677792063
26320394945446465673
2496902399068360007
235345634526789239203
4165075676478365339
38078743384665027293
12246521140939507243
96011906975887168237
74703979715112595277
89702834132970078379
73411283519790771811
134697288362345441443
1546597218714066373
68896865312291106359
92940339237973773893
38637347374065968629
119783808572989685401
133191717548062866677
9977164510062458923
195560077712910767933
57511080181688113139
87095819488071841739
30129461606232884471
11488613116970084089
10435822487602812529
40506780179951884189
57721304811581275351
67567335640328983469
115833068162986317833
63085409201266345007
103014580622921366369
14640734500914163211
6297485012354168609
