935938635167317329841978981
37504057749618351533400289
3130615431172302591579423227
1199101967877639766760366809
3483829325526803288903142071
182429568023403470583193031
365755933673744246291882693
689337478890679612526181527
576124254805518564474464131
1161884238359966720906152679
1318477218577114388727422437
696307784811441626401754279
1954442556077794290059968487
1444775233270747576165565057
1284718127574904203730167413
2443636611611761565646960569
879907139247501963628403533
677508406531758740198823971
868055988568412689876817309
4011193951940632373387923
4078347474405872981851205399
1107550346576341401578276863
795557036387772290711408881
2677311187226852176126394647
1774262739318630550695599521
127096870367279306128375141
2019518418628746753056316167
1801104801264014412749520991
3656810716561307675503733101
1512715061852052414946067537
46744355025215877084353149
682630886947683805814222479
728708543087769170092371949
49113428348111340231226847
638786467881395178635386279
152242253116406818259234779
91849682064781618916462203
629552754929960528894233439
1030306033028849740409755349
1084190674269662387321639351
3986920069360377086361457493
1747653109185827324377632103
4610541169844982938329126201
1567386791847540073817650949
2483671582867163391698125799
3698774207122870476157461301
809253478953706479256093399
1967589676997304721174224077
755060698091234178257112097
422795939348248007713511917
293115581427397931963311091
24224317659743133384455947
586070705931068911160046407
1894396054634014528435138873
420394464261601952719968269
3072206779355016828568919353
859365927012280465429757299
2002416220834779378223941293
1314805576488137040228816731
428864284243760563548967577
422714576585163262554099509
2462918868147040865231842187
228081074322899422652974213
511750388570309285935337237
182849583695534499361689017
46584417672727301670659761
34292278628438336532798683
1350201847180359013367534899
670547448793534696010446331
735939795262379308743981607
58025234958294486361229693
302312384261292205351145107
469686358582652728883931269
3069560739493731855772957043
443551469670831928043817911
343971542004710029390885507
985286228255507284782883369
2567716758208214443174336721
100321439829575050379168641
495637844449438087447737937
1380200453821431320388688993
1653992387581497878038337503
2240283528761200645887269219
3116489788872066491024778343
1024350577361439990371054347
59650714211675477051035957
668913691360189197652683433
3345265319683868687838267293
2709214136831458900740670073
453873918210410312093675381
1819804505890207126567860521
2888906445514361879005242299
263247718825029810940225841
107768141170163573701930501
665907910293611258590233619
2667160979343286610525489371
437472620627371932421918579
310336851009423245436954683
2714014533658438255882318651
213879373694344383687086099
