529756159277642971
4531634482027056583
8044176021153281201
1484251244742283097
15758936219698869209
352963181009278501
3136297252534435499
7566923693950698109
7146950653234526549
8869795068367277521
9219503977172101633
1488760625604751579
3392322448617158369
9487153696576205107
4776996755086997933
153078415126430803
9743921800652514437
755464008767244709
1598583568452985831
3678396965509933441
8751724576879056323
5103457159208400599
709610236989648509
636496738461110099
1322644348647047927
6250410259324115957
7207856604101990477
3372904890969706457
5172940684579112987
1035938626887604501
12814038758855765117
6893868700623303197
2027049214436807969
14227256646905704681
8164662768523243007
4589889483108396421
12413703686815333867
6478122947483807453
13443862577969292481
754784355184635221
8497369023645703759
3821693858631386909
4659615133006697671
3205628747503138907
1957212365138720243
143419266675311449
1077211023094631627
7898880722042308391
11519982612268590199
1635916806061519309
9816027552457608289
321126708931211437
2569922405096373407
4868408616146201297
5332810055500405199
3885646375083291563
7597692180075251651
2780040398990946881
2697805995320384653
1103789090720008289
943228111632838441
3260903458953307457
1323579387560106091
304764977334847901
48372967576935139
3845344215750934577
8689555643088483899
2867290885287325207
4907000210753113861
9447324295293631049
7454524968326567501
12947622829578312727
1985354424334876003
2803241935838381647
10501433368585400041
5781438529255937129
616325255231858087
104290037015695121
3623294245927722721
13980059510169879121
2154896978956126151
5779142712354567587
1161655197534997331
115318024778266927
81313263583852381
158818375731487891
1841106885141855809
98789633623161583
2116748129692918523
1210244638061569147
15608476217362933
4828462514463720019
5533096790305576553
405010413465877207
3516387706937522381
953542875085684049
77846413264135469
2663846418070667647
1459865921662583299
723224896106363887
