2786724113360105117
3693192084705027911
1967997792353445683
8777669749197281899
388952562501560999
1136845289740920821
10448934642243610013
6208266076136869049
1633685396249913683
9474582934068863627
7811797799317333
9392529162207546869
2934839309176445939
6669782518827752767
3559624267408017353
12575390693165334641
540135277770070963
24941379473105659
2900404976049869467
2091263149441225769
4562051343126440567
2445860399584699793
88031132974583399
658663448790610349
10514316611798573111
868579497986431631
5495300682094868933
1303264539352054273
12915784773606812299
1315380004296727351
2315156890715295127
2374955391653619317
21819134338274051
13579604057746522717
790139217210221453
15632589405125971
2125250512440882451
10616592898924400329
1011189015527074679
6861603018001197833
5350679612000726291
389647000791505753
3401122775846541527
5285384345743537129
4222807740699615829
733855145871903149
1099417077703113173
540711221544489199
8960999445508825109
6761790331346600581
12476530552478439739
5541449451343367179
813295234011709133
3887662680482833891
7942849763255219447
6295239971898640537
792251768828334973
1863242283393491003
334889423012912399
789440028463152953
9370987280109936587
1796951824617562121
8444910461976169219
670032693114374567
12711022638988532297
1184288419276841993
194438851844751973
834107461189123003
915295629516548941
907462580080983631
973982464222375939
4628288594647013111
1147294827939689479
1211055706741144171
2351960671843542541
4053412044876643387
1060444489936256171
3525036367061646743
3037999326279947371
1232334214441142471
117546616927724689
1891885885676080487
7637071775227202069
4522986190161634487
4933154352553149329
3170282475231193867
14719703095994194757
3209387148948790129
10099836654540623953
8417350644304348073
9758812706330296751
10310629232987540783
8250009894985868983
54575876675914049
6651464191520350261
3085142172435209443
9457927010513203949
9395347073923414699
646475049448992871
5954717708484663431
