13169363052041472958779610887443
3613644505333058771959530109321
1372984623923636984463896872163
11949497196507151041324837953831
5712797210877098946691364175809
8576048963629473004942352258269
4661214581065583001542280353489
2783594334642015004122567867391
1777806585002806890098494690471
764954360089133824025204540953
669854431423045386777954495043
334684849377306097080989372969
2631980543779755667608005535347
8568569033043397569796332019969
2059442348629314189849717382681
1314198618958347279502829944951
4849723497651633676628933950253
2122489155322118396112450116117
8397875382493246224466597404949
10991265874821757181083694961641
3591359904459700301545662644117
537273925722624507853277208203
3961754663563995512949323114269
757771450732682764091081729159
389945843992887663833505778187
3237156209293870937686022861741
13732339442200268251972438549907
13722247513371523763890921437373
329281906761012096639697920259
5365565116811188407407047863113
119721061667159536149487163639
1669107081536340248586481334801
844132760751812324458014722371
17485103701336000149532733065199
3150615853888749026920887300841
3002794875021757885421589752083
1114127099089819087899237743221
15192443884676901739998391523561
6498257339346909000729194206229
5750738719493660772214165100629
6574812104499261014943421304849
518202397722383554008469191497
899340469940001954232097570327
7451666420335280922324881701279
13227752939021427068973429872917
3924268698735596724489644897189
9838668385669087796188935049861
6073982396606062211624773541377
405350771513112978970454377451
7855224905792543624580861324917
405454125160286355830547469031
1594685951524579551408213586217
6642018903227732062858409421961
434541822105190931981243903221
3073481517953847195655800130213
5116497976519981400619278236223
804275689818195694254840798593
3498295006752971669089201590103
333184481405557009013260567853
2738116513837361326050352303571
845831798427881824162717038439
3476354036349111826342854309691
2908664136445421859063955857239
42882728286219836526911951831
2744854945845573490886137817323
10776500845599005733568793474393
3083350382266063945439548722989
1500552165605688609180023046487
6082347616520812632933150596239
1634632708163491380639232715719
15997499374503086095112148706451
1874140093527625014336855140513
273262130127727454758345649449
3072546176235461248777231827403
339511947224836345787770143533
4688671920189281110472613524111
2754806362529163191405101560257
1971025184561154020747935852513
2756306212627126924431426999607
976704489622868672396005516321
6602412257945565546715924659941
8812086478452901114098332226029
843505104391455295909986185351
1617572515415790622210380982589
252485541737068322209311896921
5913794528629247654271266595071
9652188529499191596429971149937
10812799353332595417889367347621
2711763139337623281588288679039
5340263634894134215157357975777
10429515262718792249211170846029
6743780158663362417496827755891
4890572413931725709369689470583
8169119268156703374187480063723
14200036315825949060913111428869
13605745693047445075675741477619
5943946741206853473845017204313
3244892271612989456771211862847
6541889626449342937970746220591
9109188005049374650953137518069
