3131971373051
8387089

16636871266649
8076797

427223754977
3895337

6569513150077
3074329

3743445481757
5736911

2015511325027
4483537

16294279058557
14132213

9814787283241
8832517

5730994235627
9438971

12751218750899
756829

3493812639529
1069517

10573542887317
15807413

7439343845029
2926961

12980706619613
2613671

17449929950879
15920389

16546633795091
5496611

827746414837
15818521

5278129642153
3147229

8492188253621
15854317

15696010005253
13082593

9287263357103
4967407

12612812688829
15133871

14899528143853
16729457

9191191493651
2489017

10486330917371
5644217

7306469063111
9522677

1337206999727
11921543

2528461753717
3089231

2349439768903
55291

17448196418123
9182027

12829285657649
1102447

13464106372777
3993263

3560282482909
10773143

7298365978723
5770073

3717469618519
13302239

4182985716599
9287261

3863571866393
34513

11422769420873
9464449

11086824651673
15161273

12994797902249
13779251

1830330669443
11768989

4000252647929
1282349

10305988856287
4501781

14416979369339
2381053

10910225013157
10554919

16809120664207
11215289

14374320924797
5836723

2052811508611
6009323

10794305489537
3133609

7981236858359
14231683

5909854974899
352633

8928345369227
7792781

12802250189293
12824389

2707822880443
1705199

3030902407097
4241201

5228837462549
13228433

12916063509397
4412533

15628479686249
8350193

15040632348799
15619271

1124135224189
3690371

3336539417213
14279411

15651279607091
7412117

15513358174621
9999901

13071123455651
98939

11253323386457
3597541

4225657341907
14551051

6137096058101
1081243

4826957233171
2245141

15411080709379
5457839

15027006678539
5792551

298812152827
1654561

15421484089769
5311877

6232824573791
8115799

16220879268917
8831513

11656279273831
4787039

9908362774697
15668927

5391370889197
5442287

14729129962997
8723123

15313358305387
10304717

9127701399353
1385693

10126833500297
2153

15429649495261
8431021

10798614896603
5887129

5630602504633
5082641

1928138932691
1918529

13160008327673
4331161

15947200029311
8148779

298573549189
12851929

2108724949691
6430163

12092145083713
14326187

11398636977359
12945043

4851982269829
10153447

12570108893033
7986731

633607057933
495613

5250640305223
9574679

14396453890267
14458439

9116830588049
2444347

12206482247513
7707113

9854656041233
418787

12838320407191
10327201

