294057075710694424011551267160895725668712926585327152851715007589371
14726389054682036249057144106698505817959849715440098265130814793553
11340187140176911875696836852471915017652687202715209487643997531743
4894534489210856891023363238277608635070133803395290904128562328633657
813822290414312178052691905964169452325728108479384454233969260111457
2754894428843888222583156372568912137125209350691009401728320630907629
1382273793785280702703490590827626052345703877766660878683542588837689
695946227589888598200465603674811938404016780745637128401983894750549
531032604951326115726323328611597204281620872622373980669569317842433
4509552240566401826384124761215975267682367266016874586130222803581091
3147793236572168589045549978842895276857730725781373276133439286038983
4469168267409662660470754947567350453902232094832518292436263300958857
4201376855751843376044595838069044289716683802701135736307506319302507
662178261604253024803727630122782074303595646874146057568358628379041
23240521638985966575251556568077334947261942682865287463752200514099
3011612873511247275292762946338492317892927502090851958335133615830009
4853983241110768766967530752910804233858452324576311412701855531633143
3885255435615357850904006377288739853671882715584364990061819167799523
1012499928652115186999929713461437963616150123825789633356798179212243
518830120832501711058776709962707703628788340767994629480618578225567
41307838143680416745549650494072925734278353010331149738447962730489
2143870820042189449681398613392335147072422065997802716848846670334801
868471735619056884731517657275282942199191018213034329393889533380111
1575281745983324945520125931233386962817999003848990142743400226021311
1716583445620417198982207327165414168668173864157098508172102107678349
36195761555910756877659996992429827229498190051214306251238309267829
173033714956237900499771725372236544719947724091868482090055961045191
594093460589825624560580897281919176279131451961325418282647934799251
1310629126942770678492625693664658145868971818893789368015063400327441
5163845245274725046412203694695618492272832029607011055467816900939691
583023550105532508472772927905122107079524165691572799790806409541423
3140902617015604781402456785960604807469088971427453956231994268804741
1846516732107048065043302621250152925195619576612857346446126709377431
757363404441237219778604821828976432741708972234101165293520168056881
3447903551159454837851554405259080763330347188053994894156896177215439
1332520339316873233199135088295103405230451453233100318322641178604223
3343820449069019756655868524078589673274758316315445682637333529271707
199515668346010274443590417657162568732929417381509052904848589877167
417947696141970614658440780518107476982946379005718261713978273238153
1297974291240376083012334136493124726509905691988011913666460988657659
197092913867928582727252878422095945619718234195094408083001704929573
1056492589289651540125094982023724294660844397673030798189015289851413
5246092570251397443469469283204381772825303797287422243907453528384191
1674541692218126732816480469635694237957477535210916528927132365660279
5836774788784748111843225171157761851858720516496370131891460473211641
1380687645818522111301798993732826774134833061399762009628140531866711
2303266459852035020718022130062979124475965497275342533209437385157347
362204499459626288748529897865323386461825749751625568813794877606477
18134846898543213005303226872330703311681776599669686915214573950683
743489775141642125875609595736967786684756594580978070461380041222961
1580529353638660143119409920293528873322262808196476773024259158954169
1286046203765555129575858787422871827531882979599886483142297807571351
2370102252601190785244168422658189306233875796648293248078020187079323
3534729969343960975221832878309639317142166314882644379728432067921721
3868176431668114441348316742741751365578824178631509614456552836444781
2552662867205660524598803954732160678921108731965473065054996037995477
2442850878983627164360864394888421867124213766007366694082942813995031
3194139385860880936875619203468007414620216081455365897651675210063369
3428515869542219838284012680061054201582275748545206864863770438490561
1366758369807026883983148375227116668836221804776705263755337164171063
2839773626184906609751885735936321314869094636827295024006759102248249
4085738319622119993018254655734193296344899093969071244617550084034517
4520389389438779863518831356827353990226969662957072619489261336324733
1399132193670860475000012375646617068460746882457882755169992077751551
105904889859653972357869630054693079404412617697067459283803366836941
2578494892910767774458536935389034189970166723434907683052651967528471
2361073206630152684506018382143058800351574043274379983152908221283249
348435392907000335505076412329967426784811524292773640521636988344937
97010537502862715287655811695854114337081842894440968901413492740589
472703297163044511920886643604531499251124511657753320863157647553307
3465035965070777293030372828862107812573429025563295377919942029098969
3788658800264376972879616994833125699435262526017995510948496983137713
3279899028692460149975752356777809053773862142297785476114113896402483
713667281419733736498290999238239240328726945514319413094967305238433
461607540436448516975419010405423355796709207843375506642615344179641
317833461320499142010311496743068368210865365437861347417162722012963
789472973613652340218864128987570157460102090787185297708899428987553
435547349202800419336625303570647594466052435471744195713502378705773
661036792440928528984430379765160273998206596606739589040828328096797
912834283859304198287006188469997955225295347621043506785292999303949
3237099151489778024531421568499406374398734825678695989248859101870979
5383900000801351028527095519069297073229317780519853348523450862195619
139643192383507966448727775343470844409550596831493655434190051140963
254200801978855906402544502657688164072897311600307451628305662514663
2735863731808020799820621617246582537694911487361226434912825213695413
2029223518170944188359364853908866850630339561404364913365857876537737
4138005751002122059497075821115846302817151908106737537092112979454603
649552134859882353770142772765988728014580027344001992254370215347093
164599573237971911244960759273523098561580554297605516182525742109797
772885975767987783441182536451695668817964026419886796029758935666719
1918208668272105572296375328080464815705027494039290905025688223730491
1794291359461482546936210806444241041008192704015487134364886956597559
928365570573942202199925390104094224099045487030532316817935945304377
579452282189195625783135959699496240966111917212324313717777387755229
2076345825446184853064475840767372023554325215052186673989785488353183
1435230973749247199142309065181428052055273242185623433927978847469159
3258599666313220498282684897783974775519466929937631739312442189627797
2277158655600957869937207681151728899606125604990180887847208005877209
1462806027293955360419706908103272604676027645491779650939153000421611
619105604352305252727159877566035770930854246993054424594700105531383
