14274648360090071598271018744861
31624312160727049

4978695849977268291961071452201
57800046533345771

10970386655028948099801535878469
41263970129623949

20075479301558741483865871113409
62523911649432763

2634489554044795152313882544383
27646703176910773

3861076094860581091057606088191
36442778150336039

5978847964217004074908964051921
57414559243971407

5652548813878923764122216116779
27637027949174627

16173873451101796133707419522427
45520784512064341

18035979749554557372157316342143
27667191810343607

10416774274350640973567106443531
17032313303757601

9398534384577804107289634906583
61044936662437067

8605020800061153369888090908269
13029719854086409

460223058519249965407726098499
17714561749844567

4275052012488933948219726329647
30778939089070021

11441328361427237262402179670767
31927193955162851

3365823528109516742710636431043
37442664899454553

8484481018177590533682043340489
19752551352891551

14451835255106185306025783553227
56751921116211443

10054323861983704598196165288853
10719061559504531

5909081529614899954831001630447
40948238850723053

15225490556525055337608568091179
14131023502400801

668811917025614469976637740453
16826444117640673

16943947375268682807122124585191
26496033996602249

16900551226607971616759024366111
46760575687836917

18133350568305535025115566988433
66081619542859457

3942798994098508721550455110033
42402904097880647

10505856661029255384779287977193
24888822976802957

13476163575757605699023305205303
22931213325581411

6800313715494781295812013604821
20410716507855161

3019808700545126183674487668817
46503739076953541

17012389075240329530950365094867
70855321998138259

11528348974883619057960442019009
55738627210613003

264585368422300165209285220249
64907002080822347

10627609637008999760807126941123
62236338207340201

17842066903186951212326127665927
5671619959173307

2442560240540037134638268432947
826350427498243

12653716862560951807901904558733
71201957639100473

2418121488565492446676245198413
27215758824635869

16780984559769942990322588101863
14128950372601991

4781874455746697795810105454319
11829482291535449

15207708325408567625251899763003
36718974302803253

12783497538393200156238021208873
47398607779481471

18111852992646885752078801746399
44869367259163987

5097375060023359666639427877649
6947976911446783

18860677319013839203083803991199
58435293312730141

8339440809519661869722874910259
31739704775636839

66045052084952851398375797009
64650091676593193

1717377250715711233320074388473
2030240506960361

14713606614821906925279784995353
12638810607883709

14889797729366151042920563705253
10165458535417429

14497886394956409403409555328997
37787049407440043

10919271784384394381545586613211
52555584545734297

19694121406436848056979586169883
10432150923650783

10256926883993679413182768221841
39560279905262411

4157689411424389952496779196587
34196066166419299

9482061928250546094128848284769
46944339399696449

6820813189837188281188870364473
131384942172677

19124212737907791930847575531133
7983598007328949

9874372446034698550361362593253
43786207423898999

17435774084551708325511370343021
32234076930691679

9577480383008091225812787851851
35806659030325093

3625651024365191225556320094127
52830203760616781

3010447175928794035437157389749
36032868121421429

14253650324542798866884028073823
19848000788416973

15568959233405474202204588105397
43963657644967967

7646621149061182622073769357261
62295768483847049

213332558129049701986634486989
8214524307576079

6684606570841913304768908493877
22652925783915491

14259278745942255570230324885131
65439835736456353

4359556730402902420748018993887
34257062166259717

18534916793254598442557259520751
19007748259972421

15847396254525396343750304331331
26717771544796447

14430425027947971489169046722663
109361022104281

9464897649737044945824823849727
35526259803180781

18536820946380738056932818543461
64531769628057229

4260049519986122105180091269341
9757254497227739

2206348072544015202633742961801
66512788341805387

10908556455525181669648003016693
59393265531002023

17668800427822414941853803136471
59642340115850413

2971535933043261494827911749813
26200434313883111

12527128704182862557472470035633
59389416400941689

4741845205490678407619423567453
10934758929249073

3195641759290727942341216042807
13946992042171411

6919695132157489228779675339329
63091233862193021

19024763232443522305518036492881
17082008286250169

11052456245641104854590833224039
51415612776102511

12527080002803182668959748905491
16162395898556003

16944477938280612405443162856953
3069109117789063

15635950023621466079009540491529
24194736713025611

20171453877390339872166065481757
47240733642473543

17416371953330518884406121070433
23837393802563503

8257833779353079540419935125423
31138735659466459

16655856460293442949356929663683
32664827787352259

16463175568545485040296006191511
67511277976013813

13018968361905575538949708581733
47065713314241749

15611530862271138894702172980041
18915542380179077

1089894459958129011153739098707
35454886342740173

6547750562305966402334916404141
33905783188964483

16057874261291248405951434394093
48357795046402991

