2355177932898739879539355936478793753222983
1173552453117114641210368182572940375643787
1774236680164812819372233733625248666282743
2173080490474577201924518146818184927632009
933790774126406744752133611799682011262019
17069521707497583467491933256230555039934717
17819877712139795745249994742547316064941297
7065132136339688368044746333391472685864269
3199021363801717162438300168139854800824327
1305512702854918004597596316424194793037219
5857770348752162112414281835075889079642153
6598438710728833412637875727560785461001901
11913096207453516605932491870882890729666903
16150292427532394736552885815924162648794127
562704637854555285491709175733342238169489
4739958198019430247046297328612226837171167
4465852854171176465000856139125155387608547
11532409139552904914338391943834545342173757
8899723774369445499557458168836019225644977
609067798753724427318103176969613215222397
5184075593988824744456783634790652963630711
1197156404992236631282749451046124560108839
680561254963108740190765485543377773018897
8061433158629977803501296307654787060965739
1670402616812209469549742701138753003782981
7309588369362529349120959714159218452803819
8836647086035666664489352132248702175488777
666876660758373420967413098705417178971449
13781166950703894601525263044084090326517653
3347919955410415997046602551832245296078367
8368479031227983883467718325401369973897559
8657525222620252344515698394427944690882357
2470870449531442551935180214659191116629587
14572277230947898130971935395865527639349853
10682066967382278192899766497283004795538239
2955824415452494188296393857839323209739449
14132406187852021928797593399859162234448069
11707102585639642526082203268769550149106669
16207860548086813443597735706909723345937909
2013624489984650633185169727819368501984303
7015605208834636594665855344460516995646133
4981574336203040771892949852279044419956537
410925976698818214551185690420071391603501
3351500292753820863206240332518929571698027
2147778234165333526331307897382841782736579
7581206814491745814983571384901908316228969
19624933517465026262945668230821621980473439
6487440999470729921075940251790164338763
14141557910715804877160774263694246276048957
7447900660162031047192766828229361443923309
401824025997821840951383246061177570249951
7494013082145679751569008853640581812126229
2867563818886658814064776123147893836013807
9257396835941508250109110726576273814072743
470222460314682439275230304826984107038183
6438030375011155311458234759735255542010197
361798859160667786215606190407274664083
176830996471531271744310111467041478817613
2834543288469676840205293179540411108500999
3304730146643863036758716863345175914307317
11176829556539702478562554052281804147072997
20174258283744216302992699220554667123188399
2726957486423478625747013872067040629705417
6964081793217670422174838448272908844566619
9457235373744533090790147534911696463125899
8618758295732603236106456405613671142878269
1395406637184455672638010314497645826197103
666622923635239756501645990394906788719277
238907028898722755632758425304992890670543
175554735374776737313417457751657259589437
5424059459126021908990201953934103275870411
2201239744539403214292428151056522252812943
3269172154495677813685030577252193380171621
10707243317760479992864227529185624436172897
6556520701188016316233284854309734451284031
3579095005555745951444707077596693856208441
10249142272004996440191585961142669515446823
19678323728907890225161724537878774173575339
1613285158774433063411039410824484861941751
12419283556394817896369895432903564379806407
2486983224066293274731442456113310749684389
208344171716744457700151108163719854437449
1068465030253694678873572046101900849288787
8360251849581185475038554158836441845747351
3571721025410453623598014834905519432480137
10966679175988024645344097912136632886252063
1618242032018783313299723109149175389905901
14493852295771620186285995729725491217802863
3919473959802087588897344781988986217275247
2452037309012421478752330624898382966276891
12134991797843569351466086405669196239279471
13158797832427741252143159830365870944412549
1817449245098797831586764531596521597647259
5307648464911425772589578152897410576556139
14197069870412423780156933536284002105265893
3735542373562472192476493556016159425605117
1541330296346021478915797983960022692376983
3433712172603604677955001284568458442983793
3367534860467776868391686399848356137284279
4012540798484353504319074019584146013075007
