360865944979
7

696218459719
3

805133056841
7

744330686537
11

857283551329
13

774749643263
7

675151258883
7

461946519017
13

605387762017
13

310132675019
7

519600684089
11

630538064227
11

916177527919
3

27067869767
5

955431023291
7

255056617847
7

695990776979
2

329609870297
7

1009446818881
3

683999283277
13

891674328317
3

156592946203
7

344056725223
3

221901517381
2

228852976939
7

528557045567
5

26973365681
13

306658147339
3

652371426061
11

831766009471
11

642646073843
7

431358022757
3

619637332541
11

110691242009
11

680096137979
11

230728930031
3

211924365847
11

258785368781
13

655378103399
13

380196520681
2

151927902383
13

614149724831
3

136826293277
13

777014616821
13

333802960499
2

249838695571
3

1093082368087
3

632331004159
3

16534246723
13

307904639293
3

221444023007
5

400356026009
11

315983229761
3

648455564101
13

575691507359
5

958510478633
11

566117396567
3

808415032289
11

991154722687
3

251217673457
2

300289671401
5

394064092661
3

1008364559431
13

393920898919
3

399754242761
5

66639721891
3

943538827159
13

888415827703
13

384763287169
13

958832779591
13

1070582478737
5

991650808319
3

923942141113
3

690869067139
3

291077260241
5

1007930410141
3

857753176403
11

327341050741
2

461307433933
5

345038240189
13

571957682899
7

298028410357
3

772545565009
11

89107003247
7

813974695249
2

898260185197
11

454473227707
13

1072535125801
11

986856090457
2

482928415903
5

301374931951
11

791055725333
7

74494838057
3

159842933353
13

739552195199
13

80883875719
3

260711499703
3

153226981343
3

895254902093
5

76095383293
13

