11428471893422038997
87980932150657437
2312973052008994519
105395193735142901
7973477869633218739
1976666775793879469
3192809757312348997
13885674190585410823
685159130118987397
7571860053427873451
30445966158440293
1223621882431413541
4059068087338318777
7085960977210320643
60640271762788787
67611340926733159
10840507407155760553
2115610403284616963
1291178168435921543
5795813523953129771
853853610627243113
4947871899268764341
5623889684104386479
2628080881667651671
2575056815194936147
6895690420802848193
135310156060808509
2026595981866766231
1751341079806765423
182261664665238651
3645250184755016423
3795900493492780721
3243357406316773687
2686376669141866957
2764498447327979353
1215411451604513833
181981518232407551
2829976229784219563
2148370576721145107
318992904721959235
6170953948352405309
8044200804891189863
931264924210374067
3297928725485903473
272358861671759251
7033887350911983077
613376711359428893
22823422759070735
608040124700705549
7536784453130536183
6393523563109832627
4494657502193517031
79284316139169927
836694632917085209
2966511591510360163
3218111938696831409
3956620779968000029
329870759441357759
558019208257124573
5638568945877026329
1550179837024820231
5822989833224460097
6232140676457217679
5269153700134064281
240726265552059733
2404573872511709567
2516085175254771121
45816660822555734
3928624131825111673
1037988905413263127
647019313149564707
14273827174822231117
11721650762737844441
1595488446596245811
66715211791004089
732004570744391263
16620282289412292793
546825373300500967
15131639450387601287
2193700323250002823
926297194143504061
7027721717414080073
9963054427879602157
1781445619701769037
67181185504516519
3833622537938295737
2916288855977581243
865489647343062391
1127257308199017133
9469072962660666671
8591260458792949979
3267302223293536643
1323342212648353817
11291272461321051161
129117088196271694
644457760852648973
137284730391990811
17870518942129317
7200853690153305811
11105300406786306557
