252008197860427
5039

197459846778361
57527

42163857772297
6151

5765089184957
59281

38558137439251
15331

123438413485091
38447

255686230089481
18503

69859886389243
7669

169254529560817
27893

136698940679237
21881

242960346375739
26407

196238336329439
97

170234037154109
41611

214711013402441
13151

218263742734613
20347

96896841863713
42239

112330162873399
3313

245123545963003
48907

82551158626709
43783

89248329808097
27737

216580858591457
45553

4226216818217
29567

226393050682219
42181

160129843593977
45869

95849410181923
65267

10751275436533
36073

135038220586697
62137

186508448824799
10427

220029232031243
6101

7101545018201
24407

261096397142773
39341

141448673130031
55997

269742028881821
22109

190063221034109
33599

195474641939321
42337

23533473883649
39229

14950493908913
32503

117445153827821
59221

231259014580049
54217

236715795531487
761

170127049291889
2399

27038999567123
37571

78460577514199
30347

15302148272141
10973

49595971451227
10753

111555099051931
63277

40564077007033
26251

72414018978709
34061

113278988671913
34871

132895634989423
12289

195318390462893
29669

202208162334947
21319

147532010206849
64747

145672761088441
34057

170155780386973
3931

123615608754413
29429

162889062025363
12203

98360553962101
33287

73961606899963
40771

120301221295351
54403

24974038096549
52937

231633375361621
46489

77746993647061
48449

197349475962629
22469

186658774734307
19381

156090732510943
1789

261447670467241
15913

213400922267227
12511

122465692581541
7823

10904081981393
13163

15715409399741
47419

177351780917347
57487

232183504434491
8167

139539871989409
55333

132220336779121
51991

12459874100599
26113

110259900045409
12941

21141629531249
33403

199985954889059
55249

100399720088881
30013

245370112148657
19541

87970824574513
56767

106335655902323
32497

182531370551501
9043

110893382668181
41017

142331868179491
37951

57674873952253
41761

211759396446407
31147

219884237433403
23831

154962457866701
6907

40096674613529
41201

195574620340357
15439

3409610510377
56533

40075840516727
7213

171336982565921
39779

247816007313509
36559

206717430239219
3391

194547950580943
12269

252376786917133
10939

78801337280759
15731

