3889560976025206096064828321905225925352088178758896137789086443671
1766863471208149770820422487937346768362306292191475728293337861861
7038485755657011331731535200804089099024567578598631168363724899061
6802294775770290513378480346216481663531672843123249414899806069821
18507361536589611602249353469397667267874817169713421764670235672983
6188186107551434652527731331941856136083351321693657627009122156823
11187346565954443087598124190708957639484229382948982731676397529933
3608496138167017201191765547329572175372156287212489661493319047881
4033364041237864428968994707558970353576366977951257272613770704459
712775778664030654679708847748878325432172370252467668507497510581
1238176177218784352834237764451273355742244328674190310765402040479
5338076857255267308899336681310560528170436953405080522164650082173
12364028289906032951882752314886351366534679846427417410244752016377
11321734258856633307365967289480635399413187902884226818058888267693
5481758553098852070220603779598228944154538043595586697317013404429
2910907057889703841459190505142265398665780261395693154480969043987
7987844966586879897921011471001911356859430137875833556188843543961
319959990137548257477371785060370344200502218615771459045988981421
14320668319670373757541774431187045904423606141907856343455418496927
1359890668676958987037688071059463411941336287591038600319103870169
14172696451539803723093786449237559703263731606243627873893483898481
5215226429487594746147221380851460968462929324921638703501276036489
2993102364638558818236332157073535207025052274869669408935733946221
646975518348725707941207512853685783578032673063220939403075347007
100290873065946511097020985252954897117635026476124577111750965653
8779624741140686113780053724677259367751802652399808606023946315539
16807650326890618590930358749304560561085973249379531645521153032783
17537173056703607586699886333425209046456865907908132168748319753199
2494874996893731103611882334930936032846983123722131001408847439503
3848234622089374957675824112907079754980701108303075858471474628787
4553735778704204741260863941144460947285864668528925059465226517833
2334405931795842218335881824225027844558015309666397366129526176819
8838912980435224783083189624901704999785938175837529707388988708111
332162953494123133165741453437081766198174890642467585534390010803
8135076189998992312445167874217049614734464465157135392988159905997
4199869034015498674553538027707060714907232085161373720273886866311
11934945403085230000094386722320458809547916334563965958760911893157
2360609065762168165540281186546150275430965810847363211381446869849
3161592413391545765499704022729420254997563018041723209509217717841
35627104499306161304807946865626486559799130867613813576050097183
1903058663409837798003717562983642216346643160077391447869496559567
15032819319686610096444218741336143507056836365995414748050588853271
4336282528405681474198871371801363671256126006726082384552385456829
2214875106786702125772141513206915160638523883513710895553877487309
2751057140530445489986727486323108463527483107121378875959563619333
788447779656353068445264492269083724218026386448934685565400536891
9254211815401154894398355706364002566045759122025564344500214234441
4355478828512776126912614544417437201379484423395743500981674725539
376562364493102211402705603558919981626208789061525017302392855769
654994975880413413482733492000855263787646336698680711876341166797
1314534952318989922734369450385674054133162348445108880727965114451
13097763156234868853502290587132376386691613558688743824016312836813
10597006839853301272217924471521497094562781315247324395722058723401
8825863720164954924962902205830736440741261099015968423836787627013
1620332704735808522229427117029175885437427974600236956085485768411
9442116910119326999162961361198674553938466202898305609257976873549
20522943225732419593311200627305397323223293553601391422487972367827
2034210372489323965116987808195062588635198472711938560313394038963
3665137900547919295655387525945227868722032536878210578709450507943
6639724576017320921671273477366914423849631432615428570025538975833
10284147969465333927578075183656364991586027276226607269771856867787
12682187510313391135000774061538093188966086076310085123864919585173
2971467325939057216969616465715751467265107673469129951312065459897
19507771425708078974127652616687862389994923779679520566220726229637
14240546250401269729173026585112016510289879239816299027083928592129
10923790404516325173863687020561070931976491316520486838199662555893
3747686671517766871358709924954373186671638768606547501310635054259
15021322549770326896722241353075580470849496192852734051221855489233
9319898722087794041806127947583720526676699960796692940736411852751
4263676784018774800997754313153340926112177879295195954080762292997
102881897544541548191784537028286652640966703177691830458804513873
10947554304109466263126295018295721593865302295427236527686361425251
1882169968489178338074564045524509854890830833467391671581829276677
5929997316350742231936380027769802350559477350805115399107853578661
10567615031578725464259230037712635263427955500530685792305515785947
1130081188200203880764448722623553458346374642059556548036396701561
9820906522852620734402776191663689019535226550795748422579771046961
13729958573928268596015710165029436808846505620126445754531469726703
11458056833451752996437553553266540528864161225258356266192215169923
19174900714935294931426399263181104177498211727574827366509928402107
20445545829112962262455185501485321910973046491777322727516467856813
1666258874058849237181974622417650597598193173589551096438748942447
3057817457373486852235352956431631635776009992260666739842080857687
193553879480266227196375784511138458979810973369236533413134837889
15658966479086139469758584066434136333887611739845690194270982229003
9404010908576862151933986827157907736231788229082244796707159131781
3376723396736012028455134652661161806021343997491995776041105111371
590784190550209281816468004675911287323591661981785987103890907519
3551564606559914983587819110332874489504738742856000238230561567703
7382043300276494172104459759093244001131990899695447389116470514287
113644779061359086858436720699255726041804205330393423680571127871
10300437265028515636157908088515916922669846990327489775906860533351
15831841939041770836272345637264473370190231057101012385110501245247
1078409230110940713347356533265825976228847350973981407050829987137
15183886938002536655363517341248683044692040563838042864755689400123
7668775982457181594430035858541988800746075500158438659376885949553
119227264479869499730257101601487605753681824571223764382813727483
4692054937637443119890414653831136335041532646332586016876046748551
1714913609669649467712164938456594811136089050309708448742954600697
2757842436601930143311743286053749686124534517421399116913095941583
