186214487350804331968375429405599109
47372916897041

825892251002066332282929661220892629
241255352499209

295328961582962335948755056750862523
270312341607961

339556866613377370147019301645748061
134603167838563

1100593702643244257000579635888928249
158569402077481

541090518697353005192497170863800249
43753367594581

209846982504486303437662559938870211
155992767425281

688528489758624128682400681215003733
253045653005231

90393292989582451995402844062863713
246481975416559

1046572652926065277431888626660649541
122293731976811

274004642203460524048658528339757583
65214375040351

435929308043694013564388226824383463
250048445794223

687459096659611885029076293706665439
202414256974543

139966808657563806970822759425145021
56750619245759

729762976582696883113372596085597091
164069197818623

1252466370765783995413482757569615217
125052880730903

191981701941895900494519502149186541
206515639225789

1303906651439296334953861354228303387
80367305085461

535301405080633603671345560073565871
154211095969247

1060059562931168118789556190771006383
80262690900949

524980284000981889736516121075226457
42961447659181

522573570939417043682536801064908283
246041204557619

692379433257037709722247229229596859
87542638734787

1241034335843954149643284852697847377
234753570253019

661530677627035522181475312441495329
215250830320093

60018064494499255442554556504039923
83910900510511

1251173558757641055542434591393499867
112689364166591

927029185366915652675106180016656811
203789763095509

770361476843383982822622640632468299
195482363833997

881148458959927007711446068446629159
168222934670179

460698992783038110355020096764136007
242876075859227

1054262163153961016001368924832967793
33822067978913

793637346883286792485492144738757999
1076105123747

1116851736938109475151765998255201451
191210988172639

656805926291100945666049689922085827
2523201289061

998754620686953927543035254565015747
83233178319587

705349074828874912473492898301642513
242550611535901

1002685325857617566055301353621785423
119747722779131

171014319638608905405336317356468087
45971776161517

529758601162155640301335616455735271
281398297824443

146940388670272229743873145333417083
75778239865241

1037966036857900776957194471253343781
125077769028269

1250545815962210314802550273943317079
261640527243083

877988591512365623026095550352012681
141918546828137

459142142910478027549323425845688177
226258118641157

494398598591134011334685715489658223
22501227381041

802621684037550735846790520888619121
71666377812763

810277584600504838706890791901486519
120479013911989

1043265523086277887613895961512445143
218162134472761

673263880853070563818183259546480053
570476210177

1069735412791819016185373880625303843
173351257315447

927292030825924979549492840492394007
46421734790693

494421375494626868715701502783385223
95864072782607

578382664136758086309891072611854301
76904961977453

419131726182079297054442058604426913
69606726645367

839504994123959849529418512345696271
216236348714131

188352609653871462539757277694969341
274716006279769

1179028270970206267526616931069410079
18389760907471

1254135961450384365597742860160920571
148763339035273

264116729367795769851212995945242497
99868247405627

535959596874932390555435262163802513
30253202806987

59978080554006493344537704136716159
204057955225673

185698236442318448659982622174637157
203386141227149

576701863737301098017512165966740773
151464291992621

1265159580203442151869624687663907247
44028888955813

913067775241925400513668602103290289
33479886347

1198698426006187910279619262643499473
41281669183603

291788680444143193428158269105279537
234317030191879

109696698997192475333505373288611217
134093508779623

846187260322784795955604737389571667
24836448171151

277070305161807659661398713681578881
55835473232653

682636289317289541830520123171705371
1619682446647

204337508783056765454418644172975671
115719184995187

75791155491744279592918224042965921
130958252509549

53197174067966539871045566773507773
250675043017823

73306382685224492308023220762903439
175090777758397

1313836867211955294763797003910631149
356685077857

1011385794041107662489704753184618029
251897551234129

1147896955440342508648201725636674603
42387784075541

300108985282864456871016886640571761
37392075576913

270156210052399056300646370495878807
154449210873641

771229174383797554021429688096779823
70669001139439

772495390466399459147440746341150659
55113042777833

240312897152770700015900174569481977
224530581010121

419016036189210180054393822920508913
253087483241977

80188665672070181670665396530816819
98251642590391

964037630535764791369657546424920129
153206446724663

97240371253026259539058330059257759
272992482301327

84410071138169463036673950755177201
64791716485381

1125641015789674613087047353651716587
5197068321931

69720580321415213097781001021364619
115411160532959

1118981196254725470324827221114869589
169284440701721

1169714608257689261071984986074491621
47337959174587

1325194706116099221706560783761042023
136361869142207

478943002791201412583597001791138827
197723163926699

920609962612959523946732099451739583
80579073572339

1285690148258608295951178797797178899
253104600403217

824152246805682549655806344971380763
188536212221479

594760914559156051476291709187674943
220211066783509

545398622875658397416309870311876547
218444440651009

