11862769016911
3

2519726778259
3

11311723186607
13

5554667834041
11

16848493249199
2

9837546065227
13

4896541915159
11

14526043260247
3

15600158227853
3

2899424702609
13

12740630351623
3

14657786217901
2

1619454084553
11

414770304317
3

124268997397
13

145428226561
11

10752982113631
2

4729296324527
3

488749897147
3

2628069023389
11

6951262073207
13

4499900481647
11

11153434070117
7

11513921511341
5

12188983916831
11

3351608791903
7

5423714661479
13

14024780874571
2

11193546487231
5

12352280205841
11

8250502393279
7

16583811603539
3

6937067512621
11

10010798205097
2

2925363364193
3

4208324324383
3

11737345633133
3

8530217074019
13

8013823190627
3

7859266458893
5

14579127974993
3

7943552873689
11

13048625671373
2

1231434746693
13

8311872640627
7

15963402709741
3

1740110109767
2

4740023956981
5

11071251391771
2

17464658070949
7

4200205754099
7

7487567436061
11

5544995095943
11

16980777629659
7

10689233960861
7

6936326433527
2

3634455154973
5

12493855622291
3

13045765308067
13

7865812593211
2

16644013455959
3

3210491278859
11

4108005895277
2

11973646953371
2

5248183262599
5

6358246401599
3

3509469202117
7

4570031733523
11

17078241218923
3

14500200978551
11

9628029858373
11

3824141680453
7

10325446150289
2

14748467267449
3

3928334590979
7

6394652629973
2

7385581866071
7

2038843220989
11

2842416968203
13

5447509651421
3

15368877270007
11

10119377773
3

7126816832011
3

6897256885033
7

11413289230873
11

6186596106599
7

13187524089527
5

648476708459
7

12852333609151
2

14222446806331
7

17340019742009
13

2032323736549
11

14608528973327
11

14004436164127
5

1717492245107
5

12683698869577
3

5366891552117
7

13166340793981
5

14917006119497
7

16999392835723
13

