2818805709544951410459070206134617
222192199133197

933481294351415177141833589584627
4673860335371

2738086099386985068960499937623627
144424405951541

3310639319414645575752986155896691
176688831204779

4976828395659259781842555347304937
62370357626347

2977305009536481214923344138118887
31560287184149

2150167552956539122827179261772517
242388413413943

2038775125762838911016186913141703
280603506566939

4775195916465157413002645179716973
122966840299859

3835724967444084276140340455252831
133030048543603

3121584755062352722383773529532301
221937229410917

2039985366540094968332972729147231
140168506349

1048852685956733238226313229464579
97956146239067

3703808206468453380098830745057563
113304222836813

1219635690375348047012784686398777
72082092820321

192637452845437538838663254037929
262630826224237

786753409181607071095812413269649
62704584574979

3069435860706308900855841987594047
198452876388721

1769089488451126085494758305944933
182971343865347

411674045886508321946668519217501
13427113802477

583992826526214502667535561244009
219451682184733

3233226684612099765502894554527963
181455357269189

475146735910027725527605168889777
52505126078417

3413722266643117744739655268526449
156250649049563

1277395898513491342831318237090529
12681505856413

4041806511477957650180784329484293
147943316894357

398944329282024955649670099524339
121327535873309

939562813068923225754484554641789
110855223005291

2805094033191646611982495517644403
158916770591497

488138610245826376254895093572961
8302362454957

2823616705687992181569914910038489
110378797851989

1212511595371804712294832241161847
271795894500281

82887086180713502806276085595541
94204909332389

4641860438935740889801609099845047
155945590737551

4806088929815362971943083716912633
47827564126231

232436396544066770772215683830907
104236387699187

1392062531805263844157924302368191
144401749145387

4959052278484174433312906342443291
75902821708151

3786462208339805611252091392960601
147993724206667

2129679267178308014980146059713013
56493251198971

3315320565438478025760130111531339
197666107358131

1793165493842369396646116209804187
99552305990503

3752089147814263881130631336230319
86931970397771

4497505430838580870440159153002009
7953863315087

4386059168151679591311124995693743
190957901372453

2157767325626088356239148996345183
234799432388083

1696928808760611856638183800486509
239314131017839

1129819303491081538192777154447623
235626685953311

2082447381485164377328774266220121
120761159902601

4095407262957955527493909357666231
162698988249971

40782481236078636001255446159127
96060345162701

2688767820567640852111629939415417
208181125969459

1661180503604031420719048622331897
236242105648309

1695691073308747515382899941357413
86569847627429

884929847470050855625476254513183
105530484355003

3671190448181875912248547617029987
133359201387791

1648539009250619544283249832195737
158430682233613

1803955901133003269045339363763353
47779036901971

1576496993053208666973605839921667
173690554624703

2010574158573181377531780547175947
9282677637143

658835920991670770336398034664353
174333716285033

3474769940243965350746300721209477
234129393430453

960767823149736517762324519821239
171628691660711

3249022370091166026782708753307847
146432769312871

2792564377514775611328595809479879
213877498365527

1084111485200016959643754762746673
187926216408523

2876385261797527467775888346742271
90817819232389

1734125024425603639801489162653721
128893579533811

1800064319756681089115976699578003
142851268260583

958568646537052168884255835355561
115516599839029

741569031245248562768698539474917
45544711883611

2557291783724189950296287595392113
216445072575737

1610268671840325239647030961625431
164802816387707

3938621485399259677611927078200069
257359114119623

4835335433562125209472953192816039
25082462838383

3718173477539874782517098599860223
248325885249791

602461205016987807875356512993067
44379070018181

2254707398554616133664579729263839
156696186980899

4804692619707356034953270816212699
129328792012543

1148634249564769486844484116808481
26121296476829

4954465811734854739514876577252521
44007198791159

294857912495476611104349342945563
31391263874323

4799661021704354701796644539214799
85516629241013

3728264780893883843649858859654523
29187891428671

970281916841953989730520486924729
220340464912901

4769400801090731366891971054831
159104786009033

5057733602039180246181733598858873
49465060631783

3686268945279384739078556665777187
60313126328453

3060166672977281079788485550211833
223964177340811

4101044629872578471687642085576017
161343769695217

1231627887724413802768903530025073
204673309531549

3255136026985636289103383716909097
84892001274433

389721277128116983825723366478767
5234143148989

4838768888284807887059658894844849
272334085324373

1383992462402581612552060609011179
241297935931139

1941267981431695201148115461258171
147823597683119

2827044687522796132092549583316641
31229486228261

5066688926666176359323991841291139
108015253765477

3773525975833093510461499156313549
278747873171569

5068230850214400797620010856559411
166985628575309

