17619905205585692072051
8583786886667494375829
1449366310266658861157
7010220771722849578789
48864260236938781431701
1261848459244524452839
38047287655579374573199
8115809282456516865647
6286142823042285874673
13654600253027860088923
24916387184646004648693
18710286394457270147237
12204800423497511523679
17116557487119414524197
79386806511807806419
18967658022089005727347
54097956067678592959321
5356608219520964602321
21898382789117700446057
7719844376797887141103
1782351912164166427181
6771297974403518080867
22077406315511960302577
3367271708438072543681
49430722033478374610303
1826648624132328027637
40439907098664375352273
41472657700318039927603
20582051901607861542727
8719213513272983983387
29893356561698579606243
22364117101296532356521
19259257233880451559679
32502209015609384533093
16488186026356731370643
13153064105704141290101
2485273828323070597301
26370228998237399709221
1511671025638204559773
1605687208818404324983
3802738244129386586977
47174216965743806715487
35664026976044235700879
35143557094351480967981
60840118758206788797353
59297365961854005615131
51072587101401157102831
9396364460221821030269
1292137560904266760471
6387457665409755173381
6822264774054278753551
19593863321500125349787
15566278896352094184919
33374237395824561619637
4064094860413359203093
30026508221632647425527
4779902336986032015791
16691035665355247585671
16090686659652579871213
13641755611950192537241
4763778006214196870431
17099736564642847929817
48508836016323222509603
44104798481231551223219
2515938671836007462353
2619267722973996505639
4019525165911076205331
2534438116996690105273
12748103018801719153787
597587706430542568967
28258610811410507365247
4637313793224693192673
8202703446274047236153
26333255128025143163077
28615749340375480529903
20062935959219806200629
28771176751155394347773
40569317991358606944463
37459404183986157573623
19989320088461514104227
40878682875231831484529
11674229847276424719617
35346029790421769903971
13404114608081995179959
83199187735352407739
328960870238037569927
17518853378851940815573
2840614335960648122851
45470295452055277644713
23587286128024858547059
53106183927108421037107
9041897013138945261533
766904570775507507403
9445178444144278099183
5736461916080648029223
9256005563771817415207
5730628100666225820043
1940080859260563774017
32231720816642785998323
15694785736473180188399
