15754743430057462298309903946786009612430474311482248373
3203577524457066815957122016607806735361965121400600059521
542680434283303424083754417839199252235556175134383086113
581737641386153634565479302680777888891501053856599414847
1202941337593976171466863697389701534262929234661810082329
4798572453972131116721087171417160532270205177565508859119
880198762614067293855734194595756947831070867064431105809
2216847753810520071232447814962694487938445648644014679707
580733205010118989454204412670694661604512669279228106283
3471544310515713522296344674883412591523998884224146241239
854859251274586864016964394724574018109319884301196725371
102706048999486879860302223656543397377020226102625665381
199531203730649044138321005919061941054574066157666080927
3764616613360279804689526057936229362906100562663790977761
4751177133308199366975251664235475404606205824846336435807
974499060998544633325347327446550615083138007534896294831
154168064309931371754612914519386479372018574215048483371
2572382672602794713446688492730794131695445303419938843387
1162016208538762770582476683660324306854307999476084548933
236022757353383992772857839738873151258172498399353264847
1783969800381350956153495910385965582213698983543509589343
1675846113902077308621428295247119102225059969144168628841
2115441502905728565429461214997143214037077240423965273329
2527497114448999345193386192342174638618173927304877734401
973603602043468755886667965254556402236017966990015766649
124915147372086953256374077434560608832490423234864286033
299311976158862276261744351700476862910154339068648427033
56779121376730415347913015351891572467115775703117206971
2588748292524290609823337998296882169835497894563875023821
1416850354505052226447906169054339676349529443150095912181
1377164440313752118005560063449416504334397214634304817013
2992167440887072274651275210747933562425670198218584779047
327311488366428356458208800129310594706012085864798741201
1277480461488375718117312201498769707496629097254178624621
5350713928416504370196284398210050819299236642321406924387
2700730304529609578474577215743868280277942410681497539
1278495653002518963684172828979194450073976949418075735723
824614082059291906118043926009405788169572926806588522909
1054821915356017508761160022628115392967702205449386420129
5879831101447438164069076400400541760329825025214404237219
1786776030517831728705363390966322797429737878175596126511
1031037872558292052174664437708004670434153206765995289313
2877913469230021536219308444028289126383760841605774680427
4415940953086011779790037136667397746620198847361073098013
2217861138488558281069548324875817962462508409450911957023
3181760310999221989667930435950125086173416221727828900487
3089432929344695851789248118088399207802810161550268110367
2539391466270289474009017710682897189552448060757183816477
117101702153116044810164315287346879961527132093771891417
720693116872098148685825729159973334792043046441952570511
2060171672226693726442742097194338202110830865408721088863
86589824125259392042519799927828751748234223280423709997
64166628303801547900350186565608689807677329543858295867
4028160192426245626537243572770973201838689756365247974879
2988640176960620880091644387857981345440714123472315456447
2559350666150036445819940145975290922318069713128418917251
3954902427956099873703417387235624325767798284044136263387
1662093422942742143515479489531989624323239761780313195479
1169446903451138901047690831266685505068771832930536723897
1906368943823183142091083797065584489671975937636000370789
722187868244155116096387992318016959776551655597967574889
108523206967611952770321666331965513579119581955067447247
226971023893806742227869273298461982487531516721270275807
1055094658445615838813558000217982160321939384433556714143
2115037812254516853728385969678691094532149963154962379973
324680501880682379146727817133906207114919421386700314929
822172998662246742351419730033786192156406176441363296813
77205183865048952870388384143219145054816705227838911479
453383589888353990633154845479189523980304342775354949559
1633118589533708787561621917255857078067468906302874354113
1995501070093703802893029490216520238658508602007915851759
47194777868417474140112359175598809680083777185721004289
781863836058805738670464208501678569842535656554548737011
839538791263826502929599055099733267742286660792216930827
480058799116745386501868641618513380035511859462683538229
946967527007800936599555369521812071488066504962471919077
75309546747881069198443937475098569247511658387566910021
1721297320470956796124633633628563861347028085779412310821
353657942719303170338280444011183513677792793946271974001
1856353147729443562489973188972259092138598634132007365731
1407157356104955532298605898166884290581400518108661916029
343591047333021273618273601258266609543721272321628961797
276905632096205024179776830185229428423958526774126485339
2500820508296472689633238953994658065733449111380993504557
3705728512748121757348841434011461671994595692461724367043
1808492758494177918442736433348431947558034111656470966589
2425457037179215312211897731400594437599174706495716408659
1135678754418082414377421962028884053053601948061647629469
982230854120025348234350651652643379090778513529067730269
429006564216444905050978855438880200043162280824901047027
3107365032893962771622579185780875586287342041705810249479
854636031573248529830798969331492325347181346064192226211
1378780705687703814967567806502793086788458825293944995257
1094703484130363936732617172721179726969163456749023553633
1514921213975093469512543653033868054871045165273745039741
5671075183748041690133762659422805212609742519866889650743
533252713179860073899732242506969834142539980008425354319
231040711409497232538499965436465497835878357691810067723
1284762396474175745244510217187459536346220762864317501563
1091549018639076093845620181709237176240638912940910739781
