29612469267444493886898375093377448307909490002670073237547277
75462615801826434741635946648540514288472998633990277689617667
31969041718504923331107946454208551006309935079179657443811723
19289604121542191728338265371885140417726267491563480435632921
71713822390412579687221610187158276721665801327714448673756043
76253049721513812463356277089213805654869059118207992962804577
112719175802163802676229005182600544146843732628046966787589773
103470139177127783623420209546208991373679300795458733535490751
138744341222257911251892909427220859790725553755115781093602961
25162757543987270075757985254361636087235479606035081472961569
267156765348217151959147044438195299835320589490039651237012067
48373539869767351881910834657661599035161310258517065667733
259230002894350996835159492956674863571967992276748127769446881
463520370650864792422512954562226466662829675013762769626213
58386812579268368190821581292174800458730752503695093912066003
75478966394778828665865636455139935191891233811327588641533569
221174216609915105161122926501913655601827074473072317441275833
174020666554703731589743651859505508437022957146754216145385233
112942673071129542417986773829198156585817691712828894718889949
180971333425831950437283142575380839645433978619915835234046107
47214472502294957619364531014098022079381512253588472256573923
33416029416229397939120124386166865444665563649127655774305661
103967354335561064971101776873575677193272461896050080074296193
10877622342204206758012918408077587539234952297547793123493809
238319857939256936802966155439329636451120286229538735974623607
66687493226811843104731252117510761520467428115801547842937061
43369934743489318579576773674341641431386467381775884656056477
183190485524027442038221159222206513296399314598146466568869693
98410493192616738778826211121679052108188771672323049155575377
92905741642656510588532398416991791857655334412250135446849157
226205991059379244059879630706428937483299462573278795010353171
5120106352736006568703567138021355073652852882818160434550339
271475487313035213799493128542118781818187443787575635192778313
96447730640309475625994745113151548588844678287922609320122913
5941372265627672475405000579378719952417486028111208083699123
200134888059789536635070603218357308504939196913508948543101891
47470506116999868107850756095445615937910107087126709056309387
122451599999136990438150064420679889470730855639169230030243511
7403015144082080364251758167208385038809713380069653720954289
41180738912927019337202767196566300981350044341561493455404139
211727302488900457797916663164405211994189740648751696804669741
280452159171328138582469733193798502177874668749268549747448331
16066657829151305678957207918056014841874506009541258987924083
6806820896741664273368894971284641389039538298956285811698659
745082337383737793934827446514624878139488871137515731531497
90875978953398266102853506663476667560957325166621026450435873
261854212007941732709250232324247060814567919333801737176980961
50252679720148527013423099032769619921148804056755563450963001
541117767525994522199569293502146663578144149739958146924711
91725443886683848362481419494175768484121158374420379138003799
192214275010704544899363923304629151377305195435240627766944651
40020490466571457501264289046586734250332506510788980074223943
68463192359752833150068735183592234624116687321179821209210537
45721033047519275588871013926332939985518655223304298848176187
147862448038724388124255367151147167721375324618414880030128511
34630012594624867461108681743041495390122916585356893232419119
191667910624801369038509852346642244269078987817787382999893447
26134178415736711086376343693583504178205740395525545090332703
104575336445894412992801469963467478293509201683124135538450267
136457218074806641137104230877131908550842189953481163133726981
294654885013248117613504032836141404130857780215331303961162681
25017301562726244149247728471838519456287792231658362535400489
138016248809212460880730545830384364889914047901531786781514593
113544190103820075590548928799117397930112570776363099756248919
185603250179304067910410332663715043808391573805496219686638841
167248699896713172351806954602009427531446533537998094911196457
8135032895413676106953519652856437242062488269974749093358043
57199431563571234218058540400214138076146256971362908747210217
137057399453435614476885810254987194436505799591249537341352541
81201871912539910641421241961819060506076131881791459218660453
412246140239069672246761925953036971162442981775902370759977
15204362076845384049928265340818228603406733240450033271016629
34024479854100398501263774275999456030828845863258092563163973
18239434371466994127181169981223609776289894378857703054560729
311621446205381743440247177797169828389799877870142106686281537
268293879881163242932571754018531360950518857359644613127725383
110476196636778870164228623027107309826387285723281940138431253
234621811693518958427543631511838689898086728393425821958640757
1362759666374730870006134469603696590527905689389896136562141
148929709752530132378996188974226267517791085776125078675377927
37535497937297137917476314173694211803947677738417283050487077
44862443799885567672138160439091808763437622215694452773063911
274331474669302209216538387231264888259408160916209803941422199
81877895980816293404721306691282763356236829974499717477951021
63630815937792954533707163845857658075581080213342401909717823
135547753035261135738333647279710934881892174117411327439190259
108864433962723515259232227636869577851180842426945120292801563
232519842922674920292931330045018230465629594648299321503290587
85227197187972310949027336749310166718185183306049002800517719
28119855834170747416911529603551227726827715761876680594602579
21442820142425276108910030937118086669030076668140445517538709
292351149857512687705985018390453136922244823152118137564397113
28635981382575838458542165420228421948329946647223368081003521
61931329883192086959125221340614829036219403573337699255180469
79477069450456470153991135937338652051291115230812823587969823
125145555082316829461165289020820768493762481952941611942526593
59405538140297581851866167017068554646541289384776232679723621
473726496334444239566647714489228648290556466141599947354349
37434468085700464444916758933239578486648742675686667167057777
18787484068919444978011556022320313678146189144029572606804661
