140492178225597519545569231418003
2508906030900540545948866559116307
1461870016812293092142904703731413
1796555288960428448708016272115181
113951535558067678924231674588313
566182084722390246149384990605409
17282912101478490072059474417951
4414058716714577282106184734791323
2521864709964562706164533325787677
315996151578030240565336663829213
2907568115928832079887855184846641
3396550494048227757691155913685627
1396959115998869119565670240016723
504698992950006128840221663364087
4085223806645161022672164502693303
918785785556557951164073463292541
518365720671831042158108558100323
402000094571858445112895040102103
977929877629942700957502916108261
990712927349948045726742860568259
1733351882005201495765286268766951
413901963319319350745679661564483
374068729224273947790485591848693
101968106014590937530709881068077
332196573586151764757090540961773
316746320375790196488830095325293
3730142171159324082093675604870249
1937000122398127163712016422858217
621177579223135929656329601145893
136137318567642811552563790171171
573448548634149024159485749718921
2114854209988624198869351043105307
3609150746263491274380119743831949
2325358076115764805338476014974999
2610701707001330427924103710310483
1449686779926870794024366462692369
5948109268812045042331213874129
216132402486979371868139022486083
500754509664017763678851723672281
203671571108552366443399842116429
3659934006564892874737525482381647
33237715306080108729156604436987
147864885036196884572932505687659
1651179791693271848048189769652363
50225375382049711411250146798337
804544652551933210920111780585997
1767508329658856309233565827876019
2075548614299775084746715798872563
1603821294313329519148699739740169
171175904815368467013333984560879
6121749767003385307872658272893
605935220156286712940160134926183
348980829939094791738423365299879
574864616985070641094842971921291
3045396330496245689319065561957011
2018102898863761991526103905189757
1013816032522195194957840831988357
2179483711829617071369745465685659
681458313091293889380254496812261
77141394164031818856533412466057
105855927288092226129594126252193
2211945004957238766141854216544883
4198960089746476610968555118006303
1267222795852670544394271919519823
57450403249692218164064453557379
1604813574661108447127562603234353
144963017203567284722308480798751
2578646074532364473726560368101557
1679075068215645025900076265171667
31050233261320365266435837015971
2769216485350977706797073049782189
329240672078379563153951531140879
1847715390827143796190840445775141
1843370199849655615656728729737811
1779715217915018488481548205572423
403381469102145696155054767163233
337329934529508873333873397900651
57293849767689459185651442682849
910486740501610893566836358369933
437312429719458695864812012163197
6168213398008708997985027079531
2892320627803062334505390711928763
3816802896840680066006202161814193
1368603415904231178005519437925693
2346094916125003559967356735738719
66459858570206701684313148020197
1249458172891345561425710239974503
3053306471398279597449259991262959
311261769160744263622187433117329
470536953521243089387341343153237
1034103836270591312497210302804733
146199724601487239306158788784631
186818613087968704366377598846009
2122516283474673199260109567308547
665729002978665350838489994382041
147519146341912379799678850402159
492889175160703579953991051118453
1142315213090565827074807106708903
818067045121307893177696372602817
577531676750712980423370996751643
