42200506615368635947310416115383021600510936312443373
14883352582303093553210403127362020343315933502571641
33986863307531098223277360918798893684054601722821787
53092676111193293090295347456900038453091178862074443
34398238709763651964520807819834807493055614710102431
670138126306429064411682771288961985966681354153707
17311684943472090377696647997117089576043803278958421
71059725125272484654845718107407117648856803094170919
39946481706785855835135406701459197154406489880284873
3062929191106923359069944436432007616518124592236591
21499585846924223631823271343829728197606111790601541
3230106210439563897851234938214050062945454215486331
9179388229571134789500088438865930357830784056446283
34343861491590319077092129815560558243747599046349019
29557782673940575589631683402251316352464337549253619
64697768417506065933142099550856216056644090272120479
970534094219261040028737803778882663489923053702453
6410777627981057578299029022243055775004978782991787
52995955795792743641766231497691665997536835242423437
5816225340616666006362818009045737971905173455604651
28369953229645387435863130784287404037494367458819257
49689980607786027806363506118805048552380485734548621
43824380495868670520894024752436772591802329144906959
57276865491088213251470750128837353088190579269621091
1112340318197226005483867296769087535284427120614203
2235693064754100234358751723627031956633078099802859
37991429011983157476240556717742691415225291851276941
30728438337102979138803347439421322404336068451476943
1409503435788566665242622077935735835697634693148631
8254138560790394171126027906108765285781219164353763
8132211289825517920884318332361730129527585433241273
39013193330389955317819428431234395986257108118681181
57443407639955101941549911903965989718254221715257959
20482816228233627334511393933524562846850830400190141
712079826663787163758215067088623188753782927654359
42072297366335925727585293250477346943648898400647189
26521556403976296494274848375723128280110116584275103
11332925036972490361588073175012074936274702973618369
32431396025547925237971740349242394208394646325615741
2358680106245770838242977000263501769015427789816291
518777243173947698943420660331484738086845158453743
25143030243611160081430154554741149337147241846436449
80722255196168377684377069672074449346896198238270629
10989235057111830866100076103660055546791609103587407
25443995212081525838076287534890771789638579148988041
85524232538565416630198486550509689518238088968228043
86899233606275845296244925253481171269253818366486403
5345883052430570661201579513129389344163690363782069
59312829597633795689003970446975074406409334453326007
2258000431374828602267823758765323926290970891557171
12073735357945277726612113633079417345881969277537477
7189906771246763743941552196236476718153435896495731
22623493631292393428747893007838971508262608563309003
11369209148273668161590071407434261957262880439329549
52190183743700276682299792245005470993292844673690467
54080300663009562979792156966869927313512949439950753
38497910898694975729753579439906433117194506051840439
30317263823202220591949026232064298460639395910900299
17437290747817127712171994978108671814402914133409633
5637022993274010186883988448609174467202940404184999
52127424595051550416781393493446561151322472475905929
15016389831203860966898753245301899274881098926566117
4991421766155375552798168047564919961527795483195109
1257996097911321649997742225085016423258257989029417
41573631764523889432071943146635422115431735776641623
14140564652121904283945732848287082429308899515252907
12720949220760844553323858854883867009581087210490811
49408240755992037093693128305605778537154487784756271
13408586485767071005946908948840791373901794667678243
18911885914113562793142039010348468209942418383377897
3414531499743809454545842615015133663973095028604787
23688278394851063455711818553004067201302583263663941
4526937357102153076466717779487537905165138097415797
4067296010551952121838385724171626089472912904287233
3043517859740484400467558407680644466041544339471811
19019763778462421563860783396821949976744933297095221
14622525488646433285085523186403416105213707759807077
40976961744669640124209050438148966750013536990355069
32333226785408296863186598449100849443840975896391281
63318834261341987283987378829841986395996618857143397
6025667089115309323866387522453475299557366570387911
10240297658904264482099028455899561636035325309691731
15003492515678544205846563883925825037482279555140121
18269586312317346725914100610447952308544606256258357
87523092307689263161520303036486005554596928936571387
1780203317141469726090398602774000689264938778874097
637474114521320269647756182580395040444708456397379
40188740928706041578010146947579844635683195443919037
34261223560409356103153859422723214975499486088486333
37280938808591502584213119249879103069266412818029743
8591465136457349430305660701078800758102578225052663
7479042131837659450709077315760684070319521772683823
30384789388593491679041740348183354997860228949853781
5817116897445737657761611267291468987437457639216139
12863162875500798378257764193020737342156942913662241
17860975255826049703230940240185640331752520975867891
1745804444207317009361097487281801531754631061776051
27809903188297251762503815001687563504563589475975749
3690869585852534196940925324559012742807544724619963
12357040045368196682730770410747439223244910723410223
