109949975432011519682072469822849837023
2674462404882728314814019858277

9619624772281706078369070422685100547
1530869384543472402942301590299

113780837948656582118937661081648295423
99666932891583667718049447841

249630515213034074515957263528378318877
19607116081276654269297359336141

290212425112354190646324367684818618193
2804229660736425134569045740049

241300674652474116963752229815117077451
11416853404208422887238421239079

227875764340904622008338082954169229661
6065909631870215353459166526349

46955980185432382062067189516346412919
14821248003801630286980934810771

106460950332389412161387329065208797239
4988050579046597986639767379847

268756411821126000113213402606345340353
16779328947016108812142644936547

160475347461324711147038916009370435667
19615431817842308025387916773949

335115840097011908402967597380717474971
13336189259558406697749156029867

336500227129337826664241070104462514983
12485509717462968262403796096029

122637913182670939650478861475738943091
5399458001359897229268885495451

2679504574141227795962996836040473829
8673439807966917017009231032631

280560017999252042877015926176663639831
10734290990526226957610584438639

265113826417508801926954008712059790763
18309053536372628716014735788261

249780232354473930071089787273178571187
15554695417616650444790447117329

315354540629001325768924654764899538199
3210671793824811819976435285157

41163538169512140482628993231599126009
12604118691059805715439646143063

2383508347746301322138561616353160611
17330687422487344789893116530099

311329783961859372629151679649539076503
6886173217223676923794231719767

44117019590460586197790891709304653323
19685639321991876898797518050957

145065239182424948746760323197833606677
10859126244588129048038424864643

138106111419210151259086449356063387417
12429453179011493935565718971797

34271405488870113558434445785779060253
1056150485793924963181059963193

13583824842979845038045890244116938407
12738217472353684028454325823713

50838526706965353876121002954370494529
11685890584795984288031034820819

88558184866536860491832454001567177759
14799638553093391687900829422799

273714149006017321746500264897147603611
18865832343804789072792868575281

200104191075316964784646116149447026657
2913599894997146800312264327439

326213206454762769147311312441743313279
9628373575522809925153381968379

229389470963498369958675163674969420017
8049701341352652081178187195143

186838409359708538845038300487743511739
4053574460608535118994426840579

198025061174232568295955680116987086091
17411450503862302048757929306829

203770974359043609767916371584712989441
6539303958811022488698511379903

210899105892536925093015851325376966063
15855071717434660516209847096789

15404379862197989668332881260925298121
12951879279192364554065915839927

254996277126375739492487968261619340863
1639034502197208225865849387831

65714716240671109277194844103905449331
19751653290059471239823452371289

339086603588591369726856600020209282993
581246536377645942360462619061

128985939541158772549309316154423490553
8190757791491916862601881306621

283355129612497308926233237106149724393
18514196575250634916854361034087

297619931516647182694484806033136728979
5626443375901597847178029874701

335253261832858508472730607263020874897
17410046234523108702936759909353

189851087496443182303962466669448469547
7272476887151826221633018375813

114718812105372741229278454392767415481
20077495726999110302371340670587

228222648232620188762755262276655705739
1587066411964699491254140542343

209773048085294404657843575771343109753
86449842170236879928580397811

297130269398265494259179617601512956829
2502235052145051725041235993509

244811557629119742275557869305660945941
6456105949185219357370080402709

212594948930477203659658426644313212511
6049279205528622111279268714441

219678329630610056533850298131465332177
10788967016394046247019990499499

200316818991360202629851486091946479619
17645697386480644069612471491859

301686891228715391382692656106278260619
12821824693521621356525052986599

190501099556035823931368999647992830789
13399727734667461803970827398993

198734474250690934973389155163467734921
12292033821480442859296824842911

265147966942798371237512618436063215653
12046629746740497465280608861973

211526214920466443649001991885631175111
16208467923615694325406641360951

114748003479447072361715174690593506661
11910955557948612950538112626283

236908681657016270683188381516134997631
11986785821113044363646907793479

222962125082184385751258009306771415971
18324808835205113132500404172327

267935909036814342254798093500876593469
16871159247332089528740046613057

167566805078521882985811877707762719701
8349697859401368169054809086851

22651780074021474344618170426582162781
4675345139038876066087000333361

128163710247931159789933329578529310831
20118759732553780944945095092441

154442473207562284117276791188172055307
15287719482819979900915662672307

97491818653531694568440520369034280839
3573996235984444551243616432783

121717486352785872925946710185292510243
797013973996204988469995535023

34121732879336566926552725997165682951
13853437597517331616952086830157

204052776598342530044386538811513799219
16981077262630705699532902605251

207988225413879703424428151553006036923
18215736937633143277580308089731

239977066950277875992876708687312609113
13667551947253525949506215056491

69637294116213085515713720570521876411
10248348826258836220106549957203

37971161642698231589084186467178703817
12156792693889432319901464553073

86183446793615004849981479422602291253
3687871315725169888135747278071

246200731932371502991126390319662963433
3206623178644779359406727419641

145742379866041272532346048059278660893
2988474248898176541297582614161

39943678490859232933186156463108262737
16549221739610214168013071962381

96321785122502802178528017471918670651
9476924484926794004587545984599

289377343040591058036213542530919647387
11186429170564708063032555324217

295538470611649873360684706107223416037
18217256080600162320150208589287

10073326912272103510058441502199080161
13862668570140800536347730431683

154618366616910079127935162508431525759
1644053080761589410790868149657

309774075454663916093869022075866445183
8831803396693278742931994244811

305237070999736091779200161293044559411
6648024473320603501237084925267

251005271953647915377184730506581107589
16485732426234737109374332357327

34840937703246483836833870381040047843
18643359727925950389938892819751

54957033874210736536635065197490555117
2995059260561954811101695550041

123107288692729342481836106036938334327
6278149604099225516128065331097

119936015204557354826688659204623507817
15993600129206369210367165157123

147942201704464543973804559889588539487
12128326730230993303653295996457

78745075896465855229258721064990029473
11789506327920220143420623127449

50926634238323951613829454566602541931
11378177467560557989178491142359

124891284381731741684217485467644436037
16625225977337284680665284071059

101355757725843278590515509990519233697
14160329969920375296015676618247

255978321705787560892630092339616944611
12729982932142745378819971340327

333714750836764646037174240744240264043
6823667967601533220667970447563

229859132652670553956417057986767636399
6363923897269435547387274777989

202956114585587216857963185503356051051
3050440759651153638529706061733

