3330973
492409

11649697
852661

1569013
295513

13243273
416887

12332183
204923

3826931
759953

4099009
103811

4646017
710933

1861337
1001431

8586769
159673

5023199
556891

8992903
282409

9810943
861437

2364433
928163

6294391
953261

7164433
12197

7985309
43963

5061493
294223

15068531
345109

4876969
840979

25117
2699

14774477
142757

1470947
712319

4824671
456811

13340113
589529

14250559
621937

9883729
583481

11504413
461443

4016161
62171

16407943
571031

8548643
50753

9885163
613049

1476799
294167

3769973
912971

6502703
524863

9541247
224929

13995931
246643

3610979
965551

2628229
756097

1790417
1022071

900553
70901

8184629
553627

271849
737563

9603829
579251

14484997
245627

12660721
535361

2507767
1008157

16293341
436853

15001559
473027

14867327
495713

15182749
645529

812641
942811

10718173
327331

4200137
372661

16012153
265169

6963811
122011

10806931
38561

205157
109199

4587491
180211

3283361
251561

14474623
350437

3983641
31181

15440899
279991

4652827
261643

15382573
263429

13878967
16831

10605479
644051

2797849
116101

13429807
10141

11279077
13451

1780253
531281

8283089
598783

4401121
321961

3814793
333097

5665381
328109

16464761
1027727

11705987
312563

11518723
598151

3156059
620311

14465153
710323

9026561
751867

3367327
320267

16356973
381487

7851523
713381

1480153
117619

12254311
428567

10533377
1040597

16349093
899749

2579377
208441

897817
236893

2641313
118249

8153177
1032679

10878863
85531

6767347
479327

3417151
68611

13866221
49531

10559539
996049

11894347
537169

10990841
35107

9728401
961109

