11072298513812195322172352300611
139387823422093

104484982247255234757037443371
188311744064161

10078675788250892351984753598907
262615216451171

2078292895916014010913717751793
87628968762977

512223794788309179939814724873
77716048304953

1937313294144002420645593119569
173144684668129

6275537048243794237179848855759
100956593906803

19209507566292200857311505426177
157725698100617

17117287303406992051154287879919
97857194213861

13997366088599596753016223651029
141334575344597

2446473621824129195805911846003
153853540202473

721798322771122529205721824703
139532237542933

3967032738069591890577108761989
274511486704769

19714781316938553984436708647173
180815533136801

2407155609757775638802916299561
267891435387467

17992543413410444297450153043133
168142046094563

3090444126491472860280834621209
221416169870333

2497598151279758716396337282107
23606524174811

17638496624892864866722449481403
202465207937017

50831454489062662040432306431
13265381668927

6905208435759933599376869520997
238347550428347

5853880186224901823009380587689
112366072502731

5360215701798359021408516217311
106572556546711

20261584012661750769598967947171
157993434771377

13329241518891879631850567513441
225998383235909

9195158470106885355825796489291
128292581601181

15449996405197783929208719060499
2951669070943

14907708486826875147528613484141
102236406352637

16773847042231809401665872175897
1365957387749

4134719659497792124223658050159
75746325027287

18731679582328365228470878624703
275337919785751

15436175300100418757340500094023
224121974359559

13446010396599699550816759288309
166330114662727

7845459357081703691084894647369
273363633798679

7604568416763837544890731968037
104690508681677

13827082495456711006808376187879
56601846461081

10174499546114461925539409619563
17902131426173

2870451673418031565643986655237
23248466373043

14612380080312485571258132004699
22624653961051

15981328440377884915976338012237
119948325885221

12694549559086384847083572641717
67285297419001

18202465437151608597067390368331
142241187044249

12830871819786297736793668978121
238450423071683

166017035526955814434355262467
225887327814581

12075144646202280307000095920843
246437393721901

9340068863577393294795686540353
207739651143023

3368936874424024564244977711103
3005836653133

15895739040323251672565203759391
211518064695341

11697225983078915062746931747549
125105668862227

8318254927166606483508398424367
115300314131237

64630288077003202571777860873
19829189519819

11890732189141908519973341297983
42191048071391

5169798243062858419982435833987
58202918962151

3262042800451182492389071110701
163552464263509

7938580234599741902399724215707
116524449391991

10835364925917189937708590242909
3202281679169

7783519007834025705843823172239
174883974622117

4696442471642275468278909772787
161523647171437

15817832569155087278476910264911
168831936169643

12093198526742377342808830915289
216114876063197

9601498929124811773906942985903
213987005713787

886076288747424497882523985513
276443276882119

11011582181168915742741299085809
111403865974069

5050386806955654067203155727857
250509600903259

12268521529717231028968258261477
189738095191993

14829360395359248503045195277607
29349166126751

805666803237032778825149602679
138902869191413

9254151119823932151491693118193
241288051913723

3135759454623389192912858552177
53116915123739

19539841342895304275533698823613
149429185311353

8261347911825228033602072080859
190164470917339

4409534215526563575834352974709
20683126950847

7517905590879765152101517352269
90393891603527

5701624292454365786981510184797
194939603418733

11717049623984761417456885565179
160140623127817

206022499201238423885397010811
205647990402611

12848685437401212375619914005087
250196574346193

12744019739084432351931953682761
114275740808921

12773350038134102756149729984691
28469993863049

4710915982727303267022908158067
266441268465877

10144156726956811718500484170507
263751088788623

10609680509166471228567515355647
87867111494369

2358678608521199146979080882259
63041139666157

16908294932837951746255210107823
241062354442787

658457521115669750708118329449
72097679885731

2783659449451396212071594441113
238128905968939

9707758649375596424668105406041
277428585877721

13749190415609045716714141220303
195249540248003

3459955091667446576766204902327
143867812010801

837155243584722252286709758213
131116261620979

13478510415388836329269187163103
63306403980913

18013188237611413745435430655007
99545391453967

19044640467611113347677946644417
188492648697781

14324991540677214999359953860517
252681938764963

13146794695529986886365892059169
29329094817613

5216078582819570849129226052537
103475219777749

2518259738446493398482251394517
79021354700129

4678277667335855810871087939557
154787233988977

6066471554850905461169064502009
13636702482521

2525266126934017820421117251651
238871432497273

