1963420521653651
3289254937

28701997318285667
1107872963

32010564972657101
1849840807

15969066915001309
3136324043

15533066933663459
3783520441

21115246629154757
1064360303

62622439635750829
3630265351

69865614811796341
1899419209

36686293775883727
1390726133

4008091880816999
4063007183

40673307367392743
3695683657

54212539094971819
3285087857

5290348173790913
2900698513

59150133230219107
445702919

40121428177672469
3154207669

42086186973685573
2459235617

47149540880042521
1465533107

1310317841494187
1843597597

63009589242695089
3651010747

63724854952689241
3332445901

17741558032674781
2618855983

8478924117045311
4206575297

66116682734706377
3747599431

20554268817689963
1657829917

43887726669889849
4228542083

3284305401631651
2688978319

45393284422908971
4248990533

50710472282072951
3856432849

40580736191469893
3687699107

17210010471177659
3635805301

2367610354749359
3088269097

46286013012843433
4125488551

38329276719203311
3184510243

21247872569609593
998406161

51880041560423807
2335078003

70860595961202461
2865516949

55127157694055221
3744105289

47209778867744393
1405489021

26788172265990463
2308622689

40341794123251501
904206487

57298416917345083
2084702093

61493714993937341
2107228429

54477605529850039
3489481901

41194113555938663
106809449

19761944859045607
3923639267

48127169590824881
3858297533

64400559345666209
860003503

69623127875236669
2591270083

69376960569499799
801649657

22772313540070373
578901353

49999752389448377
3562300369

58199008397565559
3211715951

638891694647581
617989241

71802805506903931
614735333

56713388973211349
497724739

64632154808805247
3502066699

61532758892058301
3592820549

15401130267618211
3009224293

34412686930403753
3314855591

49285276646902511
3370967737

37990174056576347
2836177129

27853041395276831
2479276031

11699563468589123
2648039621

49193301025697333
735695203

52471311100408859
3070917301

70731268312312747
3313017527

48374666710044413
3628145413

4843302616128733
2089346407

60622166626849181
679995401

62192795651971417
4011368813

28752632512016011
1765254329

4403981054305067
158786491

64941429760487257
840284743

57136297250386033
2736706283

36570488158329373
2537176093

15144776431072879
3468371117

61860276853147321
2855425609

1133238144613501
2074085903

42119306112964991
499161227

70544007621639973
1861255813

45309581122617089
1818208141

53939303794285561
4130516293

9050837860655693
1612413083

1264044289509233
476411731

53166708020653351
3515251111

2742670623086461
4041953477

36748299994897957
4131041461

54448962932200007
1385937493

24821485084159469
1147362959

38300807014798583
2435008351

58703704509940829
385212001

28050271412086673
3723898469

70856671215230617
83702483

64948324523313043
1021551857

14894572201274057
3004094129

12495990534748573
101061229

8104705849968821
520206887

41469543581393947
296700389

1119115299501013
2179079033

14400881914771829
3739258951

