32740174433
85116349

26472392431
139511081

17347936919
113442757

37784188907
232310657

15150694861
25672259

6880675327
165222923

56432762693
185157241

24127133617
257314697

58964126927
27706429

42817177477
221279951

48886983781
159793

68632743913
136852013

15133097201
193935139

46142818637
144546491

43666865933
81517741

66095232451
190261691

11163342469
48384727

622408907
40072337

15424464709
188039263

59680615879
35040911

17287317031
263895857

59837860469
40874797

16250082463
5417273

60564955063
10875323

57586567763
182582797

15276424921
56857511

60974070019
90125207

66807605999
19507727

61988071367
208359197

62032535569
21204679

10071768169
229865983

32405243707
73289231

120751903
180693917

60846477311
223178147

4018579723
196621511

5401983511
2893861

43245088531
49144321

45679629683
232414163

10288037719
98287841

34058974337
201462409

34423944689
155434819

56199170411
6933323

19905606211
170862557

61569289819
85844491

61609762639
68541211

5506878401
133261549

11344810859
96909247

20476519333
26406403

43026951691
208264799

46937904283
144058207

49098460199
254112461

29024468027
190923377

49453995263
16445491

55928337391
69511501

65591221937
121096231

31519864801
199722937

10655023219
74354767

21501437719
86656637

13451814653
24895483

15604035371
50592043

39520742761
237115667

25267502417
71117113

61007511791
138424109

31897085273
21006079

67936583629
187101293

44478650669
26625997

7569800299
25686127

4672356553
178519651

22929644723
39917567

9162494767
99040993

6102199639
159611701

46227998981
100118731

7991361823
143566873

68606203423
17652277

14899924157
157850513

23148377023
175105669

4031270359
263054669

67001421329
52611367

37178624057
81713603

67964691023
18131977

579768569
202747481

14545901393
130063159

62226225617
122730757

59772294353
75670279

40734888839
121103911

61619290259
51449513

60043326523
245151359

67291711807
47693647

54811280729
184265657

46582880951
180696223

38360569879
254396969

50283723263
205049041

50188024463
164382041

2022985441
26977889

59862966587
111111503

38181975827
80801009

46629559367
202831147

59617651787
157593377

58288345537
11090983

30180206923
197305397

