86922887266567500983303489
57811699087815923

283195968488142794112969323
40671748575772991

142914075609176274627410479
16416915876502469

266374804317330076518037187
57699456575697457

38198335542061644274035917
52377838959408947

269023828290322559306826959
19824335958059209

89997023156295541319802757
47681708631552929

134336728188573847923941923
9598262739308123

263359057545535600865801261
6852606783196649

172336933683446283887142563
63550158889114817

75844191160620593712867079
52272108777693479

262434957409510336415735689
17561050414515533

174149374937401543131452417
16855692310621783

23164634797005304930193851
60874016575652947

113369798914883322303958247
26252653430971889

49070764588845396420426119
4251623904579487

178112052313048485397309213
28188882877026097

240801608157192723353963143
42470599985504311

279446491776691506968255899
20670965290834349

288862007448995648334917917
58160027502607819

29730063653889059449916077
65997913385341577

268434125718158255160819427
2271764640681119

293642743627543919085541333
45198071807180077

224663080078021432029033503
7284665052882073

236369596189299601507725833
2978849978196707

29548416777973188118444121
48833659457199511

161396225549495360221388659
12446542701682267

80445056195454592677845893
52925594764876081

85710767227677183973684981
2510400601726163

179390993349718119031540669
60028557188232011

1790096493663890937314393
50980594303208777

136218695500190596492347077
41960636684945449

287713086951181710964926467
35096370687688067

219938817183675732089592503
31020071368089437

129237761259381392293250279
15494039642613583

154655767447605734368370149
60638903098328783

254291969331249304581500921
54450164783767031

299554950180048627773158871
45087775572575149

11758272503169947811440707
33485973783977257

241830734384354148010573787
65486102761094903

193977457671462505465796353
57308257295763563

759693136185926382279739
24761980110063767

171148147583127474438911291
55409164565038231

290851819433363686821278381
22908841137433073

140659485390097986242892617
40876545184726627

42050230912812051898607417
26105734521847529

254419945967398041179393279
54598639574963779

271208425393365089070959779
3119824683491563

97091706609745192936015483
21174439117896511

111625109996312641391876089
10568404074896839

31146742552075961396025053
42223659482727257

110755984417651950526509721
46421108168066101

106036254249380315041353811
27765255252453493

101636706850311436893864583
46066845590948183

71467547023692693610600921
11235057815881901

277253722565711780324705047
15121194257954017

76657113475890654959427733
26339909774556691

79490988309462253194880477
20341411342372079

165399518481899961366623567
1412685559104343

77149321933662568550628581
18515402073254629

247184058028828496264207443
2836442141399597

183365852314721104254594871
51857595028260883

149813741350724114156930257
5308892405284283

57406874212696819031093911
25860503741960221

197034288437339502057445777
48189124890893507

204309239073975928090029451
66366374573300617

196788694928375731230201041
26782083926288893

73459609526123579386307633
15679481377450073

286130886470126802480037817
20711063907095717

37124084394615637099451357
21734380829142841

204997703291321537193078901
70119059968844429

259554956650923777215862361
806180681399369

104955070792072051166288993
9148486615092203

266587049668448381046913919
62843184297724841

226866965986679256928111193
59940793674901901

306627443145733736669075023
48157209763267141

76617623815368926395640207
49987383864019951

285268057889704169134195483
53038930071978359

70284368028664470203226097
70986555240884929

91232796807161001040460389
9990329792964347

157508347582729177688602951
6091771290691651

8524957635524400607492079
41355213743437273

126636709209494472590392061
53573819000212363

135651411221203425288327647
60652419749343319

278514334338237879357202823
45792586709113051

208284185601949073551073327
21257233760858411

121353637998353935545757487
41014572874057781

57553360506845286255773033
43601009984517847

191469450628237854310099241
13396236347666911

48071081857593611229950941
2883049521940513

301211450185917630403965157
39003743119439999

65350695156809611541842547
24506259759927481

52751202042606569350267117
19473102618066389

144052293799890810364454309
37016319405627259

61952969438438840296729123
25344385335683021

175493291159164891552035107
56495818225720697

200999091559716252239693449
9869471879671739

246360688609669961747910031
43554438418474499

215163791351454300794382719
39408049968302857

33190455478069407111769519
5685788212554599

