1009912306739822033458486142193648521212222192855614010493399
227374930934226169131049843308436063938191852794836008323121
306677073560193751099432082492488892371822757780567595517331
265004054684879605951016546622782652899619301736820740238211
191023408635590984987251711337721687949134048370109488773403
76913237704350592907209186135167707408548886046715667244863
193806211276482663581448506315226389275770248421802645447033
929206539671309822089114161429781858888669986158902894773383
388452252547022422462772674441902151706281184848694181107239
900509503861301843020775193772124628361678057470994499694091
1173205512169143772179517970018491748319361580670709296914083
484060156563046099812081674583096709692027934757837753046583
164557025024951270687805803889824712220128629524110899783083
332964032754856489852647396615119314314001149825533251487191
561025267018388100826405924690569637836649661517170432674871
197914085773002087120808660359997730912172907721736653444917
932340167869556428133932006493620262751102936542654797651517
669066820087516618453599916130764740062168036726731321037579
183643238494356495180216064576528197891710915098594410390733
57851156101674859102175681571012350580120392498102573764063
127338697448783038569194048047597245926232202117015641192583
1074473919980717131865904765292414011153509374331962308643873
754308151209989138611964743688751490129552536898191496097227
64182014413084162223258417335682944273201842175645653663817
635252534974604445913301688551784636585219122007917380577233
627577529178904049065526644906578396026896580095104783620717
891185556491553840298600569890350601527807000468061200515419
1160481582919134607388119147632130387501300509812502426127541
139084211492348376342073535451737709203082765671236082472983
779611895519483095215307229870015936855701235739112008958141
505216643563503144016652222724590771688403705711675678965061
785059163634358807282181676329517221532791969926487155326659
124635529511035796142066581287023214338954490669717875389299
295747492707030489896959527686741578950110793960213059253431
11711808611499862446962012917000907160262927164966545587049
823738816185559766140369523808167554472426656531887276846709
56222712644250900430611727556120780014511135688592652151487
296044111678386420045053603641225584395964289483853287980571
268574692117516915901097905521460965481926953646894715171951
679182910003143242637067566548373053008725508762587389424059
1034133561875742847966102305489604259009325936728318562559157
176136286046396819043440786125880938824926967291599874124201
7658610234410986162078411224818248397781189205175062671457
77181297076048836493802501232672144418354163264633634155299
517250933485986073548669350974728736923662202117843576838799
227333906467351572742714326706753736141342165652551371684357
1176723525341034728036183165572925597565529806429137212721219
28332132976332873574209625807841356658422032374992897803727
464135998454359238083846992356619702464536235661957957380879
282394837583844939006035898321834743636358506246466002305477
166286269024468114414492253088640917977264399831705434879711
1159441397190487840658942071563612754074328463960613561716101
223463875311190396915324969234756544191423237810509692039209
401772174181252228667846770296197338973734719036079359252541
527622499583123855980959990840770811346649779996960697212249
382648493253624909779902124974565152447773263849957184680239
11123918611196635500376870773172298367791955493711231135529
90093577532172501316410383207200350937324211507570995998071
4984590860122828073720514491073120279286428660362222159321
672589327918121254238756167900684858319007572834098920739903
249780871819554010568265633423674857329716138127059569859839
600189706413560847761420014981261293330614609415349652492087
70498646162249449680485351182280370367382969450017520697899
47179319549685802575088953768846829494662962225737458592377
180413042378912504218607728306258615535827767953657107979479
54073271259128743148306861326950862590119912168718764553931
28768022439204202168372060264857822630654381300765117013843
153293084570837620601723865520492307808924820264626503772419
459961634500869820206599216888149822343537437593848659085497
227263477160903073960605131280768317044558225222445616025679
80178890776447255030085748054788505865608528694227255196273
119859187445839139205026751945994313892692970974732770001887
86051069773098900362410114073529203242116612785379474563321
12851896362929140474590899597547041336014110601006308549247
789020465013725647552849375386367114071801215183246172759863
125654043297433059836858637818024827335359418555756520805393
1319384213509351891674272327829986341117931524079594198736179
171400689024353887598487705279005709952029878376107114188387
191324009427715429625508319996935932890108740211989164728147
667416773205215408390759218454568692474038992082060841311679
33760092286516119608612070388371246295846461093760043382127
904857657466208120803967217363077030123841852243254864432977
79760119765510252477383320561962761835509648664412423423243
479508809849351511217939998405402518291590277316981528409
446833768703702896381715846987028686551085372953119718653667
750299693821601868667553499434466272801642852345309237700361
349515315119866969187021162248616645354752453316540246335859
508824730630616223315506024071010775584341881620682851131247
5707389990225725974058271535652512377626028417430254856073
107493748465787598352810643076033675176270922312823013840609
121742083256914431335321990059198384623648108075942059030509
149776601052379062849673730531079928311564056145384022173779
85988210954933057536213775220249651622060920775865533529647
135274348441075496958989543121104846964657117457243098191497
466198637809559851699036494092052898908433847225614478063281
256843585651397064278002289858506279263535095634929161320813
40121890572381292266963704485048213168903439503772470406147
235737055199545805294006092493027565420816816239464621140139
81090458443884090423923098346355573583773646914727415209043
1244263250978795335695029632206007964220254810138116591416493
