471967812281489286918260823866630268614893209282230527659547475305609
3118772970379437266113829995885082336416458962681591940209339264926633
836193684281854633999222252240824106454918129713792997025658476683743
852511344665781783209618385643346518058259843100509180829451969289919
6298107531056672772340412566765833918837708492359740781645031954539939
134629377868449592508020753507257660085813428232804284599016501266887
183601419401747380845664612784214703061321275650265252435134042329819
6217365996738925495124442225810847687265082563714718125058405794639779
522979660199034153939047960898167428664260798907725019781260486307917
797786181662064060999741056996955550923770648222026299565622410109161
2005467976698027118765488820241253387764084532252614807767058161405001
3102664297189748158936069315475022511472822342441990870990093819599697
258899242110439069046201054351746469496001734319666147663886517385457
633783921343973869841440221710819448892134824059312758036304049599163
2448827262611041572220116355170345560379865846265836351513311459355321
1473723029273571625312116592650249313346466040528035758662101958400131
1545569729117382300283711321759153041083706218859916727797867271850853
40627256855014825969439241994703949489444369680567032600415061911029
4824215615098527589161286618430457200533053252793113055647072304585091
1995297686893699226540126120222433166163715785095173797959513903203271
961835575564854011132937746866235551265723901143623130368732029596887
1802475259224893904550208822663563007020582300167702964810344190219687
820396183422101764507707641772483236879091385445655322561980837287729
103182191433952968240812785215575009364835656168656722885271919705911
57924166929214495538281803505806310297657101383079733921093025633309
457226643680811833517526153442126019182620455281805591647060043650657
414433103022280909543243316679605866452359107972741849536045651008177
2614024914544496085915633192332418214037567260399558772593635988068623
2479359643947813794117740337825761509199505812369371455989888481879393
519579727991285818782304011259323527914157417370793719878804530526233
3946990423796076055441505783535381990996498602993730470079832137561991
1385349083341102405307189745867036195653655613501152710875997556245929
775655221073204899616663784182435564461479695559117095813910226921277
3660971401491937155798653843075399746047195115902172313542151773060789
70020515025082936604302278583038794826398809940821720928159181390631
2648679256529856971649515721431589812506302953850263638650763416808487
1267479495187705258063155080358400327016598842322463958590498561949429
1834213280272881529245099825610043469010403611504317486986200686716089
399209139899652829826233067618712538348821538755821251863200250741547
946560126186004235796272053621939707673812385670719837666132512148597
527955222010193274563050881642315349404017744902107029274946393408423
2316734055673773242347107868693499238406241058022211951764594024288361
1485950928873512980325678813162418671457257905945989328016293751935021
675540232647152651187098455428761607373366893261191264100945840429439
2848397778130007795109696888364985568679753402300315736782744090318853
1374510846563174289732798021484941899945990365302790596541309095407141
3265637819752801358600418865317478038634246249569740142108719726810183
2308242171633129403657776383791248330304168146673648289267610801537373
801099165619010529349720922176651417473345331350988697275199200223783
2167358870948252498489075848197566729282144858230279753380657854301203
4241743453210999914087123703524780219998170119495932555936803892396527
39772892345806688584086274179639949511227398101988182289027909770819
940012909720559156705757012025712392368525386278810670113669582818197
823428054392919873003336450572125113780602912604310286990114591926159
2303698916993845389905966055352109693314906785530664885938587397169671
136091323538650668343523289755658281935848058868806850716184715625523
1987757945534008160108416868551707569017927796117523782865103084958581
1364753740407936001468790927144498082421792467242809012968138948075593
3287745008922270823026076517758602072446342847011500455155234688091073
229532636012876518962076610073498110050800553815344107453495351740343
622001482734204171709430329196558628558953465548998794604580468918157
72227626405048313063913821679299211477476980254851764638574684363339
1942635975154220682824843446170043171769098967541328292443548160092241
413297550753664507053312999826741744175051995313100360395584715650463
481051855056840500174903885590477555694212259163522022762987917739979
1209189214885601400687459906700575760527316510868306436621479909881151
355637110325716357503036860041684927155421173666173971092525461551049
1311875271963785942481504132882133681943327571343957577751004660818241
2292678709585922815947977057117188973384120800062895712166391448524567
568706522618642637034272804671579906238091767623382350635322518887677
973450621257875423879340189662524006456958513383590674749425162808603
792743768090908516992680216119192536634369860408699894612848273681333
164390521766934803266521536298063639576318248674300083289711938279359
3780808148128457078488874403655637337802877516322970850235935380572619
107876889243958253780667614791828073600303995097210961056249719343429
3089132333801553887756175308336013375917444945808191222563739902360631
1005088389266696833105158631432297791866014044079622499372269074219123
5121283070167943471632371340627323338392163643485561181236359945741897
2455793747533781576161791857113059537298243602017703419776136156699129
1159319779538265571550948497607266299258674907237542135375867335109941
2422759445743843208872041400937407268199971642601622434897349379035421
3873920775669557578839844160341087185786902362950336768765434766010489
35641879534563769253098716952955755023055026864335488768548705806497
539643187172518669874909737055729299574296842736111764424920136153249
3557459029082430818680174458824386315431917990764928450157050408679817
24910868716966165621311805316776420228268277610807951929247331691451
1218897737499667410372876827147174290534603023141159327402278000478527
450678104647650207756631884653576267905312919702888690739359844401699
619231775711808025780755902628951386481030024295694009314143916453369
443246526696942482402460621661581191448798074129570187835698730947991
2453204664559410529256555217629631352023506624624447880280290953573917
548420176159440652552402752431911459707634915353338462601752143616161
1623952530947252915766588171354023896155059140949366955507546086195879
1880592905676486219348452931750794945883292099901843801500894351578923
54779678732068344997148976436556861063068511786411551976948083335079
8573991797802528298097952088637635679491934825032231478873364037321
4889515952913312116798818732618671372159526945978648892590340695225001
224380816298721191261487779289776587162147246071093682583094345060409
1712184154786465075609978140182676568912445992749165266199491893896041
1511290946193979115917035192845721043446040381769554878527681097462323
