25066045168928572085880381592173754155967366571799952099989223008319
9918479055915452135799552168542630042299168299201039736992190705489
21056120938752626796050026114213878578006176101958986856978063195129
6018607381367056138058194170000111349825490815267977041376005006519
2462309661867939132193210268751172647936244061332392171336903185203
4873688864770968534742505251557241684679403329368476110908272231877
20728718234456321349994425717159380600777202264483529095198423160589
11611755437660955777794628524535040013369643180978272170999929220531
3779379776912492354329366114942108666415807144348320766078717834939
340097306525110785763553027632416442566017258082580435901589204911
8617141117424623770887363420840575445717535709065861451228750871269
5799029586641228338092726235348156024336295117187360887514117641501
1393125793861120317974865560560750492893322471363997110927978318103
4455787261113732431939336765497177505837230145141995794376189604483
10138127658006950538695799230092086115882278934435795235020470965461
9113868551000744732784007745201600097709639575291355704390684988741
3973929793991807218673195891923671067352068369388292411400959315841
959535247493597538569579515598463338944370379051344186177374873253
1463804997262452549514127376136831143938825334273496533278615153389
136074691656847497738359032238334039164445541683716088551540330203
3521433434874792081698785631311688867204404908932211013803214737479
693414061824015063999010660885106657337009025540226035585055555977
750674749468497672255295136594497693752693497893863426061753184617
14399895517809535862226870972928744887253386385949335920591614067317
21064436882706511166001612746594568902695427750801868673622897392511
11811564435400508725889443508773079850621739427383226042229426309493
1500052392999798881331547835848493100204553976093269316654100956509
4885861284003054708664368514671824715428790081272364062015569257991
1346553651912933598959891018308194249167172319492232239024826901529
3849868294483839878539644217189363580003540147382210247256441072693
2094906603206539252587592730251933490508205338211579044104114478613
7000309192033469832411937689511163583842866540351485219331050738677
5559577310622769602837175812724104402888707788218244117124426433983
4730639549393594492966704574699553334500797043040261912030738247701
1023980171789083516014278758584131839614360250761600125529218779889
305561533036811844550526702284700846947651435464233459977992623017
16952603119915823724428225442394894086268961891837099749773954342517
12866913741311650812850475373773685291312976185293806382899221536687
1422309816888757480359046898494775934764938687790839229022943366531
1128497551014561491550223344701800403608355496729372447536675555131
8296231346054762948725244387720524133295991570314624933123481326491
9909877185230924776468410884002671440753845994867923642438427966941
2866648368579047304597538924895416832667941401506264349691884224601
54594914710674038847440260928765543765694436308407207597566313177
538391666427612338412135181211036671284441542839621211132168825897
7182080803568995362421619480343817907329989570858624384732007335901
3628612025633926982545861874854783382861055949268826283454387920333
8701133737602821725587050785796207702040098341844672067067970918459
7418455053659741502095425218817262792413875426873976985435034091849
12209183475321878782295813812677801499167961363874794156657657402123
9905926492182568143548014334772733365342756776634557533138243550251
14345010184156567542718664393841006375579970704206538258867100478611
569797260735282452302402661064023854881627806592456381427288328773
2782774236123615829621125489021763012817473459029201889508394627839
396204446494967248157741227375689851908276312052689284479595161207
765297926748226191911743406737259040428252056468349525921209233923
615857956215174154873450512572082950935148616730688822451620739809
2736396938759193646734510218482724663915311554737647533724419321283
14403315933533815121140628737387529938045225031900352622587495827447
15040771980215876660222242963446621908388513943865710697468041332569
410160579012442946622914580515098976765978263407538572075931667827
6789007658779744365033860062427264399644523311300838409495486878053
7024716536647937303379771487892769429261492541957723285666277638247
2568351841912885572170714991482749665006447346809680829452909709481
20472158864476518583662844615241910511581973953817890904012824212447
14667118466987813014542834656086545979491321885577860590385419989367
844511496842797641921413470502759910784537178935468262235213310693
8255531733773407855653676484537589426598176964942306872885644299577
486970622323107536241962717169639537740822130991997036832269255819
5753611961687747751895530420640290216666265312803751677416120026093
14640251564275080940155591856338775624489994573765175329857715818469
11519469881333887886295313769924736190931061395603432658491755304269
5887001204625117829187750276787707991045180944659372804328063091439
20077526747514893779197956102054281102313467665051969892568702991913
411906511648052287585881744584210363070907531738681934781679934899
11806077616999589358187367217955388750900949882642256473974989596871
3456502412074947694918953348371861576679770808398872411842861325829
69296351734343307393701904238335893342615152814816749719520467563
4824274272920580467909386020989787735785381260383349589525851297849
10535800931566819199909108594991529596371123490088629616821128163359
12735971611798228254696015898957075644215019483107592692500751273843
10756126074625362870165411245007616485691062839448286949074894631077
2664947757534468510135815819032330055361365625960172414330721663639
1941427479630672282860126811620567178008098834538797338014564638031
9689273542420712796786881545073100101023161544438866867047373720911
1642087176726798339318313228413054863018436077214524598198119445863
4676941091203954586742690666837314692293233017565218941130537764103
8626442868331204015165305804405450054111567918488135274627600947407
18872711210014752255506159704113028735132063540993579704310165585409
1566788908804463651762411127902343680554651135185142402414201366841
12850205979392798651242292046183516029041781546867140261500545836073
2811233790702115061093995176030252744329877633716974433113034498327
3686740918559490558904854860471224607091160343541237512166675394979
3021597188196382306321122040446395843213177701431544652654419504939
2116954866507201758161461302386520039912173969278556581419050061009
2760123140011316782932982609243137305064051422376233204216117406781
1765264714478224805094092849227079384500231301720718566050203550949
3609469133115686852543301412594659396783635110201483755670207816381
7126004435229526675824529125355208391909988583501542905141589326767
16834743876684048810861921353123726895034211133799230322308394940221
