6857741
1634781
2464953
1386121
9542599
2966089
1861647
4265513
1286806
2300435
292546
1912766
3149945
1140689
1077693
1460285
1386619
5711771
1568593
1704677
323254
4644233
8522761
360926
2728561
2436581
1145
122161
155734
1398553
2092765
358102
5607613
7286657
4106455
6065527
2910589
8604937
6885613
2116263
7148339
10962887
7517263
2881039
3298933
4236199
136623
2071299
316322
904651
248053
2378747
821255
336218
11028719
4366655
3415355
3554645
2488619
3085271
6663377
2373243
3444413
3087895
2137849
3033277
1508746
186385
1240805
1108105
2535695
2703027
3218165
244689
3054007
7334977
1772926
1111983
1203985
585082
12253891
2670215
313149
1019555
1648135
3482455
5240261
2146737
878014
11133421
11208439
1205345
6299867
4140323
2695863
4108433
6860789
819833
881002
10269611
