28194637335995653
31593095549687549

53992180157546893
3767567402071897

20152811913784061
23950131288983293

2333115830244271
24591684334214897

37674413404509149
14870266291308557

2772788653538641
63723717530690731

33019770880915837
60235990002318379

62341533928464107
32106168631137857

37215722218743323
6927718599130493

25757230847067871
41048736663098573

30039221746130477
42091607217306431

37201408743241367
13750988754596273

51261246925528721
38895351162025147

28874205745161541
55547724547329031

30631726861689179
40170975588439

70239709844618029
1388391877514861

59262190110528113
64926144843456439

63543923066855951
6424508990265701

3832776235830833
22550745342675643

46386870137991203
52907499343640309

63440352640861891
22294159936229003

42626781953617489
50456365688190071

71100989317247627
19321484290861853

65684034912834319
20686275441977749

31170391696226789
6838699721806411

32289743137444157
61697785472186711

22536089085967403
60319537899383717

46609599034749241
8236886058223987

28931685979336891
56884742218571921

60875757777985561
3128683964529289

16740056355232051
60446113811760961

28340421335291977
69091583682669631

31337674874920789
59599805611133299

63391381223557039
68443696139179619

43106828118876367
61431475003541849

8842562457654203
51965972339052491

36972848063149949
37176199836963809

22667859295580767
5328048857107831

26642227165706833
17305438077029933

24580511303550271
66164879591559407

10004256376253141
65699132617835701

1224599731661183
4550545047088433

22154616584354263
11488072088801089

2761001351512949
48033026395995281

6062354491328699
9081781746900487

8941514431479659
59700072046586113

44363199452894677
44984682997166537

20753084787158111
21106535099396017

10291379251824523
34748607199089269

68721674510903189
32670982829116663

64784642784018221
63384972511451699

23776909796926499
31084919099921851

23642396582074421
3909183713838397

110635320568147
68205075661240853

22748339932822379
25109824938722311

21381008239253119
2189892733955527

13408318074301531
35966443547037799

66463184435172043
12667350841608737

11264960222324969
30482595866433311

54170073316864117
14787494890396607

8236720934729593
69857796043812599

25912168714653593
6845759262163813

63624528113160667
22249956727299823

5493623674188359
8975804659527619

63878021516928623
27745162920420991

32477516081564773
47431049425187881

46533454480076731
673314720253921

47802847528108823
68374846788409907

68901215930960197
11625019966635991

64284110341991537
4975736948476243

36759869746142017
18940670840472767

21409125569949031
29290517445870341

24701476927048553
1557607431729841

22637044689438973
37422479630099917

3482707332784103
46045301926578083

54208315735538443
29012416457683531

34243348498979471
27256018994897857

14693074318230391
50682054233186729

36775371589242439
61695288135286879

59764349737114921
24108408539371003

11999978522642153
20499553084298089

34927143236717467
54666954264148069

10017250842019133
40857606133231829

47303452579017391
68708410804439573

13256237066087129
20958051390478157

32177145198230059
28499131930769161

32499733219861433
11638125418266547

58158891398473403
63472950047457259

39210134010703087
17435739943518011

36121660343003867
27665951014149901

69701936339332519
4025501989401617

33311610785465087
11049556112680559

22097853097441577
40340879395604213

59067278349536057
52299585647921321

60110823166605571
64190676256338259

46998221362263557
16754806256661919

28990670946809813
12314859565498747

41934842731793657
10132732501536653

43071055429419337
456552174185909

12841603392345449
42723801176847893

