7501954573761035389080049998299
3448730654018614356130663

17852667544951350244121135110697
85552892075730609240596953

12448567704422172966363059325113
283627615344871621012822351

18912185422662709649850635689541
37391204562736394651034643

6449894260286629403966765779303
209659242583858262373816997

12644410550160707908493101704691
268761855936164496030462059

5331223692397958516479670276269
29792480635758924423242891

3315797403530159416770035643347
42217622698003086858788903

6946271028644943983542683408677
148372261031967260568506153

12303968482905533045559650473313
223522340919300351876607081

6067322467298188632318456511351
267185513336610416413833169

3984972317905642006349726924797
190376574488852140777479809

17436674895183936612077601889619
187362848854321883620261079

3467315271278191352296078869113
194903678496828160937674997

4014205413151772948688585342233
180822494411282319571268593

2041383389579477632202228345843
162919335632796361169547991

15966890723714136237531492998417
155349770186350153156608511

14295778716595903983578010108029
148287719717316792594920819

8524583926141436835613117007981
58930741278985649327323051

5928496508816828069974175045813
192545432837683851407463781

16952343988089157749466503966791
175646668404882202034109007

8780662817003239049135283856577
263271762449497311234004003

5635977235942470533770598659219
104992033396071407759014637

378659294802552889526284552073
187728650062836889302927623

4136382871704016987775401384253
121407934689873963449890223

15387324957582952622083124555447
305186770016049917678575771

3733718695933744380616810490587
293732644123375401268901387

17414348386347249107066594630987
247705789328454937603913029

15055195799679090545469653584321
87790620196954151898742957

7658191675579683365552974781203
292556168177691572628733841

524713876536833459332300458253
107598141809536309504368269

1946515601513468241939192164387
274131369560291638384502327

5500473954320406358141910243767
227686312666859442677688131

2868983543320752434916972679183
201424699359523966802344117

17067311029764278049803306697569
17352786697140501456345403

14329836825413982124151637559319
286077366462666420145338889

16291882769750569571984412435161
78351217303764773869316891

15824475035466090502214872220189
282419836018066595071505983

2909863633761468822088543775347
146301059811126294445542833

15913702047454588109143715044927
86298926717457486159708683

2829906151378274845699607414897
134220149495940861590188951

20024098657222292318761119437179
79660601239286145943322993

17976480803717801935403019006187
151892481429468332442956047

7352137748129690909445129660827
184384397531398497112590101

9064793136876876706471049937913
136087947913172685872497801

19976464586948114156094417127273
167391972852929132697303653

13373019993374486208175498908329
171604340845745632070456213

13708468992218803838220268021439
256570847529599794330121303

2349059171888337027647012183767
299674909767678218557327399

8455853306939283944837362452821
235371174073099435571199991

20050953016947276152532940888231
249260278375728687149857301

14390473829153469740975153909077
15138506811582925770690707

15079594385823839168331814814119
123952912400280106668486007

10432255387707614863620319346669
57798319892845774923942967

19055200771125318551130829954297
124772184798317683749402977

13351562729534760315648486113617
167705385437666385356747549

20186662525444928516486572133027
177174751750732176230369803

11976308358101815913028979922383
26771712052904921631301589

1783051279410309578436647427817
104122270747134310193955427

4324098407320350750507384437543
113505533658551312626603579

5593703984338058062806371643883
166253497682075206761129853

8495317481128628187296126352781
278944931838683522407619849

13682173886618272373272310864987
273290093866653702305602973

7503896323277446782198115368941
133702160876740351179084611

1619189090951265427608796764659
99443763136437227704263611

10466128941433230364419152043989
199920060073730649965063879

8311191997861585431223893687131
122055094624478180531565403

7405154779553278873446238014457
106048720424838393538328803

18499207056535987119082095698741
21108907910614082081463821

11781605634021991922710511029573
48044965962123573593519627

2362553193042803590717102995749
197139206946435266278766279

17769511956209261522038984221319
112781322793534206936972787

14544644790440875037603505034081
19488170465617738243510009

18352646865075081942438181350397
14712982605317626535968609

7608807447747945648389368282907
284288527433965878514057027

4372853958704098742656480029103
243475928374223553559864727

9002804237866776111593898934697
286290005773837216549161641

55206689823718402107005281439
42414829569085308502799293

19574492377371927797054514337871
139624290476537257449818849

18350620564032335604547084306871
76255782786914107894040383

9106802625559929114338677568507
189207604339782697148437253

4550177427115526708805108323803
270183986995564383092688613

5356091995934183873659639030027
146562798897658353417196217

4521658178941326270836755065853
98098498885659943016594747

17040463171090844900230389111859
246938700074184450590868937

9721942572865691956616404845803
99222177574144598878594981

20094758789194595396241612065347
276724663057079162417730107

12421067394959228175458656076557
97952020636859564429733097

4146025892183396689481324489693
3142456425027299250591473

15039520514372350816669020184957
225372424902872183195704967

3981661342575481235988696551567
176961976115689529650353547

16949799055938615548222281787749
244326801198909951475825171

11160025755949941229847899380979
40907270106421701287642983

18071491854587402633394285805313
85166939801510892705664681

1754434449696181437702482638969
159181322036879066197044313

4768879721490357785584658726231
5296739856185147007510391

20240154081509826960265912411369
308190353256749054837598859

11094439445082986756521368975919
166125585626044403676834079

2840891138685201997039837131991
108025580234971285539293891

11081253186039391780925158964401
107768806755060445887938963

