549830207974379
240391226838689
24257834694521
554267074710581
2553604306982801
2782446216099397
3163082097354889
842983696478267
2830970032261649
778182471332177
1382179521968023
623961851384471
2727698354934571
2111818348554829
195877833897901
530458886803849
10461830699731
1266065861968367
3424594011011897
1206164488856281
153119763418019
1810517045318321
192924652037629
3665871647986943
958923885080059
333571399462397
2427240795237487
278300458369799
238900469968627
2869603540781749
3589170856841813
190622772709781
267115406840939
406474316817353
177040807776509
524216115277871
2046534482354933
748192594417097
1966743537831641
3781273850014153
1912556599440899
1105219479142607
476384834591651
661957001495659
2713199647999943
3400946862110653
8187290884121
265185734867101
3553117854400307
1432832173431251
1554639866023873
190896184416991
2869586333631557
2550261582665887
309619010569637
198750241247827
1005545398325887
41380055922743
3132560593019833
1165729840539247
1024162774918067
57625098263429
137637045763289
1631602482551087
3296026740437213
175735262465551
548021786338457
603862606191113
1349412233866057
435364365318373
1187984882461577
188968676193137
1770364625761741
2989853432897491
1799662393320713
1132757818972033
2337124274515171
527475303251707
544828002094721
185385796716599
169280067431081
3040884452121401
12626160074963
1966858485389137
814709898712279
2444917638801691
802335190534351
3699423440084297
1953460986896933
2257646885502119
13392573036677
842320145624077
831181129496693
881523734828063
2110802666143477
206171920285421
2451713596825729
175424245501469
1866624124155083
700355787627641
