1935450910999453
47972164505124323
19976079050813773
30694673941972223
29031117106765681
45200900091965617
325949568398891
27407187394301731
7593992552656877
402851853965551
11613986758218529
38722140646163563
4875176225194601
4625850520556693
64390431175068197
3469723727747273
46816445805824369
43063740584973611
866703715014481
23122723194306343
32964473656562633
24329579038075741
35453866985478013
8191487079829943
3268568491324099
11711984460006167
10205916884700167
34068968555379293
3038087590071143
38621489478243977
16029150652870721
5437414811795147
1385768882146471
20375043966489167
30190781973044201
18444442512833693
54157006074122617
45393750197703301
34960079414088001
830403994809481
2146528289540953
54299069611034081
30158725646498021
8746069902568619
8235342910208017
15383380249805017
8371489479824077
13224020071464019
21358886391715469
704500470602891
4726249580748539
32359079802482579
15886059412548077
154115147911261
5639831964562141
2034172831016723
1938956580087257
8039251363498139
12263329820651417
37853003507509627
19199513454901397
27066734002573523
5839643852464967
45100076806723999
30436877673715783
853028998869067
9754010602074841
1242077603846201
1641567477736783
28653160051948969
4343220228473261
50910041484301171
35753026747174381
11832217182525811
20841582477794347
1628854490829253
37538215175078447
33129443461498991
4810977198057383
44509651184477189
1044607691584649
4165467939933367
21812993904122041
4466117956038931
40324375745141701
8153837018660111
5685917387308883
565432697830369
17239037985518887
4628534283370483
17768334190624763
9847302141760883
7394521006462657
20509952707364093
48601227045240019
25211664284855557
1009346453121733
14795394372610123
463248664773857
7364936814349909
