2661871
12782129

13771711
9071879

4943119
11537893

5957723
730879

1989341
10261609

2998363
6550213

10397903
954131

5000153
126271

13932613
12229843

7812463
15991777

16758041
12316747

640499
7141103

5975441
6081497

16219769
14727547

15542911
12751201

7573387
5158999

13535359
11427041

367019
11015449

5045057
8709509

8065129
1644373

14277203
9615427

1803211
1905613

8037053
3302119

4430801
2750831

14340971
6262393

3151559
9557299

9179297
9944719

15288841
2186473

16706839
9628889

9303341
478087

13443097
14658757

8776447
10307041

7798963
6664811

13886693
2451079

14299763
6931721

11972459
6472363

1238333
7675331

13564961
13480517

8476991
6319891

4968643
6100181

1764949
13846159

6891721
8972627

7652501
16492933

1580851
59011

9988373
4407089

7815641
2399647

8270417
14440357

6572627
870239

11414959
10535039

5473147
14307737

9321259
12670429

3230599
1273729

11003273
16317473

3539957
439867

1658827
14276371

4610029
14029643

16409837
1048051

16243861
1037557

425251
12181781

12495827
14286413

14883563
6778043

13909369
7174061

16000697
9433577

9192559
2152879

7935409
2928283

270073
9674827

12084139
1005013

15462217
1518281

827129
4400687

12031039
16655131

6427679
4401899

1128641
14351881

360049
2723243

14058349
12466913

12486251
5017981

10715773
6109349

10785641
6637181

1436471
10127501

8758313
4443809

6403379
3476821

10616129
15762493

15747481
8255197

2455471
5245901

16716911
5307661

986417
13311563

518299
7682431

9627077
13472267

15800569
8961409

2484353
13848137

2244269
3873647

12942023
16483063

6421997
5079407

8512883
4768969

5994089
4026859

13488863
10801871

16157899
11841839

12182369
7631123

6652343
8095201

16287809
15093347

10024193
12706153

