21556922139111520127471961568777009343254825471200937
13888854503360766462766408667978323368866787878942741
13017263333429291020456590340516026541426986714066091
126650147409186554022066931775435480955927456651079
5235964841259409976130658242311090331636734065966817
70006949120415176187895538071145581088284626113427067
23833256408637597791394449820999624845772924970753327
24767398478288259433445795339030401983313879630734913
29168007005337640958334686432237003969772527455605133
15458930369164765767079259716336963194519679479500027
79269084841521876066122304110435791529026172548634533
15021118816395798864960534067669696097434650911498917
13066429723757536820079632727979798007889232713737683
2971152029129692180451110389053554309018886001073061
4147740893412516354486517179315614957307284055906869
85696101359440117185247080057372105589196399872165279
10019926347320619099112962062490675467485790183064073
48247602136226051783985773688870416524718408999023609
25206464211415901739013343485446944216568736171908839
3588260992439486870401206925656618329569263630116137
11040880927718177913144723023738980573937711169189017
6849842758717122311014548652460659361467751569591309
27201763844099035291683628218244771420026831618435359
23405356908038455753354020229436138625851814299813593
30574805961348056804351440164378641974623322526654653
14355669268344503444845143211091049526135757928120337
3259825256201327839231921882827105365813343862195723
8895614298219629913644006163925941001017282915713693
9031438607021282542583385212045107911010551979411553
34420655742824563135867536334514767002500807660654479
28798980602041093136114161702714743944049745394647507
22471872209653147040932871965335836374963911595133543
1930227757166449374031570818421908009224288461351619
7559432283478099569831219841118784588964688937206453
55210990023462352020358795535574890661519668176436461
12495726644175258170515000008447287921046392229627943
19348767460029777244114204422766209973466949276752723
8761713919406559063703622214107423975390175134913329
54876400875801268611352397226115820453642255792449613
21646807496618249192666563171123886801581066952169199
10523025044149721220968034766057586081421391843947347
11095269583836071159948264923228960274504618471994287
26160864274179195921976516072473268077318868958345891
31968482786450826165746183514850226575002429304911811
21384675286759754716507782916301916917438035560875143
91351420083633582911314031311212349615515175216671203
19928052263833316165842004209687235269503385451931857
1878930821517467565876058604447424366711673009241917
90754380081574345689712449166385782911032163430152923
11166889951589828966716367467298755209664166802735703
13571712422357950135672542588292775613211681892730097
7589904326021140799589786912870790639234882722910831
2012916710722723349436249714044125975759919286457663
21487725767973895952051397657453342765037912305537547
3814040343771965960599639058315185932441373324139977
12204687014693754181960895913269177939160099534934331
43108798458706529302623086720377046579552415540398221
24428457124560176991576084773624303017567488059659129
41706620426156042983288111752850348058092636417845863
23305710481122251196226333789804159644672031432503217
35785425823302748259770690550039815868273983169401183
2288744618726866980333580945525025351768720067798433
18788212354327452947137305849124847900710578312158479
52775977636688502254454107658340969747321894449843493
29590213965268753363231269487832223749541544632206099
53999444361132715642058284573102770519117266474707483
72068921198484699108091108199911746953637066465596431
57006144706788787507663897226195191308424055500892189
42513491244874227219903389676031486063913403627846887
38935356037045938273890738007663815906169514544208457
83401985482433506019928462009809692026333433270303589
79755930672683695019097334267268451025333722267683159
23111811510387223954278843712538153904047466329477657
9279545469885349715359572690530646728351767675723751
13082974230315673034257739448876467308723178847542359
811258818869486252930997670414904339025885827724607
6331184669120336815166228190470715752749356534464099
17167823067746957017771694868610643157802004183504861
4527454907760390107399544749067253618674212171376641
12864756885467280977098796019239546165720032549045181
28206548009852003181045781224838423607368821759540187
64378407000603289416505853179776217206412059876953927
5841527583185677068863966045044489813110889181897107
24704091492709364344159327921276433815872938248221703
19393813007273231806059741951998001837610876080473143
11604027267776780245994378698316495977136911143302459
14658344269115711727573378264746024597593451805306191
31567075537920695859015583472313662048529869195563307
21442918476463280265097922885175757171082860408256543
997579549863858508521757100572131455821628334696133
23083706927949242929807211033115107940357887630931227
29735664989195587883311996505882041166260535622058823
3607923911792478821399541820127334547388744780839951
8551219954998863105860162949269586128792633343050369
19039216577932483746784665722970681452903167146328933
10586758678148987623433971907296676184326255306297401
4590643858650142503311522618208858055047848729887597
24426218514891879794369767090807441973082798819583537
3459945355288230109040729867651842984485882561402689
30412251931167401902237122519502865336171367035958803
