1123124633755930176684890918969
5696870850262020271666986573683
3302411822463743410237554203423
7406620619899645911759207760001
3773105186023487462948325970321
2368012264976214417395445149551
9750782688450275323381990693759
5411572237999749638514552013193
6372802314558538773224266863671
120457188059507541090930921757
4892818145530960962948613441007
8559746431722077196703311123319
5605226573300566474493400180521
11250165687182043771553947804139
11314180785941050963816394461703
4623603267275280948666693050333
5955022673685604271616045883331
4822215232991409248761995569917
3348617489950504835618815394209
7769358251322040835541519264427
1880596729309078193323689567301
7207603727558528833239756469259
6601107984598544846484277041851
10383541848194542888638548590213
1444732119366473255466828230981
10864443409465295554311412898267
706781220142738512597844531967
1982545806824750339548819503157
110255147107621989309525011699
360321009064019080256331090959
1170097834990761033194539748533
15566664156928269409140644344969
1109782852900011345675899264423
4724088046209753685692760751099
16240805244114615400477045627919
18664416732062675974542926543
456456485945790904096913497867
8323195533182716698557674253683
167135606439478538840743756951
4015175361809536961973917912621
7387316321032742484953112640073
1742691922395213594352174406573
3743342974223868921892661369327
2354046484433008881483312241261
2008968872426032409055613804901
1104650623055276672787353499091
164458842850748125708646567737
7706097096832546568249888757881
16675568385226116963870135313531
8345998635532897235408678000323
5106966286489485391766028755063
684115988416039219606310893381
7578337701304769770526728384249
8949431802074900730661181370941
5480490309013159444968333490711
4846522206408002367049684561181
1014504781367923299186497769761
4646285856564255236809276264727
14726282239564812433936471251361
2763833566162463541452049703087
12218933518626491863304312457143
2598801473082265257537547570643
1027967559821868301523377349957
5858523947139956783743104411013
6945488377490192000484631766671
7320937663688714308274178488819
1589310769705643743779375154469
3841120428102272371162955123039
62223937634296171305525290087
11859947137228926436544011087277
10419054342681727998146933575403
552944210909796740756341736443
345757100686125363443714805869
2496470253174390815450647469029
1432949008213269432191639169283
4623728119693982614197350645747
5603544693336070290862692250469
712393269721115980475218446031
230375079659994140730648018653
924772751382596100572695112633
1274944438069244180121871487491
2843501289035324933816145987547
241219113677480399770589277541
307441723402654144750805484283
14772717545047537809144016163977
5871544571017765304807816554369
3789543500490124806317915359343
7314310710176229731596406201111
5106461190360419242106510263519
350942732637641545131122237701
963988261308877356877160394989
1105659429279263049350767150841
8003591992510894586217034655719
6395954060876389314653388811259
2884893702710157587818967306959
10586991869955478685822771106143
606840842929167709048198589891
5055087083002043282214298685621
12850727239181156556586472474953
7029757459349181965632006079177
