81840359072431
115415008799443
466222070759
51130857321413
105508605930961
57429419546179
5548188095033
28246929745207
47127585039487
8415623184743
3460698261959
209831228384207
74763119630119
46723130976481
7820326840303
18040166221391
120563539251139
1883972211937
11515976478823
74158991883857
166165643960573
2789377355879
49636921202851
13019014483927
51911532043381
9961969074703
5853335798263
2222524153933
201999647129191
7332098419531
143548646543347
175526825199613
199275590966723
64484739769213
781847734379
3079278819059
55300689064697
126786439392331
114615904727003
40335949115141
15008727411347
79193980724363
48858237576433
3722231491333
48071023273541
17589955469993
10990972923923
46151824565989
326243250323
1893078154679
124509075195553
25003450387037
213858779663387
75078646823023
59840964514061
37746724906763
152169185566193
23870269187033
36473482955383
111594729223121
48109418008087
61360594840429
98246098184119
145805017604027
130810834385663
215052371725993
15817519337951
38773052964913
5513679479233
30723171860977
30894217114763
206095181327459
56124204344323
97771093519159
137586749941709
5731157838949
15230488421671
1587316319899
22408197449251
90256052281777
56362940510627
67635693543007
62899641023221
70681703973787
38748445363399
38226646727981
84441437738227
13426909406347
13241493729557
1861394699947
113074048790177
96976722646277
8220437583991
109217016586493
29916241042147
152740902177133
3438604349057
100719021940319
144610936030159
165575017436267
