2436718285933
199

153638677940603
67

65277500632159
193

185568071771249
167

197674962155273
211

49324303421521
179

108491787976261
5

265080643536763
131

81618039697219
31

50640224652631
7

231593830842791
47

112361465151863
137

43853263864457
97

201736011760189
211

159139232825467
227

132537987180097
163

125913981808247
43

265799599784561
37

180774882649747
47

21042467092111
191

203727703911877
23

71317782387619
89

159427494288677
151

169279720188847
31

88696221619529
59

26507083310723
5

44820346800169
5

85565086969163
73

93331220257507
241

28129537438957
29

28388399365801
233

80966097343577
107

218075883601117
67

133420296738271
17

49127101229509
109

159172672263659
211

215701425986027
11

209689337722621
19

205579450955897
181

143814049027267
11

232915268918263
59

276115631653181
109

247090816729181
139

94542883567193
7

251276811885661
2

96635199727501
239

221099655233357
71

110834860798567
13

172248030765697
17

197109701976991
127

92706581290051
227

48876582657547
17

48302475975571
37

196857427209143
173

47817318903247
3

134324212165529
113

273759596555821
71

163631267222411
7

90253985980063
251

60837575697937
211

60660204062761
13

147156360768479
181

57438551279489
113

135442173298723
151

2680180496003
37

41972028239941
229

178441570133747
3

31638371511433
23

43322138034013
251

167202727140217
3

57673422358787
239

38172374380499
79

221910953607533
17

46948535888621
109

33218549938817
179

67969463913929
199

71210240930303
37

180103302682033
59

74979586239391
103

187665125259343
31

189043734640403
193

15768104221559
67

248353825314587
179

76499762955617
167

185483510305157
17

124322595656209
149

160899311272187
173

98177924502377
149

148188798859313
223

184240308732797
139

241203784179863
31

229686807832973
107

72945047004689
223

50159991254293
31

90659057526547
191

137668768153079
13

95029651137469
37

172574055504923
157

149249353376507
19

249175620370823
2

