9701779150159968448331400569027504140808640260128269989
1595910220687748897937283454173578028805919024713961583
4144898730298243926895880144382914464276221011092943857
3019544175761931351181570172257172743329496940837023597
8374684622152201187129967320063375348770534513378828661
6500237262370240761161243050999308069607073628160151069
3889063775328832742377703563938551060180970943636147703
2819479721693408018137761285117700769496161847871288829
7673861948554071303035882824731575320260581190639435371
7304015303599383880219248404899996677791191022195413633
728818553694238166405910188138042170639360389590114293
15927948017023441644657223780180454954509770501069935123
13863894006895173833197387594975506544477898004825528079
7017936678478893701728227012886864123511469010210409357
6733851518600696446401614499266450825841871913560015267
111681662393923638372908000416129331886619366197340987
8115173242675809149794520982711324800856857867139964853
533626005747101147082675420223122899398232983816955377
2200403093611197251901404974999838115854403244065240277
7071620862777578658118360304580968474406815059858460153
3090550955563601666422318430278507311056280678874226387
734572333048705125757811890593010859020262386764075229
16139766138438581047115445703366735997647700201511895909
18974108264389723497305806706463405059362005139114403647
10452001296634033098955036434055472381535667861455627031
31428525283731643380613443299821375931076957153251299
12535774053730419020811591425150208562851510441687855301
4757179912959830017539239831392249311741780695781091459
4439681038203759262319574072949429570771868889140921167
1075109785827948127270392268750805551606378093220582689
3755614303992368368954648574972964641013596588543734453
133331733874930631360355404391450409497794213303088451
7805787432376962687133278581666153248194931272615735781
1323429982856125837590312167860940888446875342095191069
229058095272357315427104440047449574126688964134041891
184649815306190476067188360814957838325308293295372491
18515265008448196522115857014773166358242472052889096709
14632445233171074291475710186638773917359556394892478637
12267397217430103894439218346076555672085237030845606643
1948268208876218947514327544108473623248478973789973217
3264612863731505359207288186880991567301002704596712939
14829955673213637955801413410512186521714923468964801107
11332235372555802223835767113998802332926696843632972571
1720228213112402445678997089244593756400260221212026869
721710543903105424791129575068633733822043349579143497
4704586912137959349046702387024921424189291895555387257
78938391088376398618826568755297584467652638742954033
3028367625153178801629615504422707869103421155267251199
10797221718776384929836938399746196546450088147469712101
3835065910460497880232488785522992211893213861810083689
5175669900428568628063416274147700069414139008170618667
1653299849212410354825757740775628370716178016187911633
8763490136159833608010385732472594494827277772764340521
341030630220971837393759044750853990826808649064715781
19236548003623970243864792667006086577065614959246203327
4781015274507980279860162425139452590105751841653059587
6171560601574940380946926105345130346799363905062457833
5553795600503715872208364443907422192913543239198069209
17120523820206529552204002353843109838279979013339557293
279888405256201269482898406213321084100300312980693399
1897283214761341639523192985514553788238371087095740449
8114186434102284642797347629845596727327319806571491593
15915036316407239916629940717363229231752676399303331009
19872978868562637395803589324680473480419711737108679593
20707223705688163656558636745871325691728489425473611541
4980198073546765472416923011290514426436821589255954973
1400546520554507143991539133128188508256877243873305959
8453347026043619769791569224444775416071613894884634169
20655870653953387385561360321257516268582405155195007
19133527366470873089611511643886719109719345577812417977
5659236631906223009119400328439647483738397859370761023
660824397616913478345220520068443461311324879090634407
1687388854023366428653551006663479849838045433187377489
4137862387883759602631385070260496830352692789583848637
2068426961069273610450086103193687837036161927415642111
4576253632964227848075415425233975235509091500505198431
2250131963405973476912108291778875776355137192930716533
1014273929739126086350184374739194956258560980899484213
6425296281689052294397960292037597953547618722692523471
4756721794688735519655591967020502350569724884064597619
9633573121835643257161529650592896203230443082035002727
8834297561169821650224034295749763345400020461352457763
10228024538547510898087580930091874572944020522335176699
89549550866061948671084020491261318259020875507345429
7761070553233137036082142005673020390769352162657929267
2436805986429963116337735702950392453316292574560331657
261596946309450761735158159497284789619074999167936727
2381876299577716722769691073830164378488541243897332461
16315390174153172871353131744282005340667719897793775349
12740222900372104804477368041042479598778190705571898187
16572400689054688345538446414469814300148622449289495273
907590271427919933725931446917578220606671609269444171
157760063953528037809663129670079899528424947246865247
14790558848472287862507953581623880655979578076661326887
207276347661603943033281330332631246361656093392700479
369620526557067061438008398599098958275339682188779723
2450077728457516743667818877658840411093023752876462359
1271142460573200445825437807878402098267491806654451599
6054840433241665217708984667606489043242162770076979703
946708168860827799277439194804129806611809496364067979
