329394268160619907429607960396283747821
173319387388209899578694773

269138968810687849924402936971105990031
16848815378875254458360603

293281751968533481393706675092247680963
62114312846730292723824959

289903887338187169303638155221817633401
211720272578649977985742709

65152391207961624265152366296046062107
209445795274618154831567717

92179150297369246722155699427024210133
242016303733294458149119489

267695556255101635086486597010660434737
37202447725724490915396961

70416363198511543510178580599982537067
292848242863497545727801677

155102874454834823710533158834060995633
238020671773238820113476597

193246220027446508612545516036457007691
14547720894845414993399563

206109113977816742347504866632979425467
246247195235553971308635833

187533463281663612151198400485908483307
89481149880409046755519817

40044416278241130786099546251406587231
19499309841581397866836267

286202646467144949458050483853739506431
291526826937263145664860511

162992196900428434306723990509628232609
143289749078194854209814149

156289455132907309671572357321482255451
243868999043754326919634361

288464006374284089469515670437679417707
10986763907151801833375699

14059194521539350640789387084839787247
55885148717282730708417871

216667311530190740604219714859179440293
70858585000870427013478969

57231941425885676752204807293239123519
137338994103314391953759903

340119055092280576792072946533582435711
65496380823313706424337073

247328650189025023190559547441732877333
300547817803530578624686351

222693614772341937621161044700845990219
75350743036445600227777271

336965705252366380999764327175011165437
300077892087347534781324971

289682746052924331301385691518943083531
184544159921960047372415773

312051409807844161123230868413169720571
175463216787188229357174251

317699721869226426669916747709898058993
127161718087654474720183367

284917031548107460684302485780236300187
161040285505704165013588297

24505500240267738638379749378908928891
145952996873664323216654731

40294810948210221312768283977382877531
66458348980570324957671637

79561755358838419063300228772952747623
303228931920087362746961423

90041066721759049791991109311589895649
169556359365590240086546729

86517046144084268212256649913520014033
4433167229873484628868011

73719421142197362972358870821425229677
139623678947077836798427493

200018417293251779582703446901980069543
33984475901508989450807509

215957582998553467734578959053251560721
267737030236512113213062117

318384587968825910723701272817166734187
148603221059775382855222703

248734366295219842733900894119709845477
106816488343907595961733449

212401472754868325478610771021750208041
172259121919944001296663137

258947768081701283783595602773763023373
147263066012191658289536767

292810039181328008992753419719923814839
263707846062611771674906253

324987476139102049962532763178032240353
257380034752422235714305397

9003331344760774637875581266472735913
155684643934211941335901951

14017546813079757276267746820713354957
51034872337879083613365103

204152461249890260590000216234272119237
234095972823076995063980227

217330953743445074052311284369012020649
155303866253986710603105353

123576807923000666646979534681867821449
301919814214092056892771527

270929122936151262254792217793231588711
40928773921451010211441351

208631736188408809383039283168303975417
277842656716947212989749809

183129987142324700546065679153590249423
152823379904584549130003191

193309419042577932275583987243699941357
114259866188877157407378403

266837786620205780434526845730720624233
276970037893174868883927821

246213393836798016816777889177612325197
131825084092196346708742033

53998506741208468463506644650471404843
31909395176921733477358159

327089748002390835248405895415973711399
110307837296601656395768549

283498468023579535368691707273092707837
205007231737952149945482803

106222745263102516598116603144634399449
276307598001516161846904139

244140289104624131496671642938115270407
260496136284777913136538791

228727204163182014328893972166328315879
149530746260620089862613959

171348488412891248487173133745134494659
278489105505025977089861269

98875688956745369440002866726574195227
34339235805548023246502173

92759584509660813808526433481887888373
289202599036755829389367757

304089003730022340930859735349989182037
173505335637549955353105131

277388573160716573429070519771896250571
135628788292185950458799821

120488508428595413888340700109405871173
28562552421870750380252849

8630746971544498968873904827746409647
258981035209008160771680989

167531653549045072017902663082144065117
108632600651641883410867123

292344873167320114619373485080517988149
94047980355848248019243329

228161716438085937963370497285913722439
91390165977943449348650939

4563491081722180633497364184900946269
55616494366824294268271783

65842277762798733590966134035294281981
6882820286667548657629409

41839020116781945310715536442663020279
61295875706340900417470099

4524183920394349403911221678073902233
251141119656702948080214143

224681587426909520903558661833328132037
41742001368139501613034757

197833807069559085320190738059974724023
68445773737744730866653161

172989396576440595616476509150860447781
274865751746265170249556373

309122893955611770524041227950898262469
9178101408028767524121743

37903145268130405293992965207414280611
210047472888943104670467127

76017913901885892339678739377682041277
294198626397107718891591641

45714996327980073604982754437275634713
121274827212064156819695907

303032812333983703251243145438150603741
20469983527083930760018367

161423024357123326368212769832764139979
279789646178845518687712823

236003510878372972399585131957851967287
268808144812627443286741937

55019279841155380637814604926467094791
141540800727811818075931043

117067148225778808340828395721292790153
94691218065222646171451803

199124066248370991267275133775252906447
302212943864107471317247861

135553084431855367978902377210783911819
176762355552441025136059603

210686549480014590640638177630476628307
73500184162054636042732097

40314191307430470275099109563634962921
31210701092962333332926897

321594779952935619940602746874656686151
143269996918905874131963403

80667700949122946941511781115816394543
213871873015764636900443591

1774227976484125207355443409567635427
18590417083837961920719901

217622240758286392655087506592227692827
238014154474697231491152833

289880975019529001696920278673136576293
99306654448831001280819001

152862201967849829411126739388040505091
284395965089295335622779527

223920272421281013530696750239174592897
63319361804554786284117871

144868942818438383457844163057905894247
292047833049397083683787593

274340538869103586480601894146962652081
251594954762498994568734983

12519088245931151400609077815046877013
87085308257264021719793591

218701010966552623173998169743475088159
120185439379425959598069671

