8754956084332578715863897679888989321790835484998213857
11724650035621257995498540755526932713802714412884769857
2919921475648229426569260110566595266700710349825044841
14900141932694841161603860408110583366960414930417040749
888951489642932017313190328271478330318991595165048863
63290222807940596816154059157728440144520654561755829
4200890651315689303685206087288217471157002625000804919
15922857256561599816909838769723364818087213745904786787
6252865052511456962174506575032479688408935841355169601
11469996698341630739864684293275170325907443361657661851
12000609126483648201343025148911400180348649035958661819
15362918748805343747493605247670162755021191482509366103
749198341222355442178428525965724492559590560851050967
3455968522931575677465470161763905231567021135390373501
13564306033652762378385829449450062104669246961818925399
47885042392493939389594265154045721619394981704648219
5932987479044642218057391984584145615805276148073337487
5294249121754268981840410434527761440655120937519476751
3924271920916495406185668778895421285311954598951176549
243217362818891182814830961234666434821327855177281303
12983389854904545306097878338776529875344689992552834067
7166659685152341945992210153282777122926824084235214501
406448105721404641910505407692023995316103370683753823
754765298789291770744392892097878666464078134683986479
2585095196095529678291969570477743724646946393433508283
379842339542136103859162597334755218900037291779044719
9385273157157602512486435154169403148313262871783796029
18036448251597477586017013317987254080308058536930615089
9439069649233858618977096139206765524798143529789059213
51871885844940994417610680357175823119660842803492787
798663983308210507088436349658075994358098656320048433
346738870617994401111526964445189096153891705472320073
15235448630657549094646190400875321592934211683477867381
8454568878187483776107628964920771596738405810892737089
15859519411796851042228877644828537555085956965168906949
1374218038908101098374816653650551794309881624388409251
1195425485071815073430497180674758357326959055889116729
4484444483974977393376881794828942521338486028204012807
4944513376079774619280911908706283809614251274260795807
9948871517699536728817369439788976453439579085895407129
296496953516136701650162974442044681922539245668440233
8339042129029825101068009293928112435733396163175281753
12447775658810574701880874500810174607342491550732631111
2637353314140452115164731735034139951906357374695028941
1061773966810287130237033667704597963622665164699358643
19680606605648244566364591987534320917665531268475832833
2300802169350115525505110307783046546909205162683998287
11857571076449545001113139888129306408700052420938273641
1209230698947483601476334567320535256076629827933242173
1454968186635938391319903911948052614623526221525839967
763661604493216889963871003249413970394642773385621853
13716023661393284769845460844409081200784939483958050783
3840849369279133283122367422335685328843891344412146303
11948195458927331837485703485037474532605279443544446031
284812021547913689181222753325799275651330152804792539
1163516318980660956938871735191395696071623918405864689
14053345313246159655001673414848382918372782105679701081
1867832231508413661730494933312520134762231754784245691
16726346000523020585627807713185130379606634220482748499
20295120043325126563279612674199555261118813265712725793
13515552773115059278372908230219533397604712924966006907
17405572015223445944386481439269149366879327994716217477
1034799184222793855037826452963064513890489348061184881
6069334921235618384634345279737107308816661529468750281
597593166286768429090255552872226824954185833932673949
11020878537468358353488153789414450746179732744845009993
12877623832074168058557984150340864290773208499105710031
21216452741040286854624912143863199935075372349215267309
153935549834240337359976718222867442150486025792823111
1138625273122645001613468555507200879988534290139265961
2515479292159389083313613940912394274587949779080661551
9981643930955284107402742809626599366607929214988034723
3763335905237577143251951963309183788232311780180256747
646388173895263462541778832852618278802067720771229007
10343637869387937789279101682554210533503130391390856401
7580396551658785102775302980612588730253707396319272369
7761289928589040735373369330842594386258582563318727641
10812693225677780270887327738608074867127099266803341511
4907121671635779347187420863397450876279009992283658141
13068708870525468369351195265230348311924280031082830789
1905048920937134141669658600613629906790737436586072783
19659283795891306957081944176853132221961094945098567641
7186545476013185171897569053129241225068229218474566119
5553169530488432714443332075164503990945228816227627059
10710474229780134181714675202020684655051989560837986521
8084082721307265388475498120231874358180108809281938901
4395627287824745551042444587755520932422240154518085633
1136678734166691949575271070795651579560407917744664853
16831409812015913299962878969001192570714182492488083599
5260893761649502957925195648704694895049886846551747861
3579220847491725799035690067053423080966717155289198377
2976764639828222639559374302809643824846126133813269787
11113368142573193297197344163393792200083085046515963427
201361268444876320673989486798822166095562777706101323
1321859472662243168343557278112881902349229067115097269
10080007870829146213212630638395105974099207776430985819
2905293786484131216192493466646888696261063665524341859
4818433183079014791070063352561861235848949060676508237
517036832241502975709955280993551185719586504882646361
8761686228657031265195595166697183458595771567403051269
