1413247544801
1699

6428156303903
2467

13215441256753
2971

13427574798317
1753

14599676302151
1399

13515744785461
2767

915328045637
2791

1919020927073
2153

13639075680709
2273

9286693333031
2459

10920082074373
223

6266898952861
937

9380801611243
3863

15464865824399
2141

3582065240087
1621

362445996989
2437

395757031591
3067

8142422804077
1451

2185957997683
1543

4531482943439
3221

16393912360883
3607

7087050033281
2141

6394691410631
3229

16618947239549
1553

3757205981407
2797

7172727592321
4049

7735112991077
509

15999295904363
853

3881071008929
503

5500382233889
977

13421637887587
3631

15433299730283
1901

11347669120757
811

7991818077337
2731

116794111883
3313

10632196620511
2777

7197320057701
983

5762228738681
1907

10649694463567
199

5377831162721
229

9305271636599
1291

2539937319617
1423

9935524056131
3881

7199505420593
3637

10296304335301
4057

12917011594307
2663

10865125454041
3313

1059722558353
17

9351143033651
733

8864686765021
1979

16610527881509
2423

11748104355149
3313

2779250619331
3989

9893036430437
137

1529118118127
233

11071246051253
739

16638373030603
2657

13052614253941
1699

17266752200461
107

2827008026329
233

13087752946159
1187

84792582781
769

3280441552541
3947

17478690232183
337

15344411040901
1949

2007478151563
1181

975241456093
2917

3152426844937
467

15520299679799
359

13557862135639
3217

7602582781699
1151

5457040093591
3167

10425696593833
1523

17206426093127
277

9626849990431
3761

3566491507253
1873

17567096287453
1279

9801285698273
3331

4153141614263
1787

7033980649637
1831

14144910819287
1129

16941969357451
2609

1171362625217
3793

4741404584879
2027

7426014200603
521

11786313979553
521

6673288352221
1549

8091875018281
829

13389203199571
5

3950847307637
479

14382407445733
283

10715167662029
1061

12271167287129
4001

15957453255407
1543

4563385781819
1693

3212744172863
2503

11988132517181
3889

6546382931423
2203

16305140260709
2347

3887722626043
743

