2389582649
1500400523

4249760447
1852114349

937505773
2278562999

3134305073
3995344849

4023067963
94798219

3646487491
2917144969

1880783017
1277713769

3197359603
114000203

1529507143
2610682397

645872869
2455362851

2613678833
3286675657

2486362111
2780828137

1862786153
2168277667

1223354549
3328478537

83742041
825926797

1437075137
1232044217

2416838341
4074339979

1324550687
2072972417

3562248127
3516346381

1807475869
469783829

2740272817
4081538611

3712620869
2544077197

440965199
1320693449

1513404523
116987869

124764097
579418349

3860875033
3729868339

743652823
3542231743

1901959621
1118398961

3367762379
2377179437

1004077801
583406237

3488958043
2054106773

4029089111
4265227511

3707701597
2364097649

1363671007
4056558557

2268389219
3519392483

2243931707
496489867

3562549241
722733283

323973289
654538553

1673757299
886584911

787846309
1872837151

441976819
3156021109

3373953337
2680937059

3343346509
2810988211

475845341
3526214039

1411709653
2987044141

1046000381
833300627

3682473499
254785957

1066430149
1607671739

2317408003
2129606207

2335458259
2929203041

1940918513
714917033

2491266851
3203856367

92060167
3145893007

498034549
1093066001

1541732501
2645304593

341765167
974527699

4136051809
723901363

2122663139
2808114839

3268809107
2632730099

1772832899
3246122513

1981109621
2583995411

2416720393
1211275033

3167838727
2995289357

748161017
2561676457

778394167
530524091

3027863021
1097871377

1651253089
1709713037

51214447
2589083923

2168294449
3020194201

371188157
393201293

3847690729
675055061

3239238529
3659990953

2268615289
3856504307

3949239109
3496139047

3392792147
1817053171

2858686001
3627865027

1580781991
530068751

2972700541
4112764087

630993067
2885299481

3984107177
3735225353

1749109981
4234999033

2703098579
3144013013

2903861197
2356743997

635182489
2475210971

2100410029
3926678521

3967238999
3267972569

2538878191
1770909809

3789628861
2775532181

624736901
2583492179

720381509
260140753

2415617077
4120134793

495588407
858011927

4236737749
2139470941

295443019
2570110271

662389249
4174659571

804404191
196670203

414772549
4021891721

3031916179
2285800169

502900757
3866039323

1891328827
2327607571

