3879091283
16052599

195704083
984253

936774577
13195439

4079404283
1518971

3286447907
16181687

1226707877
6855691

1939204801
1181759

2123918213
736447

2635161149
16610383

3019270979
12270173

2652302749
6422837

3625626547
16451867

3044193049
15880939

3338152891
1385779

3221266151
14244067

1452496093
2072687

2151446267
2045647

107740231
15275459

1369618303
7601059

534913801
6630433

2115687401
14232973

3619532797
10901567

3569629669
1709339

2293578629
1203901

1233017251
6209053

1784908001
12515201

1523481433
8519221

4004401559
1172531

4069048663
3182537

1031329127
4986097

2355270793
11136569

1588055611
8868217

1740703169
14210473

1595973943
9986227

2072252251
6402323

637710179
5768047

886581247
4428553

1550475679
13617811

3861754571
16221061

3620990383
15395971

174417077
5477467

1576010567
14519951

413774797
10228651

2542192963
1527791

1894477199
2441143

3881336629
2936327

4134337969
13503311

2086669441
3850393

4228750957
7337101

3413580889
2937853

1936925329
10086953

271971659
14695687

3752038267
6033211

2949731219
13363643

1318911779
15283249

3782896753
16615877

303527467
3860029

3151827937
5224699

3573641129
15313223

1374936841
6902927

3392054257
7342459

2664626051
1700981

1762767271
8485231

2907488839
12759277

185311999
11600753

2821727141
1317487

859709623
12532279

1768773521
11439749

79517743
4481333

224424223
2013877

3473756543
6242261

904894103
1059941

623295577
4445983

2153818643
15128203

32420569
16727101

2670729697
4633411

3140401367
10040533

1111724521
13927867

2564688023
4893277

516199207
9427409

572097047
8853391

678829951
14170697

133103899
15544313

2682034169
9336059

202531843
3102809

3533829847
5815097

816005213
13069579

3505329851
11077543

1772511313
14573711

1245148283
8071249

3920116843
5439433

135126793
7534433

1969287401
9842879

528820373
91639

3836626489
5523491

2795485489
13402787

1648502389
4329937

733487861
10443463

1265907221
4242247

2041169731
4326901

