300422752943803995398547522109338587537
241

311143797162604555853801865977148209251
2

208204708233020465514197908258316197229
227

335382493389644525291713579398371770999
97

9685402371052491968641405053603643873
109

307651671380616518686587484387526855527
3

172240508145824787510801120239473809697
223

205558804094341715115224384199112324733
13

216898727339601004407398279161653651011
173

78949586576372582826875923824305303663
149

76040356661891964942634217202361442033
181

123720977016561627169848343399303939867
239

129209754591696412450343355499045540961
67

108961086896322547573602423636715425691
233

250664788111997861088588190258326424469
31

27879745429063794758818075029145968371
5

203043748780429384071598882113370940011
139

300036086846784355167166198897205483303
239

270206138108426975776119702757971470257
109

92956153906638788073435863919245406041
199

164004645473640105732383353055449285031
223

35597358941041657331999746285397877967
229

134955374499827519013571860856975581341
31

230375658107526341555846924793886733731
197

98266638226674158538988865414739659269
61

48099289110525476652034633363016879023
43

33559552044711221947128306678041078321
41

23279537419581984009410534908875078689
173

161131450774897480520772482520941834419
89

77567318546268300044926742704173134347
197

28303139170240919729566074747836844709
131

108107361197685883012185047812240827031
181

302670273509837706761848510434196128127
251

141165381053899012541468285050833920819
107

73573056999452634398171527755718796357
181

84515032993134810746297110638156277429
31

136362479164660567297615700389823574127
179

283573659584650752752576829434540906447
67

331280232057537259295242892132913752057
163

50293834170060183098973357568166857931
127

260238330438189079506707221753745590927
109

329418032686265326522836954408917718253
103

4077995842916946673522679018453118481
67

23835044014705091698362008757318956483
197

165099534018078543638281329309960684449
163

176167359060765297323141750072865311471
97

179777512943911801520862433122667992839
89

32426887160377440122914685640074739503
233

335896709962985434016096822953921911721
71

130803382181467325943658521444298166069
13

225015030168945398265006974892104380243
113

291138354900414933479039262870978488977
43

24830568831905038886089946000252337109
53

339994862902325657163692941760081985731
17

196425984562824990839478885478167206269
13

205870434172430830736361789056747230381
2

129433379202660114377867430880597115161
43

106333499119694861891069265997941194161
233

60772452377032109501325030421228276061
239

145544439332793414218645599017009318799
223

100371195611655364459895908590368915279
37

273944919282220324975639857639460832779
31

150436672729539674354885459043490970983
109

46825075993442167329034338301611038527
173

161255779452226849061894509699358443753
73

283185764942345669066534113225374975797
137

312493763884510743637888219877885977679
79

189228191284033218817760203105104419747
97

291887475390820377185690185106908681427
43

339390911513034589707146227444801688663
3

287699757107499813836417812849331969719
211

184514176387656524900591807432091242561
2

287036698651065508418297882050366168693
149

209010630846480921116108837439300259853
97

303148116186133849309607455612186380551
5

124275403908215583272111770537323052043
7

205540790991565492590540881776752993349
137

317943811186942723446309232946840746757
29

2551466286019483986547385769069875389
5

172681294035299357119454381523911259559
2

201131370316206556313817169125509103323
227

93603993470668199079208602763663884793
167

26246657880651014994190933626007771469
71

264109076593259215927413272547998906227
233

6526086820507624139866784913555536663
149

6884717085317903131283734530005562821
211

147438092797826711111964481335404636003
2

304000546765147415009181488962800730079
139

215512535037874567165382217431261647249
199

227310511158169480962897846562340384939
79

90128791225274662703325897559379110649
79

98488869618817386683675598403154962787
11

25558338215841900243426417590623891891
73

26406520951621766801651589147926757463
239

271409243569612414026382456691671423951
31

98863724600660625625210541117088672529
241

38192367152862494339214493141793512883
149

324473671923019058589298776928589044829
173

21868218110598456950247467437737664061
251

80588863405842035933895697590891981109
199

