54539809481
3160294997

14237946997
64432589261

45743404051
23596637879

34510677731
13229707919

12692259299
7382502703

4858678481
9228416999

63120506927
6531217391

14532557323
60786221621

26896041427
9252876631

26023891697
31191682189

12871807187
51415056311

68003197727
5714708773

62322024607
35019950873

32007916093
32461579649

23649935327
44497955149

66972788683
4718158891

38468879363
23461854851

50426837819
19275924413

22397123479
19451601349

24792182579
7534114183

27611465249
7273201433

4232481899
35444807737

45738181949
187736723

19371277957
5768969933

53995099091
3257701873

23966994617
54260697233

45803057291
25520668427

46034213087
37437178973

53677127837
29222386261

45213508883
61438733243

31608694241
48089657347

18187729037
52049424499

7578178351
29410639541

25103803567
51377994883

62404714759
50429107

65831971873
61022282327

32810223139
27557388503

23786963141
38566442137

27690769177
24588156503

43183941299
37432353571

33366746353
40938238531

43400618801
2906661353

37151050553
45673006243

11807920279
53189054923

66084277613
52571348831

65564789057
33386985013

52511919301
39325508753

58518726521
31468315301

7132080437
19868507599

27293777579
11049525667

52830571093
38476878151

39881145163
25369181809

32600135101
1286804551

46841419553
49705737749

31218299213
47250514589

26075325889
10886139127

9485797799
2767444817

20278290449
66266147023

37604661221
20675030087

58128453211
3389794637

29131170791
57470350811

36577026041
19293857293

33581087873
1474094441

11591496451
39660790003

48746658871
60522359641

40552177871
7546295629

48535178233
14047567319

36147551603
34899690223

10686143701
43593031199

9128426651
37061429413

19217858167
14624395531

47777941097
2818212479

46072601251
3107183

18659128681
33812875601

25076063521
42350278849

15925563371
22799614483

64282755577
8373403043

56659948427
30616449079

30217519781
37377707039

41645801803
48280654241

11729556661
57355494797

30641895269
41869179293

57620693723
21383279683

2227563461
53648226211

18909880393
31973923301

2097738997
7207690241

1546491077
19921479577

3146616091
60999490553

34828144787
58823592941

47495765351
24389747869

46260844247
60489268171

21033697807
26426385121

56184216251
50242938631

64169826179
59068842757

32266543391
20078065459

29761734593
23320581653

27195336653
41552534099

13513453673
11606568067

30687351511
23147224319

1444397497
29735979491

