472163669
719

3263342227
1223

2697644407
1319

1399088723
1511

2469992123
1787

1466533139
3631

2579696407
103

2396107019
499

4091084381
1777

497897761
1181

288163781
2137

2128886537
571

3143309219
3919

3322195339
3719

3800650621
263

3559033069
3701

2664940283
5

3399026599
2711

2659280567
2179

2571753491
3659

635964167
1609

3847513739
3527

3293915239
1913

339362431
3559

2953444847
1433

3221473399
2729

8052019
751

2794650707
4057

88612099
127

3269208049
4073

286223647
653

3387750169
2467

1587455063
3803

525703463
2477

1112812559
2467

4160820379
3761

43095719
3389

1107269
463

2237326579
3119

2032620347
1483

1896573037
3779

2341605797
821

637236841
41

1314473411
607

2829363247
2677

2537972869
2767

29402551
601

50262551
3919

929361341
2897

3095046139
997

2350345819
2311

1037132203
3469

2284414949
2903

3883190917
2399

3984211703
3847

3233046967
2251

2540657227
3631

1991219599
3217

3311503529
1607

665960297
317

3414241289
1549

4212878149
1303

985784273
1069

1282663169
4093

3516887747
3943

3816165109
1481

3296974309
1069

473255581
1447

889935679
509

655673801
929

3190378309
503

2198198491
2099

2445877831
2141

3795839167
449

1788116299
1879

3533521457
3257

305613929
1877

1182703699
3407

2055652063
1873

220741267
419

665516647
3037

3844620233
2287

3019465517
1381

111659693
2297

2904438443
1381

3651094033
1483

1668252083
1051

1750107433
3259

2129305751
2837

1703003707
223

1055798633
2287

1080571823
1213

1348528369
3593

4018096091
757

154915903
1877

1687396003
1657

2531796347
2003

2405994203
719

2234147957
1907

682385887
3217

