39647069539612018633991311979
543720441117940782035003

22410284072667721778237724341
619753612150773430802401

22405140421720892895609592849
580994498959246501112059

3499503070078175352427840991
36190894785057959119769

6674852777823026205961792879
784431509659018549301423

73183954566369480309858434573
956588770519730204224679

60226591047181102545503237287
395726472215018554276921

49552927854516045108063819277
499817055230391660222469

70009283249314294602315463129
416630561713732825329877

46245948067092487229213373931
334276428861125924647217

70596876308884525440384080701
1122841250010745367991433

16508711284555070305562670869
909890454650387699654993

14973560909801929682686037171
872633423837348226290273

48502941880804023845654156107
61257150884399921071823

19281555649052493540762327469
215114432098031398642601

72882248676983266917566851907
1175815825047444731002997

13240371389835696317897041273
756770792321782397283601

45063067046419134411728181701
1070668405382317878278309

50990541448586290757986600973
494336076757128634479043

6180392377350640978503386077
580587893673131582670781

27765036392048056075011441913
397654113317866967528609

8775860238970024965542515567
780532343518844727913027

55177730566350101857779636463
492984462479649575146193

33607669322789748443621875607
696429040741811069475599

65605686997427237280662637071
466038957301781847958643

12537141294816056351584705579
1145051246593223335668403

43566840034354915604068380581
74823541336272527257583

8690801619088484745358601861
1023566603877057141619513

20663548132629621333547399069
437071046514021461734037

31976296858041176257086656261
1076442838132105236062339

71651149309795912971257802023
401933268055810373749109

75648107313269810705040252673
297057957003390145401191

26206718101470622323991342027
73653929106755731525097

8439523053541431453482746531
895717949405443693925063

51868721631214351638089264203
1064437068952874270443687

19647745589377696768855846769
635987807727463323604247

47147362813578559720834871873
410389177789967147106451

13584781636689161378828286227
644965385070549825187627

78084448165232504909182422323
702782720058144220591231

69041055282174466360213967153
313535292995545841623583

10379812418086445175997343267
1013797226798986584660241

10175813223290678281073009333
1090357039812888480909139

25074914512454144458965534427
1043308213919759714857433

54174635080845755227889100617
590100565305953612851883

35611208756132365520120462291
600504055709067846526973

78882902658845960801398814959
1158063623478862912919117

24940739070931150740176541331
799016108029444683390347

54478593148492824352196992033
34489341830029417013149

76683748685222059528699699129
1183489091725426785710387

45752138891304466693282624279
244073615402321206424257

37177959215935143281916970033
365047267482634432060609

8323438692160461155218302269
911871235763385963759899

4300918923059462039275193047
468020147957319193811929

21049407593514361830309720617
1020823302152911254614291

11068258432324267607377599541
344592635516465842054597

15584128464126829816295917739
783148511820072198814129

54343811052263638406166705331
793260495058910197280191

67686702106068671252891486701
360904821249519324384829

57862851907628253762468889643
720784044532338707343541

32895886320817827204899706541
708468841782611258233237

64928663366491703124824596553
551149892325842063684711

15567960373833354972051096371
147016344066098181288923

75052040366871991845185580533
250335797168021820725363

48862709759238354871946891807
1080087000838308506787899

76213988446883824185081924551
388251744440473697048149

55459939709838707722721034599
973665760252406167100717

68364019123285462784536225769
1054193742888608343103799

76238188212589285022501785103
747737400944364365746963

38697088106381589553083680543
1098622488803318237854009

40580945091871234869133243909
959449218072673118265973

76761285487041638646919177139
1086511057667382458300551

68924200376218048547019367337
1157154239546362310321407

45851772983959596058830841649
504054914484385770450793

33844590661210447389274290583
274181051937517154088497

45078176640734190536437693981
290228558590221407259139

8556639592479234359923586357
94810446332522103657251

21558063438861664022489761991
293680584393652938905989

19352879355521497973467226809
887093995284421039938629

32731701457322348384977741273
138320182153181699175017

21096299302284731406813020603
609811071654355343236327

27050232442489302463888391093
1042746973425130781274959

77713509032930251957218568601
828406898642598180981727

55569927762490152292614342587
105120301904166295933961

34819020715150243956565380449
709499893601552896889447

21443364136369643092374751171
904420261855265036369533

33207439661432518647836107559
349440588798353630321101

19877682896329045885149166661
737427211489663776857731

69981703838851939005230580703
451076121418974567791669

31469380870382853527343403661
681389906105337614671963

849320600257514819042263861
1174561819837398779721553

31738665409936115176704073523
727305531905656354288249

29412621034563513418849304021
1010983174680435903995563

35605803494548651210499794121
101329658586271255838231

26221910796741552277965531373
326109718749461788881253

37165727237864967146407574413
512278865312638396106041

11335130620749920129508805873
933977651635440878753737

76558814308244533263323234561
59962316555309833082477

28287640729205245192723171751
863494370164045352541287

71244431600912320679833984663
48564432020030654204903

73324032204597163780347304567
414765132478088932183109

