25450324709
7

1412715373
3

35831266561
3

58846829599
13

32873003287
5

56259103403
11

12714868493
13

54961830389
2

23137480343
7

45608443079
5

50230283293
2

56505007817
3

23070985867
2

2541648169
5

38528552597
7

66027134009
11

56728136197
7

33295055449
5

25567306829
13

39270171301
13

36665052637
5

62221095067
3

51659847311
11

56250957337
2

39060920753
5

48979174483
5

59933405153
7

5921924597
2

27837115549
11

12942422819
7

14417652493
5

19966505821
11

67028147861
3

6880221563
13

11288258011
5

22886394361
2

39263690693
11

28871433709
3

18574250077
11

7176428549
3

4457592137
3

63812958359
11

41907139513
7

5526944047
2

13805924189
2

23977210339
2

17598312533
7

55911652877
13

49345995691
5

67496719933
2

49365344669
13

35095363213
5

53734112203
3

38625709943
11

22402930393
3

49758613799
3

43377781669
7

42544675619
3

25044593911
3

52733251409
11

2417891669
3

49214953583
7

7458315049
5

32121257459
2

66252753317
13

10179046663
5

1700827967
3

38514248879
11

57994030411
11

56646310139
5

59333357179
3

41991213727
13

47990397797
2

7593383143
5

41808609383
13

67525831159
2

15858733049
2

58504706867
3

20129146351
3

1148904839
11

17622940411
13

6800022067
11

24294802843
5

33541272637
5

57645544427
13

62242243919
7

65339661271
5

57936333589
2

60920383159
11

43409563543
5

12258618277
2

5183655989
3

29148078257
11

32655607841
11

45135571123
11

46679775161
13

64872871799
5

57514582991
3

44365959541
3

21866338231
2

