83260527363437
175152693809347
22676847520213
18156240071209
6945774122671
142804042049783
4157600732717
10775316289369
185293798860647
35560136851
4827444760319
40929556599623
47564207602073
57003957762793
16806648305281
1150563485549
36398320467221
41634752822981
9386978138159
194050800407267
18134744102249
708276946199
44181544596859
84682550815153
26853120301411
59069340367883
72064262270501
135222702835853
78322315188149
66601844399191
167590921959073
127462540089119
14867529754487
35891143411729
14437582722061
26098775394089
76393246522459
83443865653171
22430336761549
16722822977431
107690042186539
7306713589349
116170499451287
230472357172429
113435825250773
41644863114821
75716614650883
67178654446639
137991108985987
174178588982789
209186617702981
43347143883623
9667204666549
60672888609439
72674752180141
27450267369683
124722299935349
50384697811031
49574382347023
17268245846087
58527698970187
79284910470257
113242043326939
79762739515933
30258205717841
6153912565523
23504476729319
28459294811657
29100627819959
19704090854687
93916330285091
44201830092781
31963610968423
108869722181873
35231364795889
17073923433551
1335128445661
250250089301111
13754789577751
22626270875653
2496222793901
79621187598941
2903314997483
18765374778287
583922932531
106753369083157
106476379321583
38472255355621
50549400924461
107301416262793
59214232465457
13832545760713
11509311673747
12985564057783
9390252431041
24455472146621
118061788309781
9960634958359
22264334769263
8656362139661
