432427651949
61813

2971918517
48409

708362480597
29137

598707387037
41543

258354510209
1231

968559428131
3541

525445749407
12451

741601656769
3163

296235212939
9011

285725440937
36457

456864165521
13963

696613236427
27791

292860476033
18307

831644844203
14447

790046647183
63559

204928325587
23981

1062511207111
35407

526190402527
439

852535157081
23561

1058574828991
13183

176395426807
3469

684715361287
18307

297383272171
6367

180390346189
48767

595212112127
43609

182681231527
38327

576143670077
53479

707212102109
45433

283641584407
15737

804275242403
62099

593664523247
4079

450380388581
64969

622459869659
40459

534384600359
16691

58231002041
2441

692245272947
19597

231443637647
22853

12989093927
51199

101678943829
42929

793899620071
30539

473024131903
40529

521387141981
40013

955951617847
9887

955134632587
54133

142124830739
53047

609095462813
18367

215978366819
12641

362332805561
5099

313222059379
61409

921882507503
31391

311356756631
14767

671320548653
4127

85433340739
34283

583504924117
1567

432003354611
31963

124325131261
18947

868730340727
33091

48737156497
7933

1084402136933
42307

211233692051
51349

339965837411
58231

58248708311
61631

775323228479
36901

244864033231
34589

321450190927
59627

468273898343
22147

373193001523
26119

552413042341
13469

460285958203
6691

450618012643
8461

630350853073
1297

51978571241
32213

459407738411
38669

165390675691
33343

785070083549
56873

301944781883
47381

269320572331
9029

553027359961
6247

660880408343
52223

969722879221
21061

1082116342873
49253

778106024867
57679

452322984727
51287

59857214531
57193

846399226069
31253

739187006729
33083

136853207537
20341

711799419347
14347

681432146183
8053

843134121733
47417

328975562857
41641

241707279719
16829

716126725189
45341

297894964663
7867

872860351351
6067

268714447453
34589

137091201911
20161

420840227809
23201

704336390977
37049

419343514349
11699

