7949567468857616801
41233

10002779596424971931
49547

941081698531060531
29231

6391176925727227969
25717

541428780821346227
29347

11320387238157008749
55541

7630267220215388227
12263

7678051740773864179
33563

17695254927781233787
14821

6603614350448044049
30307

4417421588018463533
45053

3412201041630106079
38993

168886433788434431
39869

12705628851407978869
32299

11302691109950487061
19709

2764988397441401473
62401

14744460153454938523
20177

15336445619045517209
36191

8108937856416617069
6947

6447889347202521073
16433

5142610344030369341
9227

14386841367463728217
30271

13098437622807577693
22171

1663555503792629159
63299

5784745654171184837
40031

18064444018207387643
24889

97876194466136561
35591

10382240528703184177
50789

17370705590765666771
9029

16020472950942089717
33211

13326371472921937231
59399

14941701502267620923
24499

16623918093512533051
15679

1636909165937471011
30319

18107878588431824099
13669

6191007686386317551
26891

129576439696995623
54419

12907677924746346913
57977

1950988999124877869
5413

16734933944973565193
11239

7618556366343688783
46507

2338547879795220017
1373

11436364477582436893
89

15823799940289422559
38593

13135377000153210611
43319

14136858987018925127
53129

9152779941653889901
46663

1386793487927350891
4597

16098686216902773557
39419

13644487624198785901
59887

632995558269549481
5483

14026305406270275919
49667

15417967706979573097
23131

18427328746184640979
7753

1932864334257999341
49109

12543444117324793471
4943

4391387173957176923
19463

16556962820318245121
49031

11169247042570002563
55487

17432055670770912397
62047

3037360252159208329
59083

11205857213715528031
45329

777513479944290641
24371

1199673832949105377
54469

11177353109573796367
26083

16345592060241707447
52691

11363221934896616357
43543

9533831225555163509
79

8286665922130901183
3217

4496516640591140327
26959

16058606405497359097
5953

15672524131939566319
50957

18263393339411665231
45523

11324663717591172791
14813

1570789486144786151
41879

2402041095608680907
6229

15976695868340760433
65141

8789451045528370187
13691

6138527475980551181
21649

7867732433115916951
5279

9727413418891957973
48179

17153955380550842263
1093

98885504582028473
5351

15334293572116859113
20627

4923436075531272583
24049

7256823654696959561
63031

6973239415708749853
7307

17168079366940915111
29927

6535655613042933161
7547

1324489063794417361
28979

12699183890016618317
16447

1649648357223405257
55711

15908695235191981643
44383

4523383538301055741
1223

18051171029618667931
33329

12145024805659468549
6469

8570061929035505761
64871

18169856143457452901
19157

9924360187424695577
32077

3325895808991497019
42437

