15097990800679
3496020589051

2190386396609
9357539548813

5193101941121
1507203053599

6343397272103
501886405133

4179836349427
15096934474351

5789201820881
1014614744939

13846347881857
8678534301167

13651338700579
3276652582087

15965211031879
13014957798677

12365603086091
6844899846313

12650898366581
12250887097357

9895900888109
15656035733641

15836963666267
3947478497827

1148037459649
13333954793557

14487751200941
15578826865907

16664950714543
12535788137143

454822686181
2675174595659

8532540194923
8783828657927

3603192860693
5668869135841

8496210698161
7449925112867

12726975819797
1718733219773

9959655582091
6023907934909

1718278714849
17546642458859

7934063818567
16451040199091

8718632208263
3524452079531

7619857241611
16679220535517

937853922701
7056956439061

13874529769831
7155163145027

1376237253271
4801625336143

10102892407351
4240937281307

16493688868991
7345135893881

17341613409557
7876604800633

644823700267
660434339959

5949536524241
13487663368969

14720614469333
14833591280701

1944068739749
7417056090533

7086580458271
15586168773949

8796851940241
7984753029161

13860023923313
15160216142629

6168922839251
12565051609937

1103701542733
17286400497551

14759524840999
174480014609

17294140319671
12621805203547

10293498656117
16086572428757

8790642750073
1633012055809

2633586938953
8671651125157

8389667296349
16397588058953

7408036936159
16637979310921

14193393035593
16093682734021

432868190813
8194748534209

4475489030011
11213372674159

1559993975929
12681152523749

4883899663603
1377619707097

8736320075689
11535819299063

13870745912501
2660969212049

2776731190421
4514018236909

4890580395859
1358235250661

9008050621993
12501937163281

29917684127
9166157509979

9249603682519
9075910385723

13440753004517
5870885679409

9675215772641
6016315443329

17367879102191
17375808936287

10198990541423
8086734806209

14908867058587
14517517132763

7663395443069
16093918405057

12039262008223
12309056944343

10999720152503
10354983220847

13274347174813
15816047098487

2842731918779
4816406089907

6514563671183
10803308033653

8913360642983
5583032599489

1521448047619
2984878473077

12919425104881
16367106179717

12984070620377
11568564876059

7481477887409
14055485323807

5669040131501
9873284092589

3293671485527
12993159554861

16204564962623
2160545620379

6876292667687
11190014084719

11236607891297
3594599732629

3842888623159
9100983254681

3569080014163
190439509201

5271660778613
9042210194477

16121808811663
14530880523179

16317611995177
16731108177481

2013107206403
14903491195381

5906583964241
2707948341001

7238762534209
14030037665849

11337401551417
12494388774839

13545138855889
12274151212123

17204140821269
13151413194923

12398739558539
10559126756723

11982838121249
14782742101691

4701016129933
4368383053403

4752797614727
1112800753783

11622851293231
8428906371701

8122051032919
12748529432497

14985541815691
3548124149327

6888887876573
8150099638903

