55321294417
240535327547
60627887263
203044878683
327604553609
527771060681
47092318033
475215406129
211596659851
495997744519
276602511571
636861577741
77401466797
3801547579
131313795259
54761362037
22437869149
21752423101
671639256313
463296314917
387085153729
52079940023
650518702753
17449551589
59430295591
67779018583
318073750037
358642647697
337799299087
14812262099
4482993269
554856955399
690683943247
284488729559
220232376173
265091313527
592514106497
201329944237
518540668543
130716513007
88046093549
349389371777
210263094007
16385561419
913223957467
221968416211
132395651077
473336086081
4211514631
19963559419
277428693973
7238385277
172683044767
347535266417
406652713447
126620127019
17980132727
205471862371
12764846009
158120925689
488807974723
758233087177
130331334953
591635526343
223609295743
156985063621
93996389593
36979110937
558214640323
295174178287
185641337689
87810952111
35164567987
568622609449
73890397043
198166280623
466675530109
438779116819
23862013723
415017568619
9632461417
494513309981
165647133881
438854847227
27745436119
133591970747
19107139
33692691787
4102568447
753785586493
628919282219
178847441027
300365681179
45359149309
174277068851
204787682189
7983391649
2618079187
276035496683
929829241021
