3609527209322238949
7748215332159449197

15818082194020941811
10413400117731659693

12931047639612283213
9004905815977166071

7328550847082273533
6458667506596952687

961701538906573081
6146856734749101061

14437623448123448971
11727323571335940341

9569194382402589007
14142306133319220587

16995454622638129501
10871405157352464827

12589709821656282439
6981359397695767789

10606948441332221861
3778212192036684949

16648773440480591353
6181028559512060719

14093031882343569919
5308037087642472377

5799075322491187729
15102337621879466437

8769482946559900489
1145996898772479329

12686739189712737109
5471372052921219971

1735634070125799251
552001579611435013

1137504320800627321
14588128814453877647

14208559829566069127
16725860762124081719

7889365205513576899
5740145157151450651

10264349188673615773
3225697159989327383

729063732113157083
9008757203861367131

10106633276318390387
1979051581300258183

11799212583121663123
17636647248110982307

6537662697088664231
12742315566848386921

15050569540163567411
15049953679363358887

17958151848515457361
3875827371501739141

15139474959940104439
10889745396079740413

14329843911815531483
4887363963711170839

9836360104568951881
7213995565062280559

4402495606335301549
9272603260376490449

15267398352916081607
17892961936060360739

4289576168102319641
10245145742945997553

6634549094367535321
14429649527547821863

14463538029138866713
861936564798473629

16965515587640693977
4814235257866962553

1236287082331176089
17159701170342344021

6258319591301185631
12009397480386118721

1450001845211803547
9912242518797392167

769378654436452367
13935739899256679839

17516236443071501281
17401647215373797219

10043191703110351763
7859125924176188003

5284037768054330287
5352564809877574987

15162303001443517043
16175017397675558837

7471930316372460121
14668913341319574803

261568517618120051
8197036595961683893

5084393443089530429
8474558808476587397

2875465208262127123
6760770285138869017

18273854659744853627
6653222000389360223

9314404187017648457
8911749735988024811

5290124454767374199
10988736091118096249

1346166137617021151
12732810366472101491

7966127320807812187
10011038728796096731

8251145412249223973
7320747127761422947

17064973042557667187
16796941170021169951

13512984078044532853
5206585988174231251

7313494831920373511
10058596784736796657

7297688384902732057
13516782108564878251

15800767079151018473
8499008126571152849

8360456283068739107
17057808423901009187

10076820466158501661
7390109720148561281

17330662128003954503
6619401041916675277

13382596430373213817
13755611414753178167

2395834415268966949
4492101800240995223

6953686108033634791
14536609117533702403

18416342867780279941
8441511259333663919

143350848910121273
13396474117988070493

10243819352765815679
6845127804175156021

17493101201815783007
3826156816590825347

18270155938072568911
12409006150502782361

1056638747576149729
12923773677378350333

997992299237348873
13545624613572573721

2099687917268910571
5969553445220543047

13557003823396111931
7728711025181342299

11866902120394362319
7943529596327260087

16710076865049941333
9857274127434254231

17282780082563327557
17375925299891251949

15537092075692252459
10237933826111736659

10775324968031398057
389001249457742821

2956929244075125113
9557163868451896951

1765510984821651839
12027310887059169479

17691888500463108817
11987490706520417629

10473182653843414073
18375114336456129389

4321559587032026257
15000139003274285387

2340213024067360829
242929224563960549

12163538082320916979
681379482691556321

7063984046910172709
12408591755502860941

2655613505383656589
351844648875115153

17742941833385391443
9684506257750279391

4450679621658003941
1201077990592900769

15055851967867649299
2072929419381663971

3921221921689202369
4613659212177183577

3318529458325987613
15812673901455180509

45497001968026981
15912803005486295149

569005622340048659
7330556842855038139

537767063366306377
7779648333902094649

7251666031678580041
18314808251302773211

6008362154374981319
6956485097101356757

11472663756872161891
2949327011990875597

13674836722762665221
4616322289696801667

12476177112443940809
2766007428056146717

