451425935724098878756027939534147005717192445189
287768851804061582910317849796335356906231991971
452681707243539703803520544455389658762335854081
1255197494170674905169841350101987821182093219067
72834950723348483738351660503942818807003338059
140708339546569984031338142351291854718919615449
343272920652235019331209273668170674498587422847
156219649553245702812807205091396841090095766433
736247408093003273970367524401020287330116475607
499004911218398989768931217527892826445204729801
177421763055262352547686218393585483001618529131
573732936226288990568403482469224280705661512061
112121010363383325720082348067168142120018616021
8152649788841583225245705319073898722582004933
131581565495003108695765724332442841328911212587
365289509699992976461504406578755509975049076717
126025402473704487552317125974513717981296888779
167590147014186450008420895741193352713384308439
820169414382269704093099004814490900993176976561
107772916415798667515346556553586832971177292943
241966481863066850996506708405323608487849594691
215151764889837008268143018877386579588370634379
11253726347043632473965020734608897196090244869
448947405691758464654456712884874626562542694559
790279504797967103693927180293393725738669519787
1198281173292060684221826482527324970614863660881
167186127623979348396377894587540125146486231351
261478406656023326375836531111677925122670959701
309024781766127644516283961096460853165195422533
138799275411443197344041348720536456846559331181
140432395872464678417220525634952424239303430997
1205418305883763114052270078473080768511917216553
642574345864890608313959043757749309473868574027
17173443058741384125589392699974461190936104403
661423507704480136442494554331338749778957985723
101193422761020588292978733441008261644391810589
2018410698960470938731579332179949097205812121
900969412025236232576083960369323381568116580709
65811011241467924650347020846471812904381675897
237097698048389793923657591312507292877064609233
56567099194601274652719490058777845120238654231
558411451205204285617763081845073511589237448759
605919985872266171429475199918878837932524292183
812667383671061451749343363121653458212327732813
35416444226026962605901818558095148467698653167
1102129211213330442217788504712008643291026029059
264691389288051958448522252661327724721699431301
4269818672077574245624029510910973331239159737
3486688860135256570360223042153564047126318753
185962487363639027251170555588979015627729404277
151361621418624193635727578708270621171275054537
547832349509670651160852064735814329710416826871
573868711442065038211400172663416704037315997667
205452046820650822010075537743368319278403968389
405766898498600952276902123187261797796966518651
142176622212489350134286293591073320395791732513
445129133368733794697746619693884880572910085281
896152146517391530948595584712654533492104221
152680026706095551664807416078995764375321669217
432361320102908235536012782075165352926990853747
562026083187600049510483634289540781733020422259
342937574443998100083966478625828068005651797143
191543882382102009761963496937801641981495745187
108475046076747810908382988549506560093233531321
282906462879345314986415280785774260010550197779
684468393625901194823478338158793665239284817899
476352140785603928224581546905915935265361572789
1752425484348465626534740005766374150253136131
151425896543955691072796978131010183736658948607
933124858854804545690750458325127028293720187243
149345605930748181449746825502945146228277349979
352307032425718698813275291035475967482937208171
423407112708272426863101511646766238078839580957
1578126030455587877221831295218213602872020303
336252412915073427040877864934463190104158496787
1196213858948387572392541417777611966074931729569
41566387337297460705991671994759519282065449999
146750362357470360634166378134871943504917021987
647894790122933374972127293916854072419085769939
1053808604555267758360928218629603861120860712523
77855532025043335051886658741895368506758108243
743978862920905105472014710141614767416585204137
51850934201856101154851173231060718224053221069
44569590186458430325821757964956610525007590677
436572103838026796021788688434468426872270622909
324981163180547798042982086425492763683353546889
568268810550698783414652982266133839626893461929
202467626458189082132938315610707355346617712473
52004451736552651433302426416066417553896905039
378307694079547954872751257375406275145705549219
952914279803237222748310482728897982315421655051
415160916863461721957404032238120702097818206799
257138503175088416723620823853820550077426687157
544060682926343892766899977779174545845920309897
1111450022175993488399301554102577821195259341443
612747032568631339636900335752656468393087371017
295300573644763336925828239221903010668326802157
38642084203397644621539258257550900689701256311
222006610940966376261964597954532518559723124103
776523392408432020534905692545627261561187932163
