112560569612857992781318792862746342699
4257132882966711244481189356733508629
7715337394743090985655605570473947527
61211439832150015200946708445132933429
31532136084060683691135511454628403813
115127313711378817843686897426244782301
131965442949740078579548253392922297849
59984750872444892778769596651606661061
97091044435442520099165559145930955449
94360954601855304656262343492910862751
6200885072187434874555130094530954417
28999968550794911774637971399384900131
1267283070509861588036720332135796047
18294112141829787810671816677562301587
30439518919803735332743998999406638599
2456153471775516078985503415925557849
5804853345452311969056262035637194791
118627571849119735869898298587943082383
45682400492064281956680746160075734927
95259526693765608654013555068285299653
31862718414747034545329586233490370661
98293443620060379971072153357519756269
37935610696504652072111420606487270019
23280932627035179231493254328672654871
227635628030229237698208500371792068563
116614852866526588622020541513246523673
88713680426464863183153933451307523151
22959547779069004673059268837973191957
159741360505243961846577064180484176561
27543421347292692592355083121941158689
99881168344322616117141493494351863329
14169161460482627697200552846459502773
90881857765870468929993214433615074379
292288341242632412642970785375056857833
1615471587461060908260713520511087699
206235272017766885654440549317354184897
1925474285729308823682274569609291823
203531906858092865064680946548050455667
152311878946708343039443736269018983739
22925001658728994471777180187532806351
136055309654209571193401092516363364519
91895427555667381649411664303277195871
16098531695378892526770714605528301631
26196817124068052697202997300383809673
175752677129533658888592822117270023863
233391567654867748130063662762045758857
45217906857581581178050971482993877473
1081757231562378953513746582336239287
29358930416606532226228011753224310643
3042601718609342280860628010079865521
248209691354905250800030805706548052001
33766887808601910865325145179207130593
129384912588887400051757413195382662607
123241954290772823464266411087079039787
61169515526835971503213711895397760927
10441788380032033037780465213075488979
161786081538905391210880025333943591997
179811239400392731788108289350490129
57718635449754772845764339289925194847
140107153464351584043921501085257348247
61614414236222506811891599315016428921
9914327499084767221151463445306470697
61664240990657767245516029844680050271
192868115116425381133132789313176259801
50838552367612636618199096152044964409
37983403689886457665828054884426064241
114466747069208098643897242969822211167
83888139509159412308371701698108785169
25580305672015150170401055719347799503
2979231747197377508326987964315688739
42205733173860013785347219111740033789
181484441009657895869273589326944010027
118740311049179641758737711775947665171
12066694958586057991177081840942720153
169584552246613915645026609947099735939
11482033307422853023049386083285320111
10132816891104877704433941233506491811
56104674503871111518956146343720081679
4001467441924619796797061508142745163
181347731541426908545028685507769898293
202578505755052424723974690729959747791
82689879887230506968409472498436931583
242762476346455677534498873923749329971
18191928728514051147800908025698572691
19202909579461233584118633651028376819
178339618606864278702855191566902420149
178790431950941538026772255763196759617
12278953733493237362151995871235248481
53669057953912858936737897761733976037
40646066428766943518320345949505929219
11409825057765043153723254138005508599
267093424887479079710445842525410084039
89728394036483972165106070468420866349
56273531211861450739990786662090605189
104044956451925593723716211055090299889
154734974595886542761879030874367596419
101964536958941846363726152215094512313
260101890087992081777128640790871475591
7759822410843689187289765021838203763
6842139029801457595508947073084828563
