17659541587967
47597955143

203812356215879
65046744341

6375070336883
251908051

2682737657393
57767076751

114090894585749
45773541167

167452920518003
59301473753

110228132736037
4886168851

250985545881503
61563911041

103420344260159
37941537593

29979179983999
25962619609

117041153697877
37511132693

48874003785007
28098760867

140415934466029
14428293751

189561205877039
52546977551

101024471190649
23956684933

55704942101041
25533680149

253299098982089
39403794439

198616396214779
21334134527

188020206695617
30971274779

140847908407229
29739906109

170357371087693
64631685389

44948339218921
936713411

216859626166639
8106380851

220265153431567
20087506267

238339305985981
3735465469

50102929618211
37320320663

94329127289149
54757824301

222823920543043
48200572891

252417087120179
55299987013

132757923470587
192966707

242094973959653
11476713739

200975466545773
62983906309

117687626333689
39293561393

191522592582697
9669464741

23190640253981
47005320811

147024332449261
46419445301

159812616843371
42561942721

157765832433683
30310809547

207441855271169
61936845959

28782656007509
54012912389

5544138000659
39627886003

28971776330663
67837654231

10566837132097
40976745739

100911876692491
39816654883

277841748139429
48293882321

31448883010243
44592194111

210102419456159
48053012647

259322479511423
19986046891

18201288514889
36544419007

252109569832997
41760990749

197364167375149
38378820589

41371326634777
2920790357

229685098024573
6223977413

27216875478971
21265540447

135446194199051
48859410833

248750933500961
23245088353

210763813873369
33615122627

163194929007659
50579664977

202520760685739
50231807999

63374504732999
51846402497

271892319186827
33412460899

108125465410771
18751969057

53558046520351
36109505587

274859244371143
25205348627

69270339397969
48169118051

143521128894911
25661150189

126694993686823
48388818011

7794097667071
2888657657

100079064812491
38895879247

114987149505799
51217370747

14499544965509
6579681781

19346453001773
59221962953

29859453936217
16826681381

220010033359141
38901435431

107888763911473
61599541301

135369757945687
38901535873

35295953792461
67706040049

109911665809193
64094742793

219782851878131
61535932177

75166856434807
14168227673

112071767426053
15497357417

99293766079397
3557798873

182711595358211
10212716869

28369579979813
14906846407

37077914221951
54987727541

278962194397969
43912370219

157635288073283
31200116557

56964347114209
14428982551

206099053889881
8319951763

198624949962037
54529190797

136654899935111
23574209209

193501875936163
36130462777

147170855712731
47641242287

199522614274103
62475537359

184906180639571
28384327217

39860548136947
1582287013

103266743955247
57339463879

159486414332033
2713704529

238311792850129
46643659519

220766643931913
43508471311

