114716185434900645244576431741734863
63394544742956176325245526408137049
959888754228724065120983404293153611
396828846630804573201954365319772781
340704431127219204493737843518706883
312342654600601581930715610642735849
52935307366148502104334967113483781
7565097863455811120407223741220137
19348767624466118786414605909345013
256799863139195350328733284817839
32141545446560707470712172064785911
611602278475750490466683436463234261
12887325409028574872063754761473063
809830829215986977086020766285953449
9556973498229325002846962689306627
137986675524397751067943273302149143
364525250826413377153210942687080653
217938047716320153257755202016091549
4043309034817028884516089184704131
116916844630181654621005606975274399
181983620655401891641023045766654297
391205625675014251829453131136703859
420704657244952998979520140082335841
809988248342057468027885439747022219
534817310434970114173651214246460727
23750810061318290260885101535337311
569897604726379414352711711990050571
801288158786081734898157282512706373
794479580448090561920971704251887441
1086817245344501173890929616778558837
295997749127441550945499657075421453
150837365064581339132256631591892219
16405366251779532920340284477357869
2505657997116472095643391059611623
16730144881805158772228020360426507
93525611667009696553704273613402091
147829525526521876989602923797424073
293730333991008775945594996300818659
28095658735844000784226678371480089
33152609455659262453763549265467903
1027791576472346265410190175256322457
461064316758642538648218226402818173
435061515010085503106365983127978157
341240288865740086152342888844199089
32814116207337082752272140634630171
946693346425515824808320319093084337
420805724152718559366407291267652973
437348316605806230928601821474437133
35860597865138738615385964201250819
432476563357716659729143247718344981
464857200732506542950286790746962383
114805145791131965386076781522779461
631733067434431110333489033498548069
330353211947120994270641190509507413
667596745254119272979171854409424353
108423050822884270925134387141036709
34657412476090408735654995813816227
532767378640972669175461258825195411
6995605985973865560469325218581983
481223543257956070394573326915579711
206703596966733111334296001653045787
199696305611354298937699132343271697
478705663408512918061125452159007403
450946913835287884248796862737659317
90194153834812440244816720511797361
22769996797950655974381724453271969
69489810700438867473712952387022949
15311366627968043345893840330562161
380382728786844967395233807605346929
406218977517589139482219399675795841
136431962228557250456849282039685437
345220627487213575789832231306658329
257872612520767073540221824326192639
243187051275514627517258237980746697
317764580660778997916822938628681177
154894898134360950333079704809203247
362477324708636152631747544073764143
95705270990068739140504116402370429
656023436929046792316896829180309287
117596007489447378964856542986542767
64964813529819337605501568134227023
26885065808586054529722244829537357
529712598506974532688192702091294057
502887559635217731823585317617616703
17223580715852556558381294298480873
144881291627515452253505995647539321
140486296687564686702255318949607737
343762763835321976618525188905338951
546574283088003995583794171111084411
46911814180585209102543977413926071
300815617452850774983810380204415671
123471769945051872843679725421556143
37555349366287930986062800957975021
873326771524046004603069792869900953
113266039743554863220044457384166113
512115612882277582573081670790977557
953257129382046650261438720938397419
515966712704786716024409119567668097
1717489777649048710436230100535017
405818190508101951194710566314043143
