23377829912755946833
14593647536947499483
187478490934352815601
35087858995020300673
33995882555755663547
185948382088970476693
35422426534287197411
113360267773204947067
83843371297942360063
31562019408757621369
46075884257411587429
56830054358880795383
34378092723011525791
45120483959917452703
103267017725307241031
112812422151200457019
116411884270107473143
15430227436902685177
33978013570763136037
16981208687890920041
30140031109271277097
144891390344900760607
153399602509009981547
31618539223702870567
98213230386993329389
11390486386708835009
153607677763512049097
74064793228095939799
172072402515922864619
56548361378245668397
66376438553673161129
83987018943747589693
19276306319003474057
148702844744355049867
43596549536109310319
133223301443044312523
22782377888033453429
83084132564329028597
67938406303794021817
30961449423555379129
169167837311774274527
15289993065404503351
36070607780540341873
123944560799406118531
13257767905098765901
90452535491216213423
94062873133052217133
3524621262204848591
48896540317169353069
162906687232497929573
152409431965249222193
44541271078446318961
69291440109935209597
196074036730505075963
150729233475755406943
43958629048123258999
125634626486930569651
6255495483419109287
100584672022203677977
1855463252707405177
177235333483783625131
93589982156611851143
68222615292742608371
12232916022996829673
59839908727866762401
175352216167283234081
98773882805290091479
15557420748377034421
42885668340382418039
74587956321558044377
7869696988158813557
51357556273066754959
69622896913736974187
35874462481433286413
21448597148236673983
99064379273258773813
9921292301538105361
57561641239357686031
1397792137301031827
132243861751737390791
20210628983591912933
7504579040801896829
18451732675024288733
197624420960481929857
57975273527874533863
103578170239364883497
7579173127939008889
39446236384693745731
69071721498093048127
78721344879923394797
69473934553788656681
288052122154892337379
6035736865928982671
34881690909536258287
243768442723402075901
147268402115704366139
117267613563620014357
178559235456065152361
30009128018201660093
48167604675149614133
