13934448031645387842161590169801
652527895939

11178270578825562582896749540351
515826187973

16381931201477077759265744963953
250329008071

9875806827452330467503318936877
94727116031

11719711768303407378490333864373
1089464607977

10348701372538160194992364907051
75457652419

8037837090835688756871172945547
98080578559

1670520986505809160643481280463
1018413514429

7565292115160055380173514316661
934203605329

14598654100330122942177457990411
941190005297

10366477862542196819706608088949
426647639851

17018095203526917776873696337599
635610847237

11264653755795901356105986578169
522459224069

14533476199536646284065248023367
645874248419

19311191841631262737253389031833
654006200543

13268406689150221436400477803981
765310514473

10106628409634940375859814168303
498832142087

11999391994572414966913526056457
1034031873619

9357829393632963119588413354993
423567979927

14658837761405493802722617329159
69063071417

3672286483377856564708362441461
1041926970251

18074902697386213530663331322557
51626194043

6497621819811832410860489613263
329657147713

1756174615848784273043674858837
30292860553

5784597625893802333039207218709
479358258007

7884212226702131809293806705573
356969004361

18412829315440218740273994370271
551880927547

2593822511513267569695111152867
756844203547

4803290952422749804533918053251
147127698749

17366287109667715689886642231487
900009577211

1753770597429385136765689866709
45798421967

12212651489606316645428411705207
311676461737

8292638981875681636350215959403
180064383869

11096737892411035735500049045061
898500904043

7013985984460744224170156083639
470753856127

2215867742096105413340893149661
954108642367

15112832420037052910333937617341
841460989717

7036941531684234146717325282539
823292376587

9615079639594269500491081846303
863055566689

1234535415299684209975576493639
447544713731

16082083396575078025491456033421
532530926087

11983581842549622279587932579133
1064525091241

844475428591645415752078219469
26787008153

9251169407687976830108134471627
529315076461

6007179160728721001772282474199
204025608253

9568236012180449712090991067303
400039173409

15815895451060912202441123444941
501994629317

18142065865796346222385833828589
3721372453

2832660227695814737009920894883
498913639891

9068903040650914093539315222493
393991538579

15767218754692332874438952181229
598858251683

9220599416138687823300467047933
1077268881701

427202880076852761845218398809
334823161889

2964212827408616703562446508927
918756662059

8593959002164540218850864171199
686434258619

10984531415076104655232582501003
616926390127

12379670562697652577209499392279
887477616401

12515129796737275572309645526129
429003818729

10685818889436746635599607575551
115149210853

3984804356886365746743705719879
670790324753

8164790091312254155795078574767
987914111

15872857282296519695912824548629
286481021051

18390979754572859689152688829243
1029024494947

14399746503572078867717684813399
322629045379

12577062438259418932622034514537
406044739063

2239549311539174627395402651621
469095468323

17002049318038804821842971256549
183304928563

4685058436449531143159396760053
890765965231

13497873407036727409331333694413
716996972473

872345402312005895157849211549
933462640021

571310169140346257708867694031
592289654939

18521681944246368700362226854269
183769633907

17906415150329365639624568500909
221044616581

3091329210055408233474386834531
306279256771

4845733640757571041567290035453
490356386719

6007531141097072870801742727883
55190298529

16926709820675677607804925278299
932485065653

20227916903479153689074920492339
881816324743

6552926913342273508596338084579
978791171261

13309237374282275220282612077419
378894723841

2678221952415085706481764095723
757318556447

11299372926926477084184502780723
45162299531

5583087201715630669390945617157
93528287143

16135631063042950097222919325621
469858679581

18514464311440591646155719820963
605018289593

16287618702335414008539297706631
659703757417

11500546434085391761018544950523
820925982871

1703055557276331730887902957969
448036796563

19809659101169689382059781176549
757855770779

17281517637810917983273774829689
843820296689

9645359789074081810362254188243
440050005557

18589589824299306931385497723853
728165060201

13428552907532061086467012652833
54411478211

19865747600127966514377765321491
731834693633

18386742474361383714070433820079
587376888797

11419975714808256742004449652527
38165915089

16770089575835926648500471179629
410188636657

11691103601141056991780066895023
953304174301

7423848784584753926342638645181
571941390337

16108289910793305430264258310249
343188135247

