9375351409913
289791702329

5850885833357
242184732763

7541881203587
234168989843

3076148188697
14669652047

3502202077163
709444577587

10560676499411
384448403627

3604989049663
812482545053

8191251214687
788242436963

10732976459509
134870031839

12099128721313
981228271979

8742541519277
953978764307

6391474963873
128749642789

10659505683059
946409571013

5084439578549
618619460717

13708237353061
272732913413

2690621623643
125518834369

11151170974169
716716446869

7697549682871
507692905403

4154177672657
436426064077

9176736253831
51455924101

331569871669
283964414281

1372663387133
348038137567

13659514053193
6172949593

2037227719433
605719043381

3475977055337
413285292307

6173912119073
948607033037

16565164217269
372771355301

5435714885287
989864854841

12084460097587
710438506357

11171482453343
477638582209

11075627075999
407445616339

6613432916983
354036117317

12457535703317
329137794449

15438565170079
234860271187

4009146704743
419016279547

16156064656931
72000249961

15510626345329
101040915319

14091176821429
577720964869

16433512247773
402850347883

9490834706159
34560674303

787390727287
779130831923

5504380467799
754534195199

2948755076021
463537884923

10648465217329
527996929307

16796332518499
594382474993

15195346746103
46461330221

16898596216297
536893357387

8173616137523
1084553422621

5666575901671
1069574362231

16184454340367
665149724527

8653669541399
865473780631

4635126120557
634745737253

11959549697507
444642386917

11696590070213
254736234509

7870238195087
839914144607

10202395617727
442477399927

17265851807689
500039523443

6029708571559
225076476161

7621144666813
827062253197

15386752389557
515941105723

1085604096217
436410690211

13496824464503
1032071860793

14912967221797
479684571889

16436088155107
949607532551

16891388493851
454710960269

5897005072051
241598091641

16132266444799
617714056417

6886096815487
1015729118507

3559130880049
628866190163

7693082673179
621632383231

12159583094027
159855873799

16966757703017
397429486967

3842349405161
881277287041

15400841715733
99167491721

9337659936167
1032612441673

4218072274421
207358937143

4015639128019
805994923163

11116276210271
399137012459

8921508268831
1055315418823

1513377215221
396802383217

2292080993833
183425534629

8700410201843
649045217749

2758223285959
1023948182057

5011262803597
654707653907

16215425423429
392866026551

2171669695189
803729616499

5643760360229
671328817727

9843616353149
37797860137

11867721064021
969719538467

217454220127
734711944151

12247040405371
596650379531

7060660382429
315528523091

5413723073519
792551864131

2020334050751
827566666079

3127973098013
819494303671

12429025445803
52722415451

10858641015119
748753334759

4727579383291
832149518569

13848151435231
772140670181

8423234593601
1041175803817

