5068107570613178240791769173
16739357648801743238452605493
187928031803603664975115717
31131998335276976186571803683
2189813927022261373098888019
4173822545158018432022573431
40615703582491582371923963861
50274146506198572393703738769
44052799692563464524542706751
57530893155612125893541589607
29589207461351980400246945311
17923355429821472331904661669
20354007536643991928916686993
52479528874019474951814499813
24912770501161978345598422909
49742131026150443363233490197
7939529345435269001752633513
7182953221435801233886072727
36455557438099560698608387589
28813598424917460937121579567
20980979243089601602420488331
5300040517063705039382120171
19517953344913185768154901269
6477293064961889143223108321
2983532148646976882441634497
6031021445365912712400369713
29115624478803435671252261101
10322241928114096051848020143
364527813558227094903828913
24863151997997420225666418953
11404397071941694862596280977
20188934148026332291673824097
38066631897462897347073952561
14702890800727711504345835213
932294911778230999511768833
11393491423661734895885381327
2740568934621115698354770447
18163308660536496691138183463
42536433286926478485522425107
21961063942690096009679069497
36407124030323373913062213013
1521053549489290318058851501
11709670776787254274765639949
23188491268042929857805092033
73462172628297834153496944377
32620161236585608374632231759
17984638751664158133732773791
18767002223616105878779034723
7947993431896441278170351113
8062924333755409215071529353
43805051608107802788102112967
14232277915634429019499210583
802359789687570083429168833
27845926531833313836521209457
1988738825850762355304416171
53662608888772051928020391947
67956604189304838406983667
15258682879287151286087916259
39295198432967682116941182877
19261473865612914601268923591
29126172234143089696742933687
850120772536712936592094787
5047937486534197537479294847
9190234278585310822919389607
40855209185481931597803047549
4858683646419779855742893597
5599243780135389597951896671
23669254031390335827300948641
13174739743385242180811928749
8732477578943259751684650019
4661085892708444238445537617
8377074290947848223773940423
569917210471928650978973273
25236614230790487646733805649
4051423518991429785737330107
8543782360466016163365995677
55102614188853670082254592357
17150819364821114022475590631
59834857739534378119828894361
20137954482833128932898163651
16715653931912380906241907569
16962840773809016809407700003
19772595380305633454726083033
1364586183350344635999121019
7523327911551567493679310199
24716968140117005839495776581
39277930959963274603707298801
5988502328716185874832977067
12119189165580583423254156859
6182626345739597884985300497
22999954929480375017684234569
22704803244089930411323257617
15340472992809439121046371513
9808296903533262449334027511
1753962522546213831039234439
9003800121738288746661084161
5643218000368536482857923173
11649780588426229219396135571
2604865538769488275342513069
66692675106572785026188658361
