2081
7

1933
13

2003
5

137
3

2017
7

409
7

337
5

1049
13

1511
3

1553
5

337
7

331
3

4051
13

3709
3

2399
2

3889
13

2707
7

379
7

3727
2

3467
13

1913
13

661
11

2909
5

1033
5

2341
2

3037
13

3499
7

1657
7

3343
7

3847
2

2083
11

1201
13

1811
7

1913
7

2437
13

617
7

2221
2

859
3

3617
5

3191
13

683
5

1217
11

1109
5

2699
11

823
5

593
13

2729
13

3533
11

3769
13

2753
13

4019
11

233
2

313
13

2677
2

4019
5

1033
11

1447
5

3121
3

1747
7

2677
11

2711
13

2659
2

157
3

2591
5

3623
7

163
5

3911
5

127
2

461
7

3041
3

2267
11

1511
5

787
13

101
11

701
7

3643
3

1871
7

1429
5

1657
2

2027
3

1291
13

2213
3

2711
2

839
7

499
11

613
2

211
13

557
2

2281
5

683
7

3067
11

3529
5

1427
2

1213
5

2687
13

4093
11

193
5

2011
5

3767
2

2441
5

