323651736427308488155499182081794461339
480137706832606401213023

31372291303832847853345309235896372651
650784679569694015100333

31333248306751584600575255041432433419
77401027714271200726733

106633481860183145813421058109677315853
453599667192345510541129

71784914214670840049707337354724213673
316798814859870212530949

124549215944229499751471852246593272793
299694131563885898482249

244277122929084335832898703638648160267
634772511049622194167497

103807444117846705866319193965532180653
102223982715058800772723

21299148153858523023732560127850524643
931558985397369581688823

59563434007259032781072565093846958777
412586798268433249516999

306083099956417418148387354011619215437
949110298391483596044821

238820134893961652808903265317902975869
337671561527823387407713

215890492272895123273716319089039665411
431673097687403814644813

33057183928058765579323001963246522983
310611044626131097551821

197488200494436549161422742277685638287
1042698729024298433575387

15432918907327110395948407632995535901
431278954807077794256061

160178551839972626927426585299092462091
449676650594720170966039

89243838522319190099986173332586926539
329705456461190950963157

332958288257303002769552625505302689873
926736300848580500535797

82045451938316460554015622084046170457
686749986304212563508551

320747802737984827253182962236342124377
411921254208745620075851

294458826553372748811760275954695414947
1056005892692130810471001

21300954230821014890713610209492334869
882387647985817849376623

194085322154902453809004142967977864323
766063603691316605909057

301739775995625054778954452407688715781
423101370315248347531097

221828711178780188807407096378133049899
121663141800376930304921

12444847702109268923696963916902074249
1034316213458453216337863

126714188946390395795658449659671278287
949952764667768707735229

121559896240552625008441755989873747089
380401619015236689390301

54263108379942154095982320226128903029
16157196204350563217701

328011089931987944715065662597120134547
1152203587468018428659843

45887987597437037180188113082117800067
721578585972289403457103

149618088354664269284474526243407676101
351846766591758560475103

112435586572646170288794511487157924691
575482557285981060899549

24080364250727559516912386937236377753
1005062642124026976868451

103939109260306401865819160362815886387
961793471628117280179757

134807739463180885459859560559250823873
985998005008366718325883

43200087375713506612656158830764926191
243959926762766093532839

71241566079283483436799588495842257841
116948286580672633240459

222799782339686516713056846148462412669
271536688355389781694787

204487697681525535372837252686434879
44740688497036001696573

181646170382926387701101932043496631199
1044743687700186213551101

431759540448166936090578533891052563
320723679327049160200771

195958244465389710200305128642499709029
1001458166650051373568587

219084333266609975375699553058331839153
1156089754775459003399719

274787364298251311519452755243462223429
18028120084000926751829

130789596052217919513073282798326397331
166671506065837896778049

197902797397230949158943874258827701331
490015360966130957155493

187226369987143955891176820962972704983
647838705233549563014097

330871457220210404735845133386529291591
1070324875975249462302649

908538396641485520927128465520840399
451871850183965611765867

83225111427340130091063775865432177123
1076280904445459374011263

176713151264551768478073174742006138793
13032838657566407653231

55102417037630737260274061491131650983
476563158325413980033711

35846263414155068411906619959381488033
545013990608776468687147

208177848661537271431578071696266148033
90929499426539335732453

272273156176191507153624408302321349787
666283101754433751136733

54088342457896610076418728570914684849
1021453790791402669746181

322658884398650743069736337073588481521
664826748329714099450693

335302204885294259084871633347572782067
187961203426114593037579

317131944028576856073929776341625781183
1071345428350897848642029

253814491607645639887141967326439298223
1172322619976065654688927

149445486712434875012184881259911012047
312603208068362605146037

216507383749072031451240896498899564811
1016556179788575239983277

239447759070740042387527211786104414849
172631021397418138164173

303894743624857313708812882625285382781
724743503723945047556219

205915889214350841585509579743278054679
304604366257765737190121

328419832053765868772683252316942084201
46753994388370623835939

236378219367702156483163849920255108439
772964454216824763764089

213749488357026247218632123713960135621
242602428798018227420351

108007230603946009271584830909358564099
608780032599691784614033

163822762544326142379808214000950646801
197029269466541063822269

256321596818341127130287864338779892967
1042104171602898689295671

7308011767245357733350881175400103431
243002932664634666756553

193613174199578601821702544763539802513
280362613415150870144017

184379900146126973813514553252026329507
919213382583703618272161

249895391634100927354044182394484086367
724841007964267436292587

36117882481682871457854640878367137317
1192117625626061262843263

311624469043702384636594144427692889437
178401043460094813224413

12186281939846001033148132610351278393
1022972534051525243413159

325111039273200554904282644791258404583
1108632195395955912687419

278521787453510451550553286167925251147
1134542528797828400729767

128456040858036120907865947291995455297
937374379930241010200351

196890629221626940060564902812486168681
250471836944694351017257

331366808145694098128981778150829451279
936260643526914897430969

151498006244815151624431350152895541829
190625469219743970973433

130503019747597406399558340278602903511
163583045520351770629703

113696176821303905774853941417836574713
1197436081842764793543863

238776752852502530845617193951159456463
430076807373810427729361

337140280372375515022401474403380306179
925374369518852133163643

256457882960423538316091540140092387829
617442681128429275488157

127642724777178630721269767014312540969
203503812020581564962991

57313493931150371821635726018769693811
1020805993219839563920061

219730355898692142801489924379527726367
286178466429771526119497

270896031576292229076417492240080133407
831867445158361506845879

81094498682631379276330559127876171791
962270206760426532852827

152426319783115478782590641743493361617
934916903178511478809643

174963717204395669642892163150027201739
851606420810275300122521

16436481571402067591672078041509049927
917294366004779305541003

94378951638039522001378192943300930179
527647085458207334203091

