30069373091
777463163

4382553293
3329941831

51938369597
3609633733

17187929063
2041424471

42284653171
803976857

49045093387
3791375839

30140085233
1175259667

55641598447
2037329461

20281589411
4133964533

38596239053
817748573

11418146459
4035320831

13931848639
4079146697

43008852421
799325971

30833739241
1463347783

67699682731
1525369301

41697415103
2705501573

55061212417
2114226679

55305707999
278998823

40800052973
832793369

54096228601
313907441

42136625021
715292957

60395591591
2399039177

65213200681
2352278387

55382045449
570916783

23623724429
4157398241

25105883923
453697883

55965191063
2744700319

47959246409
1544327711

62772274891
2741216609

28244827069
2002078513

16172972041
4104158369

46512747587
1805677439

14576393509
1322433173

53021897153
2804555339

66766563481
652969799

47625772507
2797294289

56900597651
400389079

39411379307
2108125471

24573697397
2764679861

7281472921
4252086049

55846526833
3029155919

11819221849
1293654799

9903046577
3642374849

52168891807
2375832733

51559780091
257133911

45971608351
1967573873

46987781417
2001858149

45517066249
77435159

17051696527
2867546947

43096213949
3780069577

41785478407
3647425799

10718583857
4155518273

23073440443
3003082279

63564009007
3084670709

55903217287
2696253289

45822700013
959319923

34544694997
3636871783

28176600671
222010297

41087629769
2448052433

611370113
3034926329

46901625623
3778873997

66628814191
1404647273

27117804331
2515786841

6725248003
1818953891

30628298531
1953745771

60383040563
2903997787

33305680973
2965676723

12414746257
1253140453

38269299359
1120628521

17787858043
4193194939

2973238183
2646843779

14981860339
3427982581

24103065419
2888549473

25205954569
1423253477

9803195371
2187918973

33035351861
2998738433

49558048993
200195377

21775972307
2643355733

372340109
3754073503

39713183533
3329973827

54343648453
371904161

56343647453
133192993

24374648063
757005091

53088994873
3722512009

64774253783
895035761

26271232409
3942646033

3502892941
2163689629

50148654329
786586139

40438834561
1708054207

21767071841
3616533517

25119729419
2765711899

67836222401
4246287779

14552425093
414758147

9719257579
3588925453

66627511729
3658675469

34627231139
4252965001

45565798769
2573588453

49974951853
3572974637

53034250007
565844299

43144039669
1116437057

