64445547031567750324223975235546728498303232877974989
8186980747119853313012902645224181043374579832773477
2670641289775985770631416043280160561894966736068969
27053117570109678869882139967119472596133886375458307
8386469624090282338094187188783985299283207528171251
86327661820724090742264664401888185200910625494752357
16117149568923784369656635815640256881903321040432769
9894629104026202300885726852672149145116933437253221
32242929376915122870508749213782089948886737580643419
4118003725459145090601167375036197603891050392273197
14956506803693149529569179425153433519311417842525813
16498527464044299671170666185981028599973612358717683
8329667083792943771679972499604927777983373770473613
25526597382210770368600617138778768781995406008165001
50662237274393811871407125553587783516991299527992347
26233340390342622404837575609503721061282044662694693
42712800506679754834791874715823803107823865705139279
38161539828914876843387111066923089639326063926484779
8116088760427956036796964040674894456288930222219981
54938182622239649747765933748539743325041556663138443
93130051804478178473636775239875744229384302467155573
374394449436850920583403774339294957666471434553957
1130188513230985439551243731346077393180345086063827
4647177209459445295981686554518088411770585281932041
637162173380044824670351721786131696198352380460489
65016245018555481431410587454765763114741282982020509
11289556645912278872959913407968953161634428173192569
9681070776433525466480133647517978470680791735723709
39986546128655989422409341753712620368789427183464231
24940675488552151939647878679713029797720674724768841
20384356671355628660643854505389929741232115443602747
67065683630876902374709315638226461857463939732707957
58161624222307625581981407076255009610748960848035523
20762485724032772768129185275111089194256908927040333
9946947209729259020803925162098313286621204913683763
22262648075154631271925312662815445667928700291548003
49638769101720876660428808354980298014425189596408347
10730626517220473996704339787657884212585286838203741
16155557308314096441059415922168832676592242575038003
22077469455375273308023679639911753874224399678589611
5362009658093761598537179507119767856090397371673639
12597365875239325362573540678836023959905035810016513
27422576547178101218070823617350814681424399472457929
1891713814995075080898103317209993859556969466484377
17740591155288661028878264165245732156571840934908319
50943942496221217992256830756958542431134325645063519
26205297786700413563700560779301028350516464771961429
1817311813301896917098973392260593040267397220116251
9747576275774138880638093604556532203547791714941581
7351989299396293487661371436688245128464313293924553
40290637074392530564179825668975489224445482064299387
4239528600147106661175588413906894588733849415001839
32451670698341973359828146826354469012407275074735901
79416500495012869742154168993041203392380280672278867
3114158822475689996029971647456372838298689585703019
1146158333916812226138343118935157929052994799395259
8006214390310175874191913731104949068297811848849141
2612101289734134209934837898301186538657252280124909
12021944966354752963891458940242624577280656623556693
26648238387850786033930140521471745150742107796516753
1014422702310947842281185498737955807315914604627303
44838156467099409830987404799789250939040887603695701
37514543753749862251681815863261888018318325372623449
21323033372870834655149495340696196471896189704291777
31920556377345499283098666568954550770307059448428189
40606522613232223935195166212389036577856760487408811
68127344281260180810364790286555839455350980533641241
7204644509244735060159578296599262301896665005131841
33777630088710954766226383541300157932717130466743991
26582761152122961133975327096748024457810501553866617
50862257064382516999762001240329159546593007425682307
6230046484109580485679673347811149814716328871086321
12296698956362391289107670736886212106331416227647283
21206851065846033175978162913937406979693825254651717
12270275902608924598548782584574976066734445444368653
63915354756023018694592206379842798491163006977545139
82600650106370428333024301768879650217703484128692857
2831576506939261694969491413693919666822635280497683
5711757509803429308270523770790040934868843786177927
14569725149356818473406866610262413873347133102401879
54529157325223687002381014622904561560015513933905201
22811110794700446697518404792479697939423689619172667
4838676303777736466775089896949977970183917370047217
7803781689194997239362854309923267675249849853977153
49461596208756508722988912835868718259561208572799349
12023366257088057974543626824577261882879545380705247
25823471624708451641744024442950823807544900365079903
36825653209116383316225994009398085856167767382830209
23983858011055221833171247119372370825418130264436961
45695093853578765565308752133531656210675780941408733
67529566169666417563335295845529660919827764803579551
11806245611067139776872045903007889048953652793304829
47995123848755192030461206952736464041722252497894211
489613033180361073586694852784037649741244811232281
66994850968676313383693748833425187004622037615481869
16448854136198411629447168206376127174983579202441087
25920832506370738482074294610976495725645660751365883
36627749207001494909976080948357988351962523838014239
13896357279436689423677493899461690177631168661949333
10208247852968721499378968606152066417686778115147623
