134770199436382776271925600492790217193
71987569883649373

110708892078156185512339957144615059187
14415375230754709

96638346267540538977133236854158712329
42890828438053033

242132843410743061497740843534994812497
12470609658846301

206909662860622398008308921462500672667
40475077414791983

95613684379428577867452855000002006063
67984382199675763

83783664185225776387481117395213051879
46417924223641457

253584448893696929272308253880016119941
11118504048626969

174683279702724963637262154901938625423
43930145813688677

162990024215034727531799500172553828257
44812652423212769

113679308408907386110886537301620035489
6411180397690837

229428928437972637830625287741961929467
69424322928525769

230072758451329756640237411068447993673
60258737715043223

154089737936384627830929222808134226823
45544477993571659

110144948940764316732177597508827916027
61136271643488121

23874364019902755269906590169791209571
4677890573370697

334059280151074419839595170710229821879
24292614289912307

191691479569939513748730158166654408941
2783775298434197

108616598571265725037206394667155329733
20258442287413969

125762981025140302285292828755038706901
56229749049634453

300163707267640206476283264263349503323
10296217966177769

20940593362724118945210959185291155871
35078869080964099

305247907844485387630190267425495784627
52874289138981767

308704963370796233395215768752363502001
61463567210609647

282455633608450675533113514051488564923
37004046133216597

23874814525202613574563029068676271109
1316388248819911

200792749847694052302015863135755911163
62431407823435327

176426839347641666504039136626188687457
26964037504441187

125834887327753955255051418458846630593
35281797699234319

307421170692277064195082337567780298921
3497188509844409

93968806326781694974078501347634946167
39966606481431859

1987986711949477899151479891584597561
67068724893126491

113954572953878813860746055150798480993
68499115305677317

27881698032127740418413704506142196371
47465903308010639

24532207003336878991852737498689221489
9337035809342419

6656047869395893728017248195808824343
27741659755062637

325306918025828125421427020906143227169
56916296526402661

228778630203708235011052680354639917617
63958968633312061

174650919652354432067628414132094332113
70239522596551811

62374727461696802652871767139355743541
31234897339994237

193778824164975567897947906250247226581
16847108438185919

223070308357830225408849473790396507319
66481082948182853

255271444413701565552763236728523976747
44392883029213393

69936789719051739096200537838824634289
24596899858041221

11402981671314419899056295907490588379
63291388577660843

81255106010747492380622662732928755903
57898969592331719

4788920038897146081083643746862457891
16483547532055963

78405418503557230648144099838785747181
38624468601181979

276141108986323560613991105964518690081
39100377913348421

211333386413768966184686877511041218227
18146995018344307

221168605517277176647405234556178947933
23401467348060199

79707948509281859343601172519021430139
20741969654630947

338870751746509457226190141318035398717
25860863149131613

46415575871003588287732681459873745353
7347331662301277

280132257501978341238355231846381005853
68669521229586059

83249645377032910488584930566810522651
57429857542996537

319991187366783043857893009016417981101
19286658024431533

126662661121680768458993695196290056977
43847141306847817

303320553530418584333886363925850706397
56443665359754769

176572458974229995843370795880706547191
1585119258587489

51985266050078826571025731624971732307
36496556792334907

284454249365818413834061210343279367049
28525453397840257

240547021241725970154980760398440494019
66161851575847211

304407358771381989066352735711373797409
65284160503779977

321944129043528928486074385276790952859
64319308344611599

109982647390997073392749899121601262509
45281671169832497

90569267129026120274077474753852275397
15463816424165947

165352893903578167769649864941388971353
51123066711931873

926349387767161890599557443778081303
22298142500791769

331226540877782623834808781298919719909
57765683014909253

83140819630159376394480315534935542549
68068088059277827

97951702708017538963657028377689531319
6746430938385553

156911281457074522742166162693230847661
10753776518516149

91973848184267099081565118704540539303
44989553765257979

92235462866317404267460323717439601513
22425506381067047

103649707849452487097094883317866638963
44151148400833637

304003187018655121699242686905410907253
7401672283349761

315081187808153216081715680257251466423
3219087552623731

157912324881103976651026890522122318749
40689010731282779

68160035924013821630322956049710186971
69787548234153289

233931302385421318022507012474786522749
41181205865145523

137702962996696712421148429042870954421
64154738350704503

143806290072969565791371932447799045767
71123624240341997

14915212757473083737241390227995257731
6003907039220359

200908854919654175503862697559108226527
38629808309528621

115861436529494436179977412399103666097
21032071234587481

4342971855197838967297139595662987053
60234547915930259

72305501522417623299859043200341123239
32941840515956299

278618450556442896111788475864324032059
58558182853895311

287290522396598313496104132659051616263
44346130161525149

314738727093782029947184990981181561767
52654469445435119

109493642844185220712240092077437985351
8288976856121821

113857307521114218515681164494056415233
1385594542750559

307790193185486618562355949927890817533
48054028932490739

163792736200664290843867281596048775661
1265479486267739

41393867375761288138710385544720995663
8929354756871621

257647149010516312391652444333255054833
9509430777196423

34759016513170208583678072059679313967
36570150369230497

141684795674294104321235304319474092683
42734581395455941

321992781115442240892166259380080005323
2940153395927873

