555024060181
349055432189
133599654479
474036140447
215911211833
1780540553
120426813439
609069139439
89722762033
260396346893
212076262481
883131582233
402879376663
479499683647
314592966923
158554627613
496392322201
746728464877
886419802441
539859593173
276874181239
423507595739
52411719911
107648894609
334421884499
12493761571
78739033391
200685083281
135323752799
626351232421
311567683837
133615382371
1691611619
211548983141
222365043869
234398720197
71498552969
709244628997
92302412149
178549845161
234705761183
163151208907
52020408113
6838013393
461363052541
143710220723
17376359849
487857148957
244504509779
176254847141
930990631327
242078270333
38957549311
179795448647
480640624987
163578971749
8622304043
30497508733
993758002403
111611419331
92428680521
154509172291
500071909061
119028711343
334981369249
181112992807
189882996521
94013757889
473104729763
307355412037
140368304371
166598339
37559519779
48119910317
49240010461
11488502797
99478702633
422668649863
57784003169
140856468587
41609529833
153192797
212172673
8226756641
464553051247
288898248773
532017766207
260638538249
154613638393
124239738059
177154402091
275534497297
170790154943
267560793007
382041759767
157880706803
261503233973
278638274879
169446982933
104044363901
