126310919577124549202342539849929687180588279599
78693787421086269616301799914639065975833368561
1852464641218915501069329780023167795164859961
63072657679775475958184722554991349658663344849
194864989542256253027065429872193380884314726861
434127660585860665027557420244245676142005127533
19094393630952350278104983513511333012893288821
933020966107641430642127165713912996121463822287
129054752418257115250922344458146422524137654867
603613615339333167987476410620032204945268169727
283977079024765714470459345637474078440935475217
524277039331313600999324809681786523983292407
935308179231143131613000810035158199641692468549
558865997030162731302506669356993348992460808263
2771947429282194974630899702525464824669112929
231788866556873229959029410052941859851474635159
1129084226726261115860547001975413041510476165571
177815666402974981843355784900999147605726928037
258455031830666869307538660226138150178903524097
232538651213953324333651110812628640219369077389
60077563294961810790823292603253386376074961239
402308127457906330195195836895686320705330154157
678700372756498391264567119016168721071796871367
750619248937576486270535697427643284506129306329
6893379479902273853059184090148264369799787189
271454269950353550941899264413937529675950021007
737194403887157931173555184481055130538016241101
912703383478346472352969233800129645089975954637
549175463002492602880875049986653037857208165533
2544720178550267350921399529502613649374767757
284879384927994825171959752160849756832266073923
198780759886455839659200564518182106178012068813
741324775385614222953076222598259985877517373613
24471831694657756616449344226980207211004589401
602703525777492056996315533590752101817069325503
4820187295859021309641722830226582824201014471
129543371946223841311010367938228543793980383997
332987634025669730441204847681884158222305856751
600835273832291956950223865316882930015300141001
116555583673033993580082502063227682480118783543
158143001575302578130043602060553973898630664507
1147292680052006735800090089085825924035294413617
366509757617354868176076945811233965956765701571
106902272549372759303382756432659148539919017863
38049055236138588219138205415833241757243123313
9514557378352784167685268979352615491355568119
188978778612944841554514840427981812135091093697
263004987560643988489306348965891673664151390497
916245518016893346459988716833855501175189419501
447929495659971314202098225191794357604504446809
395653708537275763413365705415449510234774125543
1306125208235440645194764244596664992048411485513
71335192795273134688390087202209723989225420149
29654136879542530925978949556724634362375382889
20021991119275716780465823681006348711975571587
49112128820784461161713442431753593814522195221
176776087324176122821085857473788208468467920409
523448625179404004253667329036829690642517686409
7688495811890487432920891103441819597816016121
456978535516617595245388491568595575051751484781
425581149333585033632757707833836488917385828053
544826510589347605005610863533448826230333929351
701443966162133812602273619278911056542063885811
18538201262644388927752085867477229792072764077
239957618581729766366107213892948198031680044949
106186003269504723578818181306534252943974186153
128314315501222778209249517634404150159909310077
66463133714616939813191911492903048497570791309
282072739416514233183467217313606206336020215333
665014478517592093546642674163607122794368631271
463677027667899777915221909312637073528931275391
260546106461358301970441720539563565567832284711
211216849287178238902781618555813581375537402729
504246263952471646300269590946163359732323084123
520363977386135734740319728377402459103240391693
22981849618931816437655549795136509844628229239
140743063651664579839342611356475569670451256557
220070121518106233962360183398419056114496171597
919315119587681705825023346913919940418832770973
633388571692390327707529223185920851413277780363
291544880670943077358175927062071096033691836989
584654151536036885837370250544607756755951046389
101725826604470211012185436738695744982252652423
897301910815748794831065185106576613470826382771
655282282568475925477787117236619113022872599011
423791728787588946169631678916864543466491187639
485597694061422574471257370632929530064393420669
362360588810904646309386827196974082804193005701
18011690660379101993156000024210162594150730209
146146601621859958475359399400361266463482394629
31887450616757736403842687575941133669749158553
24928764901690318157700293563950166561816299679
195206232089860139013695001303122468978988908903
317550208946030764556040561184137917649154097563
289467558089569212169264296554803726767197159323
187338539371373036652011403017021926173547163297
140902685300497330661955663294072872148728803427
522745917467943554565350666784620253391000703551
115200222833968737562691349293020801308545110891
26220970477944160518859329361667436318500998673
