647993486486381485884715393021728521
239221105475976622050728887377195397

1202890650383235952237644995369850499
20777566772209015560644588147739011

102442571190987024953460403944326231
1080312514047275623761344117632309481

1239922950605412380266995697610614723
475019201890459863537292623717258109

438767822453228944252890194119766519
591093250673368008821161433177566471

1014010968972378360684552142543386689
1054188115510318985422945310444795351

290796211625597487055349373488811133
870949942780950665629245605166270797

688901263577479445604741714307178387
327394059719956329469595727849239611

267439802974239020620061180121372959
558857424344003286551614194276771899

916272885310047059018927714174886313
693105505758871839522280821237879503

620669599983408526118751068866250887
1082404472087208349351027460074512523

861021404163166716492287164984671137
752235331470979773240962498381957707

489175994205846835522242028391078827
1263785735705058045492120964887322957

1049924881631477131989027062391754661
579545894390623641057275777919744209

1146865651978959829499546180532156559
1030512282781962352575711509765123491

1157217477665801094368061807669103631
394117192625504160260824874147432467

550925400068924508723457113457427507
852378174435045728101962881816344511

357070810911474680872764543332215847
43640987530652839820551581840401503

983718526444241346096286745226334591
1316922344883933544501054743425907613

1207712517771241964805041307082315223
461587134404163740866489921268883631

407189281501523773957127927751661649
1145247512208836402266622304245045893

1056818899954489769192267442882217673
613759398081719855815644302877379169

645711529064297720013781038601288813
693726908307401884839134894736006851

1218249957003508650420959955504414473
604898110065739748636522692486982441

159656223651717250124202134095596691
627882995940721190134820405145533969

824391732908252441335605553914507053
1295813591148717208210863639188402261

1124024333552687850239940381648993283
449158995153848534190931552404760451

177248919831248847055794203472015403
1029040294633463590021116905883496601

24511162075575608310808592974719851
914894452341275684928834215976963131

261588443879349945049858844939717179
1219333553702554334558960956812458207

849680019284441094416663007155261017
398077457988592737123976838712489703

719561425114007341301309073612948527
140861815780712643894421878314879237

268477957106392352166700545262642213
476929035575980855105694353343650199

644926187124864294848542036354679827
1261701614194734995170614935594200213

1315876054394977059889948215216548923
285787624703814326656451497561047941

68059081522802840675707217737920499
499709960627689045614644300069917249

677755942689990629300018288883439213
1083309482566141824438832367064074971

931091896924947409766866898726564329
528129367987687258152590316860356523

236493801364626297285832841834520607
996759691333173541746092927948691833

784743429385537766045903828357637569
819482901663338246759670109734847291

823504793565634414396339088598092491
21226153708607053613319801632663131

155149430841747040546136628443686217
50234311094415921787923313494609719

1047886028278156578683405426790257681
1012004563649107025192520380905898897

1264525953916684002509975717694161869
1127241866361463275580192709779483871

297384488843449916319418463299994071
208203786554744126927117539369654051

165651515870591762780914122715552879
1304248647986656689895967710486030709

49325510799064084162854152174774447
782218645460672093645214677264591009

817383646160087561003536245372239897
688739243118957382399415364079704293

1145379320407549308078287912018034247
881148363435490052947228136704584589

1308214362170494070010656988223367333
58842225876749640858041644451361029

1303550031456902197347780958111130977
1277026345971364746438847762512134683

68183354541521689527942411375689759
221345965391677817820122293955425181

137052495207374304358481320809407543
179862965051495444718878256910268641

227327621772418774898955457438060513
534753850120776911073276823481316121

197778111368600361767510844659944117
1195995332088860426877052032240877261

462437389719820587452326511057111291
1007521490505154159530509965992141719

1291262506390810692088799286656830873
1110192483802322496072194963959405057

1190856651952686387237067894092772387
1231208148490734339110067730471785409

187361247995263658679759957161712431
555223865627122043077568402599945583

1151091161274627657282171512966760317
855534161559699286081756128817438891

471562124006465899715670041994579743
255095211475525301005076527035854447

342670957754832568751994804790838107
187618904243650227253837172153627893

87420517478749013469781127537887427
446028628021015108550113108093444133

732654032295176488480396437518116069
588601205634338542142938852648778381

1271932002530427324145906484271855139
100711934173974322944033492468916571

947385169734962431407877993451809523
1003024007000851588485074473654749659

171212426723272455294204459259059713
1220268699760493766343511358366474197

853312159923760410210213396004965829
489564753677171651996546935245039451

668316050224183754135086251064973593
1111404903030018508871052150364944271

189411841536445645313642066712092327
898058986356005036951559549990854251

30091891650203263214618120322173693
451831794091292594825165454443553721

605600468014630825906179142827515113
87303739901430511861815047153265983

584344836382067666615764144661186969
685533300945065649403098744668063281

1154683476536174261338727848141477493
1076985154735597708481679007519497217

126465661046423905986539374534874527
1184110537927980177409189453338956929

423604938131351861381030389874943763
517711520655031772173029741210921947

816775460549234009033121488742382379
716167896806476502135018758832872081

1046586980508575394192265380386719889
1141308361805501054362924868102013989

731107355353348557415231480785643061
1169497073330440471552067748146956141

1007148921330036803440509361910555161
753013265085247741928257913644533787

960255339246668165800981097839321793
834266644289670370230975237887678951

402019337003358700352934460105274449
933539592972418563962130582209988173

1130390115521536587835973538510402257
779965430546874850748376428036710379

650974865397192064330573066687015561
188136259625433821531546496579890687

682485896005241649539243217408194791
1254868004735045272937295226547407417

958326024130708544880736033750323371
1157723885681423841293774824876581407

539881392975892869626696704620551077
1061789237290265542697917305252378143

800877688790337254732894736620208701
1137072773878933167773013743145351037

485587141443394052792044716685421069
1305888164852757389014013527927613117

744812584003333930661514735729202099
919420532445552541810379581487105221

265114270070972859412850585072247377
788603656272190286156979316564127137

895020955497383570003786285005709101
918131995918357370576982379095313967

942887339027042729412322801618151809
942716481360712387218855843097560139

1096398714867867786435524335959165329
910033731837130627458710512950103889

742654986497574799799728807972958441
1060256581829909642887704299724624959

356285396660242845724774121864566507
755646160818647980945976147895250337

720251258395686175462858422692828989
886037067589099726712334111087762781

1003734588394695798890837696527228409
1123592670864654830421423608413477057

677053986021359780760021102044356129
67066254755193245371356338339448499

1287557713608690766209152917661381027
230973416368590213525998968582429769

