5051663594694065215785501717272268264983
59418372963273811294966784329011389891891
2245061799686934588650414278739955896137
16107126936781487276523196853147457067133
9579688674336589824173101361660540559533
36061455592961856933165994444942875934919
25144739834912078837918034707074322450083
20114511484763437108017469460214320761523
36153821510907987520237626831009818063129
28638310536329971560331915921484942512403
52608778705664718693982238600020299562739
63441502431042480983499617667394111249279
36823543637460183876606151407732469975631
1735858474386302086808920472323435907819
44676590388600129873161564516361935424253
7615370286157097099719859715833416703101
43208327828228809979118584294736612254963
31922782804778474708445267376630029459841
2368248326733984584327624243817383481997
1022481011992160880891284262686305717519
35517902397903451306302079562394492369899
76836074097238192488479952308161499653391
4195640239856378546177468000966900765227
7646013707372074513005197254177274481643
49595996903893707683696614504044061880137
422893520579459284931860147099064401273
25232720986218611944903746762557690017379
7213113582755756980600972914953015861929
5769144285057382472882818816576353063863
9014588370627549348467598581325335147761
24562082738131622975992849890644343505177
20243963905867187159348589479487258311579
55872328004494598408027100021568158741023
29432159819775950726912743140114794810351
1430057573587309791067883239357373732453
3663030080640979826366930374194343233881
16015063018288894749442368071368454715721
11754402300478314916597250720141610327277
39414429321617849044750978884040773381547
51617106127562549803748438493140320522273
72414012493589300164513930011228574789231
5637224732550689455600016658096721649717
9987506885957720165398735875920380643723
9084089725768627440784316876594805955969
7548932186612768019373276407957374246119
6099117922212462312062829808146701957893
23807652869783720526739352944622261818141
12993628352132261702138892240093718865659
43918792751468203067051052642204171325193
37682985582363698808499097726116683234731
27939679161206778956697292113400849016527
6466022139775593149265784705905554429671
943013042014736536236642782381117503439
2705594873012112266938258046418101806619
50130865717980884385984946741338020823853
3050050764796819678065882894373553829923
3244358928893799178813474185091906090583
46585917855904922686535370936572936139739
32177057694474502583151258299856253174867
12558684961221593906907527435104051005607
25583224632462216125045174093565152894801
1769663196573664489629072400145242753211
26602087610054602014093438945476740194379
28366216976174987728244745227249400804809
18082049144560688588963595252193928581973
1183569207529330821448712190677691417233
6281965693086377297646081291833318409527
3949568317851770706763292548411221453097
5305228496637191488483630213623486965507
5114147545124288371881415287567847246091
16340092045832987497221013319635216520803
31172166180883676714511296739657377026871
9652570594833783753051330439933742813989
33121080298432134794294993594174443957429
15041992977115747597115320083577653147061
3612881323289488558923284534256600684793
54057036375760509026891934260152554816907
3912628245380150256347421346561949304431
6942590614387027338917411568852314768989
7521793049699799305903007357139750894093
4870000985118711369420385865785805482397
29941964795290921450694544554624308425991
68708279941796697315273862989934121096537
21251479473174767377755233282163091932217
1565164703806864733588571079090370725769
43027074527017557634252422587927809283791
55154031463451803732591824684333830121161
18429108603759784680547680083667055271837
31767660568255014622436725278948999228403
5355163856755748140807291440329263044431
3780317905835984592016908049647114452123
34244734355008577963960404866602740536263
33087415055971729116233917932521773566211
9379914739695791978547645702529009069999
8011641523124264371419461554246360647949
10474828865153441380089401066606812356739
43738822229682724603129411422982121346491
2996716348971723943782439851052628115133
1053342442790563688090702713295977909813
16521488137050311507912397136396913622059
