43633907403286615596710740937333550049967536757742660991132474261
30468162851768131107252815800750992325650809618666525441758602059
2489569459232666869165541215148881708058246733568265495090973313
26561409802384995664566843786759796094142521765432726952574638191
1046210310573193903416682903995778854734385341878756145671372919
61918285738316820286903718852541323437533839739915145322301169063
1270340564262429820785881273092091129786549008010093336811541277
42624559681526885678243599536522718151208628527132994358329131311
75756652940777553363297285586583135546706547561585761189770608543
1090490846562506771243896654648420859338954922574521444784139679
9925946988530110845267119039367846082811930844676580022463916197
13331505514251907665992867181350010278127653900054013879962531951
63119960346321760872591365325249620046513128074385282919492392381
51680237593231894867244226917278460974625248364452127038753524071
31352993546696679394906814038381760518397092880835540192931340189
753266650784554990683655655680420713778419362114645485682367211
15991539600565377478191489433840132442656705204206437528118070571
31068406939666161759234143673782255324268898573499738242881696781
23619038518204928784518961874355048325170002416144396833300535991
444989176130496828938282106425453314201508027353924722731479
22680901080657448342280363230978339173048048152430841679590774409
3196154875195155189123196547910681678694260398221696692769365617
41565101505225459607358979919262714632082397377259087093414148459
11744796662451350910474931234540067977259056804007633253057274729
51921332719852204798270589560524306521154560094068520969280334557
40142094151501667621713069696104885297045505788013326723725151331
19036900020008751373454580203617664715823679161806998845650235931
78617975899553289016547932883312532041312450215356445236760502461
3157989210556088505976201172893811828957001952910423090306302763
40449094264656491491062079170644552006783458184420409016796543191
24926927339195515513022383574991506396463647353320038953313488249
13973075075320828732060296663997135453215994900426322536195858181
1000848969987594963933118781633234378224336626112547791305735971
63818922155941627973715259855575327049838877365432198835640672127
17951095048304358349072242845552300507243786778343608106708396409
18349209591817216830022638421221003695236258329223952906463775697
1562057852445290894014193312645286830867907406455287399968501729
215592053284130672067018160682314961131348051234271448157386037
47099522291567177868967687678530405982859270532005898833803496929
66664636735964598799010648846638255279605130212710290586103688871
84468140070109247643293652637548667749194090306540435031948651283
33532879052364869660621257631969934071595163214078577974633128399
20154418442948276602499483261244710873935847046373516562091897737
17266707813713646361263495100226805826196125453173896520173225783
20400738532184208972843171546898952705110981212465687687888352723
37356666206298687218162091243115631677710152693658974071142136337
61077230385494126599023386993506323543637658322580645125790963849
14594885954950878270590655207858617183443453327091488080664241041
18764232965037404014696264230327154976011771296081172571003520511
5192462101986188842873579819773809121500432732721612521197692269
77543598324436350409886696443214325930684782634515957290874789471
1266357980694283412328834907768071490574810864109838708388202109
4606625132692665844482177781856331670165446392915258230384499381
7261627513762619392123589063217262629169460405744857868954675341
72107341640636756176867256134009156291489045623153528708258204263
22953256922977799900529634835640155657491540824379861858636712413
13239319026186664065807151276534160674138061194542290967706375097
443642439183557128602203626701334335035687373718595415427911983
61639634354265698621274600109881070049979274188729745541098217749
34845217886251624543807901591248200101338902653257034032956287687
8159399148860043700531444636471899534860631500849989539145095539
50355065160145499044703200043145985221458896500021016880283278837
15652848996509252944070775853456833790229132940305301968787977441
24661932100355695577398125759512620712609497496120013849380815351
44031792967722276242905338563869644068076345232562822558360624381
91169852838482401081924448071096840605569011131760296431842363873
56874159088883861807908955564466303489613733283420930320249248121
73170362858850734566781892729508482076918384338442385868776636647
21627436252005369345087092818568310069606714291986233327363249453
16746398564545636884979458612166346427427841982189545036240572333
63215357121919453357646390360263604673243948291668411398352644613
25329496287577349197377641137873090204489237365385041542762526457
81819396518154978509151152403436236797260366181442812564438789141
36265698898786821871519808479980251330454194653125667153565811131
5248614168393650917159324151696736766510007495784869621373655937
14615111719324915968703529746309333214713534034160620273995930739
3821791316571589981003230791205291941283862894141727633682502487
26252044786553752242960752008628031727119618572202330565919211377
13547996453312240495853501117144116263369922710797719901116119093
64772775405296808206294277570599605434342505542211690372006805527
10258486113956665936666328320360010083736559023603378854176646447
28440708973369566552774918917797891413210128209637613903900861527
14228411559180918950108794766738742487475325854055592939537039283
87096993265188838084434896511326665591896087390533941788037431941
30383204037718731873591687112294242058669289033396631958653409027
34268001610215259264801665685664275967281105970950881024566678407
7849790709504183325421349115775878558487499092246320670231733631
6287909894226813390129743524202657439657965431431002402451149659
31259853403313060237175098943825809339797015191434651546479351319
22800477103311412945515633079644513467541923790336510844495165273
30575526614667577738359615785762873741810613933129391554373152223
34155991533818550501467167906328844834561623149095187596735355583
42388863736348916730544675112226248392170524295858457590133112629
73036836431521960513254021447330529513309482775970885025520337681
14469390845276453261187311901808878757152487828313270941502579167
1790678430882336266797215441584752168362991345752011550189794041
77502047252651296906523608448786098299351266128055902514060629687
28041707484674876200244839400193667557813546387056870230460950831
24717989156432373403900396373602531593870156063557143775934359497
21002649963111535787981976735546992020841218100485364592332771219
