571312399474987875193014799633
4071841988562608600851492772389
8761522105422487038446355931127
10326561356282575200043934251171
440797353163351680336456134993
75145093339734654708767734397
2222939408277600776784038981789
6151588591768549387256507851573
18176067034137794872963177847527
17519215643478269774264123478437
5453015993984236960094483133301
10353516458788376341233454817449
10849439727811463367527693702879
315936502131517986897037783289
1767650520141920877259672438009
4331648676936378208060443974549
937188521827771886178371402371
8256244767198253144011080250209
2438145447102021767376121739623
2608040114940428424501664466881
3518114080314295971029599815827
3625963808404938831907901581417
3450802379311542842817626084057
5337732429926355667214201796983
55737720131981860102807948085
7371811353624028327202132089051
4166744173740132858153432854809
3621570565482357811579446401609
156548047057213176296142789638
5220474586420356338689930811609
615849051519476324126998980959
6832288543376875265546384448773
7348456166594599093331484140387
1319961491798966520048178555781
14907349306620332515298195345123
1063035133312538644271108917831
2642870246770655860415194072703
736667092120923717649754991493
6082831702888709718267469791517
14794574838488840224987112169307
3195038187069589520698028617751
9305493545507151095539561371613
2859288657802301076712234471439
1495520718710124689747504777543
83328626458824336632984735769
17524223595524722985602601604017
726723996594674595687302620049
1357144934080724442451434727219
11785508267754387927714403622827
525104288141747949983348930543
2066067287117534517725393723657
2993789267171208772224450976103
2170560810710113278302459667701
14130995040380912102318051590891
15099597603445971778690822445521
6851408713577634727860249405739
124454998307689521372431695383
3785731361613268819137064927093
3846933416103673168562959118333
8151830103159631780692819507521
8822898752929753161001179184187
3219824912687541839991808774037
3207376843772380446586536092861
1765887679565835352086968494579
4251307650788989607803973094071
4702172839478038523514371880113
9452368765416230936667779798353
2783929797973950670087833896921
889437784960062944633689389379
4512271216525963259953883944213
133102372538086464583592226253
3310977411538432186722925788851
8705208978747596142132737906707
3622765168066469304032389394503
678844047726955955563646312929
326897441804484851534608432211
525243309739912642057038858469
332236174457889988626485977069
927616992068719495668428397253
780235820183226288862398281903
8178035751815915699558858700553
2964447745562541025373865398191
3602084640350951782846800023729
13593873674616335335359153147913
1844933488658333754712993751183
2220374993696108030419891347119
1149693569148049718887917240631
196531706146903096959953119461
7937387020766641482958230725761
5677334882066486960779442630747
905913534459351933996705071579
5921392958212783061090170591043
6792075664018505787342576214793
5017499058127770688922994810997
1063263992687204703711038276503
682250991122790003741939625567
2002488071280149526178863538069
2793266474064699471853034489519
3234371360083208921512373265509
13470976068674791266753272196223
