23261082732445317414816286866996703422533069210506810122727349534053
1058581745780558337570074543945088536411289981437554291407450840967
965814059633941302699226039915724302229638333786941031698164958461
1401787968147638301406958318571606702593322714435387044867554040069
6703290901910231360220239336892876806226057774545817135363550721749
2122134594832955988120398467680446583067389346716838282722331691009
7308252592331152411028981306096253675053519799166536749701130988467
16718071170151722236385203090805525890887666098427146591872159559017
3294681817134485234046736618744274891554969448832043535725539672623
13593773282869610944775253009774813800816848238316583006073480968787
1962081301245724993487105632209366980380180489539502853452305488479
16844272381193816824680093241316616661581561970133531014386950433029
8641912685228946841523841230035226145690089874276036668380495625879
1967669368345293981781029081910157937172426699704565701050175010321
3527691896325760910454759156492274116658108428771688471386201559793
9754764827899925798430383112820967252697890604252447896602953482461
820332213201091788768300677863637100792932145956783400128199328693
11746846598502016125743809807419698454427811184595418051397498078493
2292405856326153032245022715579439116994247255216233182459997938223
7776602987605977158004865149182233039738143058814178370047382895977
13047584882666921284857548594746248934886630522757699154498967715953
4469046443817950666066462345898958207386605140654801135160256724031
14145810777138551748828724997583039595437778512734186726367321488723
8137748476186589164965564380897269567455760046755833448359609994277
230789269593069125148012048970877063629372365568442563078622663621
665354650459487891432880486631783376937974129151431198982786537193
823284813188760892916662044553103167843922988814302231980557618769
3377343936245171871772792198728631811371809669833015751225424747193
8762943916629173881610170396604159060065479505135538361300973754263
12141811473394975640930858333645834590330500474215213177120362951859
13988313994471284740897234572390880129191328832490724289944413850161
3287858864655031097023866743162201228461972105982500088508758758157
3628308673524846142095741071205184745299770175703256470508359516899
15732297607760041864802673233085211660857978208410135812414201352221
7748673957113541693234617526085789558021997022894546280919373300923
15838848151178588496411269741865891010144350324908270498269839249043
17850190585590647511298670675863701947605310798504390670449992599491
2420954158449525922620760987550937864754739930639809774902744149051
2975184219136610407816455886712914585092493592910669350608585734589
8499591092595092235130094263943030974097698443554170544247416847743
6009370134321626908173355716850765944337888081898665442342312615683
3914088554100771315972544536538957207412266682404276468061982246967
4466045805231392890689239332361539647670323355402105176723912979427
11767892562400294953466972964140616147392032958594981112542724650909
5828060422612950198285775869487163639908694270129543899322026124207
782630621031501178257132860175151096470900877401672017173325223757
62690736974340740221980375337597202792572742289195670908826267729
11271705463067297576621330851514945394019142360496815544733555078759
1876652477168207364246040658887338407511690842356756320984013088309
8915242914305951033081696168868742818514082308147223065162258537441
3610693976992323047478527099728473518116020691641094962901035613391
6358204634378129094044925199886745060415235268378207386282823463987
2153699003106507650588019389326008156674155470577690339502171296117
1621117099947383288997309640348176307833483828257963351791734093811
3354994731005328601250410465399000958336004358010834912142746983997
14351724805440136264060972783145888964814869697482589835592330901303
949591037719776981985414700445051359648522160991121002825494328357
13630708820007091766832107719549782354575562763568181892369681071251
15816942140816631250697745216216916443772176576517538494458997244969
7938119884489983749168527219520607381136485224961699052545056702977
8260396771418589666743055081215131822921493519000389971663906652927
4037752808491857526542638168825558908065654782866180964116071358867
13488840639035095210782182195483980928602433739665028462130338484207
3842734431986353856289155220097681584648085146954323376754269216347
12986226415533488915573469271309967886532273436171592461020556410253
487725089650065836413633803502394690372510234808958812853543411381
14900131302777892172516306630407631799056328843582623465593040170841
11816679533638294786414910027226014598262415821859124996661608831077
2780976293198156099676280271259095241793829133428139934484694263321
2027862160182734032994855710632948832864104995525562470567772738797
15910492640246284639362571606730317237642604620645435621967205071603
11248168634806798576919358518012822814909395688370561684846559969033
14658413293785210339397453050281337949647222863176221463018551574769
1628934974434355640057180065666529119102490153491341233765141064027
5041554548041948984280623010965216354634550069687827347503359956139
1843975918779044120171972716279825140752629033670930253443308660759
9095316921457168582878788838069373449024478433122281351812538765929
2197216891077570287679138212676872273967394743331315945564111698373
7224360393996786665767510659158768907900614345125896242354107176767
7168245083803270597753926641001684663263774504508933396765184821589
707108753879387322490918814286725979015880954817652534604327120687
4372628443917773772094446754329107358764281122284805540184767075143
12639659308754157791464915105790390237706579289137340642824049728251
3205697626600426420774405763640898868035254549625651023368887426823
5975731637704981659632712349652332479695915671643771623961369204923
6160636243399639699970075161271968636663393535062464965316744974989
10577932046726943097524935309361922012844936647805544803732676146863
2292425121195201740955515706776429953236656435663070986790298182409
600080344402446661833117616217131954007864982957541113969645072077
2495616432282558316016405563396742619765798634860813494918267306677
364671416423101343006588013220528099040903081516406598645819432919
11987553037563565615378895119690600049303022100497180121055904729293
60813541370052764826053546908218755392155435125910068660352346159
17191486867776279103460215992964589445260064702779524888892226900553
1452464662151068068577898957844369376048348115301595017190956596269
12169180613213871174440208217807895105890800867254692298858542446233
418802088706333421642972659185504690999496983372068511319423884047
7034514734250378387769809302112864729431182077771547422949981195777
19748448905473308682510121677218188121728607557319045845122266092353
11667515458657820949303471692509947485422284384905522112765523927157
