81026876485878943890950234857904144201
350351

150205900341317388458311886427177235609
13857841

187609388024281920683734664857147025953
12721

186892190391794334949172929581472100717
4296079

100787659971456111827258147600909199973
12281981

304576005424804916750011427942427734653
13550833

120041358633474428512161078259599493489
5895443

304688142542587255882046600286711642307
4622603

79764436187264588065262540228862482509
3267337

146287490825177338678056858507572372243
6879113

144932775748909695552876450020180406757
3023309

304292395851676219048820550526748489017
195277

184765377035830743210653574869171632327
14570639

187663118134277257996766578226700665437
9749989

254686660507762169742709229370722111287
9652337

200796418964411304049375424811415612393
11705041

132446313338687867255231118092620689511
12311119

135988241836222788527648414511350320903
7110053

39509228511219717030241043746238101459
12855233

311195226755092818868260151669863502949
2823721

189878137367287761812697411686564061191
3940609

182298679053088096362223726915840368631
2545691

166406847263922820680184318111471989569
12853979

187246758180229962335374352619726022123
6864479

92302073117218989651259077846154371773
4543031

294648703922405284270443156291874201093
8736907

153362517301441775237902893329620490737
14288189

53605274435992655460420049234527528149
1083923

3915656703501528891200215142266113523
4366673

99764352582431958355267231211496425351
89753

68955523523332430319347951260807383617
14135837

274207766088329449664578873495190981371
5270971

264038502795862300594505114460866845169
4426673

183098212030266256259551352742605497117
7754963

96424815298463468777688863264808641393
15572551

34911330482387157841310437343156647003
1426891

286726262881296459038099564757450382909
13355737

57505466097669556469695017350160361007
2881031

228211063944822228422547372262689520423
15142313

37659976839660767741490361876645482139
1217809

122430580143300412154997528965389039327
8288183

150379009602767711601558231116497022333
2413051

190606537325328789811701104992529288879
6106729

172345162473954030455632998338124517997
10983127

311582150945245414321919256990958780507
11381063

38336163076733980131791571128383919911
13597411

171851336779616829426830330769169559257
14563457

251285743140296362917232258437901006979
7377607

269519320617529935809258144463107686687
9533851

11494621068322603676046697532897470513
123637

64181142223974007495016449882352297041
16381133

255028077106141377487057584115834382329
11906753

58280741966788193093757400717869836263
2520139

239214563520749263780945636499593474193
16092403

201939450355537338759274665370716442603
5881511

293174728015704874025178854001317203921
12749413

336471701306224265473403933468955520523
1412791

159323153914288487544505506256942102573
9424559

240135576121645652992053066612302608307
4273937

61744470184784558147581951208356338401
3783631

309493630770182077617490743566140709153
15649393

43285684421840804587004331645663876233
10434103

281323518649896997284981672991527496613
3709499

239107912039585415384894328767966146573
15685133

188671639422062934547387266398726167363
45863

325805076090561588582341777057926022687
8432617

261162638301956552406536758045710270361
4184359

192852247369536835910409153383912179003
10412863

317406732408056328218236438628954044243
14738089

306778987771889826818475153167477050289
13841917

327341211693100310920493100432418876273
1240991

310998584717570290771507213604932905527
5876993

221738774234293101722292549590732930813
873091

232842337260494116158603848414893030819
2574149

332537128508080288798705045840551026701
11033101

62774616477181714575378768006158541223
15280669

177813127296509991692288859071143061359
9416059

17575537652172476419961584664194862963
2199941

274607708573720828832990413906588285063
9889951

175642355939706328526602871325030474931
5483521

25422361206771189965152956830941666247
3038213

80243097011124249969966894164366922251
10656911

80931327840667113410466959314197364559
16676861

308366176404574326756803770075985575561
3057883

226914753482940042004750209927947970479
3886453

88863713936313051021419430317774696639
5454079

164809876353897419793353890716834383617
6176591

67729634653773268394434168145454412439
903073

140320713306654853807873752467814971579
8747891

40676962667357293643541877570480539127
6559019

258646536024191369157095554826458547029
1176713

257578306233594226170714780691813554119
10893203

65646243960983152361448997560990078893
6855479

145363339799897786856699542558370633467
1651267

72777296235684472011856123541349880223
11916689

150507303178832917477335431327720984477
14395763

323424903109412608913332497669664017517
2417399

132773515954897771645361257024594105237
2680133

38107281134593469881194404822081807113
10515217

125030932220634124360274234344139751911
8183899

