188296664035503042276097
519183225329402092059383
155731782997227381902999
413644046776324057721971
746504441958698310377431
295326656396558870121343
353307238635005634169313
504062833430181471404773
56290080975208290182033
117877156314277982081177
491934142545140444159671
760034708098751476450789
12189917340720018940855
4545516927199534636727
125570000860254620499191
27184220920979166679687
57883131248065781274893
150172911260462859301801
327211380792050282526179
585718344432102258644539
817570144985875433073331
91490440989862502812193
68201097447866752727759
224463963271021674693511
403310501372629765674451
305422759465062151210799
173217257498831864215451
6133145421389974680187
11890463255049216437267
12587967414732824622529
115917333551266492972927
120235941146184285728909
39584029245763330299949
38536522329169176790811
724193331281880547336793
101664835888361656394353
23625562250243704700987
38519200239094520399927
753484469195734594641119
37331882924766588143353
264366801387280681115963
2295350482128934282957
308997442605834672915103
512863582839514114948639
274232610934630628814901
828323274332795542880771
69854197189407418292993
19473836965600019210171
75161100606435702061979
115473017182983804708401
6930759938225731524782
656755307871523898268703
58410104525615893165103
127143714729170594264357
6765481638488025767269
15490641778299130515569
304460451636751206619631
688210385208583092854689
28792779228293577866249
22238307068929050397081
353968307063981304063053
259423972898633811230507
93167354787210620609293
383854777271374940408953
254392343625174893179757
405956287022663560774273
351636019511317060441021
627267090194684554230691
270461226879386679511339
594906929145950418942457
543147954225169430064913
259171505792380195142669
595944503390232129626249
1020959334909125725623637
2593345775171419186339
384187176675959284881401
255953174885415352247653
358204266813234317896207
402358702050259018830253
43651350906802373522209
11849532849657568915339
282043126117020068959853
295817751771880718689973
126762287145952961462849
194741208513551961921707
731846582201105015176309
25626990697676494435517
561523039006941834052283
121369639389090351829013
204026377561900304575217
273272784253429351889417
274240702389479571347951
835594207232024241851467
37348589398820025292859
128694694774412152255411
15848140552828967728373
854573458895635254253139
361392435663730349818271
743434687333004695203089
5927727823210458259719
