69348256494955691704228436093
16183110252878293640513298923
34693427447297216469644138323
6937716393083646575567258669
11197075390747946406000116519
23919164451521693718143871937
3112343419093436792961843889
1163556041989737704050144769
24166142700511585794610089421
37810759064102083504092427069
11026410103160704039768627193
5927443623662123584575568279
9811249043780779711035296539
765136258523439033627177641
48250666986869468128810201807
32004495194346710668563864407
1794157300970669261671311097
3411066048550057153784519477
16520506816470149437960715779
1758985159631331360432054733
851486151666785843672707769
402335295748637344069980733
2569479699271235265573193669
11447933972793928746429337211
31269087708988356403341721453
13881213090663808337429666483
27275277349573109493743707303
5085838299235411606001584699
10405266701812640087331156313
29829665921298699339935686249
6367842599478071198853475601
13468200467682160507372289111
12301482701309221785487451239
2776830429786780786929496541
29768462942009187720431455303
3794043780273614766080356519
15533567837776886341068966343
1238741638402212186493367899
5913062230664547128965944881
51794487496195465409396740489
492483986257742316592281493
4101528213521037188783506663
27174120673670868489446962769
44627348394998998779021850873
51094187450582047478647824553
9964620004897988086643377199
30922427824766002812557722031
2198509254706206029153659619
5378386684134049226103754133
18017614924777766512134124027
8145335467929226916449906943
47273288582602195247804414711
3030640938807053116988446559
24274051098717710319931012129
8685951200622206945787593629
1442170099780969948155995387
11338484404216796022031087321
65769906897484999277187822583
17640564410405282248003457623
42741989400956100826209041119
55102428579111274221312911617
65867662684704141360316344811
46743093788929881764060235109
30574196587024544973295324519
9428656592396783558777933261
3968109479720342263904539561
16390369833305917066640821661
10267456817830972559506029203
984232013705578873484553643
18139316581558124455487189563
13621895822362288917500100391
43064589346117950194799723133
1000799495711722169646437627
29437170399881158610942568811
11699077761001219874996432089
64892564075931097095260760329
8921667632903250465036551239
27272779858368950030499748669
14073956400559657155673668629
33201726025476607589182533241
41652074928196726014252338677
24515250208470294016571875529
54125257118429692150898357791
40843737312487395163700998663
12873363639022373155059425921
39573714648722395419338143339
5845395970778093394197746877
2436182728203583282272220097
28751571658331645945964913367
46519774267217536836217531759
9537397360856451979571898809
24200333523352816327554658363
18109933901535603651276831359
12120006161296391965866194317
62365167674623981666102726207
10286069277918413012885357861
5470544774468148733619205947
34129353083571134376620224927
62311673199134816084498312033
842773493416089382959819941
