785639165
1092198955
193828835
685110579
1815769459
1162239113
991185601
1116911593
515883565
857461945
471102785
422345571
677073783
1908805639
1855002527
404462662
545462961
53220094
351044409
704790717
505109859
170387755
233451959
1719987203
367683362
211878609
457414509
2917846613
187318021
153201995
316470005
2284164157
771146779
450280015
2524710383
2088255923
452894594
365622242
851396749
508496258
1478688431
250404783
768552301
970228571
302417941
400728518
1436565647
1500912083
327161735
59724899
205517273
120363593
21032195
750715473
91366742
435012033
304454801
196574707
161695498
1627453247
798404735
71978269
2278402087
957253517
240145865
794450967
1472189381
1513344877
525197615
1609946533
1277364565
421480315
1371577603
1255819855
312727809
171179798
1158035635
1408439473
353707166
2127405397
278530813
427314923
52594751
340310258
107286314
280826767
2357480939
630897789
715145827
370320485
2409721127
43828923
409324235
1465658953
1059237415
122624758
1233372931
1204086919
2734148027
2068715759
