14068140556358610910455435148711
50119

18397269636974569674744068808053
17729

9557402204208919155311614020113
42293

18609674404539636805809917343703
57557

11318613748556440963259277312211
3779

2890363863055079821141546568609
40949

2820587238577953289414980113891
59441

578553781546707281313849779791
36493

9935372894882474758116137732749
13063

12145068730960546728446691356711
3461

15079860925941943740168831341443
39239

13899488615208377157569162551693
41189

7611713070682286224969711964813
56999

5963920885692653105665151970803
36061

13798416658587639465869425081727
12553

8044776031681018785691003280713
38609

18034722459379303634664379315727
6073

13000828692772636332378937686803
9941

9735843072600278520764148894449
40529

4681712486806560018422683976359
41231

12011580234058464410243617118209
17977

109605154533592121608034175593
30047

14250994172253065359501139097673
44071

725806624567945678076252665729
4931

17141065276956342489146590309729
10529

3100712997203601320665770509177
28387

18017114610940916037336771617753
39163

14166566876687377864151922027839
54449

187135255123125517984882220129
60631

12109688185348333780640737030241
39581

14262967925896041174967077921167
42989

15296907845742814424203097118239
32191

18693001764419413921948473793457
40289

3998017235710460635614718280033
13781

11319099053987285937776465278471
32323

4942772072755420465890249514423
27791

16227037120100897727982129531853
14779

8489971715702553480273381877559
32261

14761706930447721038641617205399
33331

3846387457292932501473409960181
10289

7285421454419395390792564393003
13127

16816768151935839083149447248761
43597

5912715698926235705442469739119
12647

7012534081971427194965148408967
38677

4690228095293042741965135620739
43973

9325508201140720350760262050471
22039

4410133046810245175198382819223
58787

16022852312412287782521186805669
26449

7687225116180497029695592219087
35141

11290100169127730327129815823863
58567

18322593648760866955383332861803
55817

13661906601179164359372570670169
2659

19859188229801085183791256474451
64037

3901757073580275845423950554947
17077

71626909971899584488016639379
22003

11892810912633537946152976408483
31489

19580935948029460267197429274511
6733

17955061601854822248361940069767
34361

17144323276792827350385372525881
27073

4251884976503552961356909665447
47339

4412994589988840917991289854401
19457

5787567312577446523985722396451
26459

3852529022714262924622277811361
60509

16050772342809121922147870287019
24169

5227431610867512317916711473987
19219

15722297143995854963525369669231
4451

12597147795398629563462430304737
12251

11982305513313444118311307348267
61211

1481021069056812684955852036787
57943

9307388933437069326191209717957
57179

13463985199985246338690050597221
3803

19876616586212535900504123392543
30197

11315303947128696730248522428327
5701

11410827635263149777606513176431
50707

1593789222452320519758335955341
10243

19482235922205429227397507983371
58543

10046783230285685450386604602309
8821

1476327763432617171169598315813
4937

14872118978221892833236541120163
30697

4101902661755872381115277887389
30307

12835389829026034148860451921443
9941

14180010811427082443103674340593
56443

5060718872652690607019575728331
22159

14774744253514422428447079360661
57347

20056944709937196805434504218569
49193

14058883022127574832979776829917
63667

16598143025555589570251420885569
37573

19324034145318388793898123952229
54881

12108048484568022897067456771909
10007

6221517911794819154673600412319
1489

12030408588898384533282064594063
58129

11790451990092771145064829065033
55633

18852266504701831228110747086897
61363

2507607587558998246837138649957
47297

7655450663621027671146298540031
22079

16576372970014910455752115307447
16963

14971018111121472490130959334657
45083

14404637892789256100840357521391
62273

908188876986036966692652815069
6287

16968323353931162011276776536759
1201

