52301
151

2657
19

59053
53

39863
101

8599
13

46549
67

16481
197

12613
137

34849
61

41189
11

39317
73

17729
157

11941
53

15647
79

35803
109

7841
103

32479
251

29717
109

21893
163

32189
37

35969
241

28411
149

4463
17

60167
79

57041
19

22067
79

57097
71

28621
79

26693
191

61343
19

46073
3

6947
11

23627
229

32321
191

1667
109

42349
73

11177
101

37561
31

39313
163

36919
101

487
223

4339
179

40427
113

37139
53

46061
47

54403
89

24413
211

373
23

32839
29

8689
113

50591
73

15683
113

7333
181

20333
239

31607
103

61507
193

7841
191

62921
13

25463
13

63907
211

997
103

56131
239

59063
107

11831
167

5237
101

40163
79

25639
211

64187
127

18503
233

53831
11

28087
137

46229
131

30293
43

20641
43

15551
191

53231
233

13921
149

15683
31

7727
113

44021
29

48821
137

41479
19

25453
229

57899
193

3733
29

14281
61

44621
227

18731
163

56963
139

28813
137

13669
2

45757
37

62987
179

49117
137

52321
79

47969
59

17789
151

54667
79

7229
31

33613
179

