971411042614071801782627
467162029587962196114299
249827153092254093388789
440274620437906462676459
11259831246394700602069
143509904619182390985679
222505633469615968870331
672278055875429251999937
479965814216372879031569
299921055205319486264471
11779562366236281128219
222539303481973739498803
172073295457999541664761
625765215230701179541003
353839876275485063837221
426262781169937837140959
533772740962605696771313
97738909042666217813653
31202241498167163382183
78015651049906444115629
615310459479778500030059
457044154617378709852883
388868589138858963438719
16724474388420483356501
22454405814398804474273
488912145901819331192051
393334945529599111569767
225616992615111354453241
563401761282723416354083
84426044221320265596959
396351805817429540419021
160493213497963794010159
539279977010958617663461
271284517911103962645797
134139712856363399765009
165093093384831416810513
410752973681658228408433
5985750777374741591741
87955665466648441704257
219919101471091856990753
334767493652812027718459
61570481193975847921727
230169574208504449078367
48597351587499468557227
289807383668781524703617
681288609045866026924141
730664523174776219850299
342535462188199449809021
244276546114896921982337
271851278868460173698957
705290087815083649312667
502832719932623350929133
427437483037507200810317
822313119973559489499293
696989402254029842080447
923853587678506220029813
21421652591966165142001
835285516891995959344903
66283415938743612254539
470945746302550157270987
1378989368632327512743
528006873132143219985341
380571367396789387187137
232532374339393434839801
420437694913224359087441
34464377090696476467703
331079652462568742439149
205004343022978128139283
86320429264056925253737
2917415645205821557211
352164982530332420715311
737241655854192907819229
7484258627644625423563
369017682674523279182437
44789764118446228625413
141726139062145496848919
12715561185316920214261
304699765096645623320251
426229901833633051931519
65145466281436328009771
1045208662370302898093281
643877740918100627787391
15003261565881285060389
206795595661712336950667
7554972496200695953229
37273949395224951697861
45901102776338466731783
74105035044843349166393
207579993942701499725633
418413698884445500715047
16336598940579062077741
82454884104955607709389
764479644934545604160947
215794081456353694156183
513212598699027437932091
90500241245133446041451
1067277823671001215040903
90717213835062134471933
798826793976050725691051
51552072078028048549717
