57823613504597719625487555137
257938729848102085623315457

65212424416382480845391134951
154718974375242262715179721

25012402621028845978269477701
217814296805589119551670341

26215294211063764152498982759
56785991446071844258051501

25343785481375780617387961207
231742658848665110654821877

33333138209357363339916373481
9748906869862223759809873

27696400824594395506007964563
238054838037591280427583857

26914000947066040705375787119
284183038278438289895123899

43108215310182862129580411047
2520109754538520729587979

55333053349463688909212119379
109198784635212353560417889

71460708319561619340402558167
223874807189384603029685893

46858183465410844343503396027
264759620558375673245144647

68671887369195368377876273597
117811397348695892865293287

61222609617443600051948974613
173429623004249956368079369

3887263055099408768055187837
309211078072526105160157489

35974538894332564440332167691
195578175503239756999572197

14353750291933042082652343349
188827360348208047461092899

22987304863047212260620059449
203201459661020101075699043

53220036242010643739162246123
276805259813633857669309339

65017048294926766099486810127
67224031712837706896485433

78261329133402789047719713011
219572249702919753898068127

47357170114280926440778152299
18972412333829993294386421

69754695474905383661311613899
101580316660315031756999767

5810147452422439070746416221
258504796089502443477759409

1929220475492752634877422849
203166027269616115357088663

36739976661830600295184727023
90832643044988460712261057

11864188947010229434170711731
88388748989997121192911463

50459235560809888510856844793
37122783074774500154276597

8248307841370022623952494123
308539180025982842329762717

19065562847178129840335279533
6327885822575716904455919

36423869429479402536623495957
156072346129907146861876289

24837544152362333043849989941
275862328395384283999620761

12744654904751669236969064819
143372016687096968010862931

40855896843276874930081864051
298061698520305084092501451

57578412179494622993487360649
172401478221322417972736017

44123055720255091454623956397
18291145016697655795988857

32572777394688721027509590201
266812983650253963681052949

51362378477218204986133162627
252130661617281188725295567

1976856689422557107515641587
253289528071488180193850723

1864141386006886704835757687
25929290933434922113586507

12162308102612438741358633463
155995835771079462135403273

9473456335051787754962368631
126472419077112151284142883

41608649013947486311781161189
301895895729480100526340671

45301117320839931843123943157
159136070087177102467985419

56023830684516305736306401677
22823375402904471753759683

45421546858571576885524617499
145349376159829637192212181

25798050009929307059422144039
126649736057537792889719621

39679826931831162279824691451
99953917984608663199452859

9357327727208944543687545239
167505762667156829491047517

26241645895675069884953367421
85289410716972880711110431

47123125351439147940035741753
83827486365028601447189887

52664658228696629274085756043
20775569029706623312113677

7234647293745153843696933961
247851475196585550693914807

40903206160749757507194457579
38301131599590656746329431

5375910427963250465842840361
155074267678863403932884773

35545756278177312139508165473
88225589263555182797609227

71463842331232163359014392207
214042457154552915395690933

5728403176873883353358755729
224587126755411306552749333

39805121251004707647896309039
126411643491274582396840361

13059867376942056406208743709
241402237643057406206858561

37088382436315450920563279419
211966099183529956098889763

24427914731602406147387757847
243120236832496104039950267

15345255621399243815873484673
94024072719919095490832857

58115612453041738992335410753
276246073230733412803025989

27295147433216021441151757231
106586192602611642780058777

40632828911621831640033013027
45047993712686992875215807

14872763684294530903068627691
161115838311134462236681801

11272864208689907248552972771
45682046452669195257153581

6294391766805868041220016687
224514595108936785928262957

58832813149682103644386072151
68571706159773086757532807

39733036767099571315266514627
233941080918819639600495313

78512927080479998914297147211
156149927516157778368533363

22094368625030316761292938861
153915962618268045751726427

41809293757955276198852863309
304391047119692955655393301

4779122693086690173348740993
266122962490732723998801409

7315084062648468873206296097
39988688415332339874463829

59202221063948123820675769813
89399863611823318059459061

66171549923364716314162148941
260710571116364901975067237

38245562088953098873676152507
251441841021465988568412299

13492598974549649038555817249
20138407880528431374020029

44535813821124068858161970533
16083810173408734803305591

24382602636160555272557100061
211955920395843777638374189

26644128012619899393950808089
205324678578037913995706873

17847171162372492353398157609
53317513923765037526489671

15991073921660136869770579583
186738742359169617806464321

62430845021891713264694510213
71228117152477654188796213

1078667886086522615009070149
77005732464896028011478409

32029980437446482148893629221
196403027141742733424301127

35798664280595609064214726763
291289866338256990542429503

31282512776645939759420095643
98606861198886571459845589

577884188613580374754760027
307703475650408488639013827

26360595739516156865715011179
305449019864276302403929907

47367407847751626178306229491
302980552339850980847536373

37600922765899966713144796889
240756607749421971454049767

8933175660244794246523186033
61381253030716695647854187

68243534626766042231524669123
269031345610159302584214973

6089683273019776048609484353
84233629539017408348646427

33421727431208768202290538613
56651010962531802683129717

28434516475708208308480953127
109834455522952189050479699

30725803024162948340624119601
159299917163762476525233893

