800042367667
103

1041446267353
733

399921780917
2423

616625315963
193

544306060789
439

850050612491
103

103735753949
1783

68880514247
3001

176983614991
941

11419602749
1901

127162778009
2801

222255685417
1559

445296053743
991

89273794439
479

635874722683
2939

825252649127
67

2965194493
1847

125083184003
421

1025350073351
809

461393101523
1259

389374619567
251

884422267321
2131

218973083671
2621

861383898433
571

11228834299
17

1096117348987
479

417873424429
4079

620971215463
3631

660561436363
4003

72769469789
421

198831460727
1187

532172854417
3727

22805550403
2251

643989075427
373

85964356649
293

143151556661
3433

977606970089
2027

553195417163
1321

962255441723
2671

1013321028487
2683

70627317119
2557

210701021221
857

768821141903
2969

637039700677
1097

217508438261
4073

767382720899
1151

539917442681
2281

115620935029
701

975723980479
311

316183756853
523

470115925663
1459

362535264491
557

853948568267
3931

473743947857
1213

419694124693
991

254577445511
2111

4822510747
757

1000447978693
3929

87912507281
2713

144206152249
443

287040601937
919

308552371597
67

50538432803
1559

935600042191
2477

593424616669
1151

739422395417
2579

652495308071
1657

1017176348563
787

111281378093
2027

328847444531
1063

765560731363
3691

921910996529
3221

868569438959
2939

1093236270299
1933

876363838703
197

190126282309
1471

640911141323
853

240473471759
3943

130460653937
443

295960635547
2963

587097988639
1931

897804653623
2333

983630583821
3089

406613032751
3539

499056895003
113

862017428047
769

258482627647
991

437325239669
1153

365720374879
1123

342604049629
2777

107340911593
1697

785896991021
61

723453436163
1249

628695345287
421

1021849308917
2251

875767231259
3433

994696212457
761

872383673999
2113

1025598283219
1117

311070290831
2503

