9365777040573571724475652453
61

23536658893425483241916143193
173

66881848132996084262949281917
131

45491459719306498678607639873
227

10251101236357015821778049651
43

10735013334247807815538247771
7

19672030161748679440566716653
113

63418439090397416363469153109
97

72414609697760138936108278277
251

77177161425014404291912438231
227

74698849232660780275266892237
73

63518505882137278167076409923
163

69104711642111231640303781547
157

18584500125383410993943399017
17

47774338382214077763774930757
37

25038431658591781549482335113
173

49325711675145888746230073809
19

55411038706028544590678390941
149

51875435044723867390981313609
47

49208304055479781594371027677
53

57674001316627802803763931407
61

35203532120436299338911665839
103

58488175920534624454536035323
59

49885349812395847357142072869
107

11147544026396372020561589617
5

71570984015767265312642059117
103

40453826929515852991780901503
103

40691804106543346197521869681
89

78274023528606588148071394819
2

77917531140602333413282549427
67

36226414795263313183941116527
17

67646421221553220450954301473
101

31538438483238622718160876139
233

13607850430917180619053387173
97

70650944581139016660181020593
211

15866196019590129018971774893
67

10529363532950820161016709453
251

19909921408673613990533918689
37

68346423627963030542331121253
89

63496029349737511695223657379
233

77927760660233890748732405311
41

62452976815484235540533968937
149

48462519623767814859529397821
59

31819589759789887015904356969
47

27776208819608112210994911923
3

77199222887774110068733927771
227

5228230191328594213577716691
139

22248277607880728564777618479
61

48902523932590821276823251547
241

18107044418680963792529273467
29

38982401643727066372177240069
53

37896066673053275597777860457
79

20285615053365544657032333343
107

78944106370843084370491908329
179

64805139928952668578072199337
233

28429081799077322522241698779
241

41484999435896507124143898461
3

64164938332428285070119744527
59

24502760612125306806133497569
157

34108075745437789877375813839
239

44336174637837955582920498413
199

24578816127385815572456555527
131

52579948258563613878467804801
61

17144540578309081088222995093
103

58237091106698487778136617727
73

64413326568192308541292765481
73

68995392448293656472027589769
137

41551191014536577165490058163
67

46812514997898049717562599441
19

18879795885045871380560183867
239

1986602575195320366919286959
67

76999474686940283412161064857
43

50319127044783792729090970559
173

22225553178321897570750855181
163

39932002807467997386096841937
17

5358974455811227074337843151
61

6648649490378641038696694411
79

47462310636841426946640853867
7

54565705415807029156966376309
17

60018140014094329912492175531
13

75027850934090969720723474317
109

68940645245640488962182916237
43

17071491186497401814439810539
211

60959074774064284015063467031
223

22228114321184744032686671701
83

28106012578431747220504953761
79

18847435559804093752260938371
61

65510568715634365653317706487
3

40291304673942342553087465613
197

68401625085138397117824610009
83

12759345555765520197136691149
71

57489252021483330690195830981
103

65942482174936949391675497231
103

25469538366130815679812156401
197

18021423604867876334085394517
59

29663086570556087119214766329
23

33940475784409314003031585391
59

47343499560418635116153126941
59

31401663690128241956430808403
103

56363916605333854672607833457
239

