179589376085389124449177662519013477403812316327
162965614744516112665324491542107815152824092977
845739574508929543725096220542669588378761217491
459498549257997072117141257375051716181135455133
51043320618299026799957345024983974752711544413
3541589123768835700464506902042618282744608191
50780240713757052010533273691940203204242116243
2466011881835436274367876436663970807335487609
258775825076606188770309465855507069181554913991
90036304862929390252226891099513151600516609989
141602513746227709835874262879266646436655130159
161480629396525142744863303995197324132964590869
216767475320540834035180979537981005103292556541
438068282110001500276041956500547420445533191037
91278806431582800084077518261770115964314453027
148335892617505252289908859552536568216274251081
170387561227100443419842687201345261713758954353
582484903198565074734033834909906640321025089391
1022521266564446517978965173310234010866464646677
927328572741262478449617206441113649101515611443
337883536529725944505378283532739635609474756373
44561133265658659893513895307806744294006341601
249018157949413863490691082989853892092398030869
65402782692897758797074574551476717699055334541
148562767871040643357006699439736176460985435481
85839177813875375636047705249099423584138294569
422799462036523787346927914755533172867700185757
248751346796632930196178013371555153090136022819
586691531131092916104108394297069038457776151633
97074153195440899343920056767702508492830309633
60275595974347915832692515970917410250713804107
511128671495508365168204040091767391814138267441
333923146944664756146116520611145570758748240043
1157088068039749567109660682036033379817205331163
341587657138435913257418259547953781731813982027
744733922278854181971540603221004628853948254981
303353241790866024607053089393225487939248334097
20935439258287143182208693289114930139095789451
183754026854140093172021378449730580701861466473
664016731152651177904785101831712023942269999603
191551862527764031950046866276206186918486212751
862862650147394464309657200041799580822464861337
768080260669130211337133416125822921755924492327
369552688874398425705071436593329843171436817827
182018951918128575865398439858138229344152962339
110113246935676725342655852413479672957807640119
302284514807078149418579436092020305463562383141
19788127135689277011052463958340855838475606409
636249532824640414222335583954538272078914426517
116772998315276886026697540544917133853344601099
500071902644893714253040547787013691675011524429
60232770236918958579711955750835566388775715847
468008052091314833433743087222509857971261448793
259935008538281180862282597333811914071462474033
181062832252000217372597273140188291982965636227
112949617656168512382425180263401838615784390651
1134826858443670088194818380095885610526345859547
272341174010413894279079673080119119622976976047
83261946003067428955458844392129381152839789201
99380306606636182661228247480698260552839155789
49281683470309047764617768490769140834990893429
19531062987316850609149559702009672199066796547
368008128664773378228216885803108316625766374381
433776755671476187012603947668833994605754369879
527535845303845856783263015125380737352953745917
117863700463410303708144734982404734086247480721
523394911134500033074148701184044417042247515019
7649180189650490866340751076405068417313099841
174199779030999141244361495531515277526486597947
238499223848605927223503743275387060826496278143
24383833855622083076910884052422285875559041763
875240148808776346219902681335215855274414171689
142075354899181826299791217926729051503892731
29706670121653681943676431909084563989261897643
407378128584229358535131149706434296468287704543
786681141561439522969596200474375542446495738827
206290339814553774372810980417913952246527444913
59083414989309827981128778560853172931850214253
1193198473175932211242171926955908028769554211039
85717398707587804285135572826799705096037407513
76039773859812507117879261353738525508661990013
148984649581584013597849993170851281726956819247
20349643688326835862764714765237383115375618183
127428699056891484381778942017039665073221253727
885424895503830163153524880728825245693134043617
65495057474998123526650120154766069757802332391
36314907765680372175326731374195815612754916061
163046091159253605842534451989981853574163411849
145334716296645149988551511532511933986706123267
10459416991963506020957390864820432862192655381
248269967306319221915366321675796501249709438693
3307631743858391668657971208935187035301047337
612937802574249710338416350304593192267826675469
297937926182086546002925030908436507587128340229
530300885643230244236380038408336792854032519327
381607677929785107246059345340474739031919939109
58577634905214738729448385960634503665920159103
411430716469262551352920784153413223863378833409
140905136521585498827350709309781065973778111867
74246286269196936616020151900889786734443360409
