631271647671089133255626922379500889
3730847

255506858123963434479271162538629751
4593037

116294042060238755041859531842275233
15256471

389605518043119145833556960676433563
5577643

1239134606442033252809755012785163693
753583

1280471919071425814864072503614081733
13330649

1117811680568617249636849519782881849
15941753

846925602044917069138973436689266433
8342093

233319966607658807123592471009684851
13710877

101083358608824526540576797202754891
12915209

1310926241898908386746522280482499093
4468421

672898574446140580830302013020077157
9805993

943473254531435953899550400244913853
12626851

1091097449690839570878324692150514313
14801879

66676940604044649541531283779832381
8439269

1110796923679242665815742786051414143
4267169

931859708587304728165074420635875483
4792409

954035213136240190139983233321297629
12088033

1255401925785591502323688232672978839
7089143

256774919784149445473487537250189067
2371991

550824284620360708616691882461363753
9411487

295897889510847709929117232439846173
4045843

537125618438449792304417044680707579
1267043

1070158616654359968886129255053083183
7532933

112629957081621695523872618384070991
14830891

628528815744830906263273450123534661
11629679

1189325853444447390180725278476985979
7429963

221037244457841005042839471330083953
3017033

1019463894001887298527773418559913201
13518053

222938269821182052364084648504060117
15017251

1070872941983069951393458697983817023
7814633

687465659383476108822753200382767749
12593393

714630638504744994773806593820996063
3457549

941126357433526344802577146310494337
15483869

969312316820882260407248953112329163
11020253

414777511191658686350833352091014441
7126289

924995396287284495180703927959981173
15278353

756623277206750137682139657122142961
15472829

1173584006224133552489027836938897827
13810567

557271883430592911470835526209357023
3613361

1231708807518101677290961642727903443
5695831

506184353238656723920204410711646519
9841423

1070373387179821818585096182741408489
383909

636121625296555427457227696696880541
5268647

1258314629983515739246133064331733591
1706869

876223013707904020424023433836207783
8652143

1314789161535846852233053397692784887
14926297

43551271805846697599210130515975083
148961

1048973733128482446658312958634876691
13481327

730004768437696530499498980325125157
10202537

1111604831229917591661479430623400871
361481

549181610329409441112247560557029363
13645783

912210502923512752710016444283515979
3143533

774296760993903521264823210089588059
11955877

44370366758452489814055364894580507
10597669

468194955154883971864091075178334351
13750747

3386900378763635043161174938049621
106823

18115218251809977189307021916805433
9761461

279682447455843935947165065728112073
10134863

413069943594644806056726929390417209
8000413

1047645644278124632136221511143091357
10668521

1255850551075294497852195567089484221
16064219

1020896885719342432478060434918228003
2671139

1187298137941090044556375020228142837
5865487

807322401281280453918689755687263913
11714323

717866198925777786078740311938116611
12006079

802655778952880103583179117530154569
1738487

609630405880673255833536192378059171
1093487

93262838057583425871013140852798131
2561653

77091993396649119169641046768023367
2277211

844999246632545404422924645858077401
6419011

358333428760117944834452546349397151
6142993

412595730924974485621566347144006423
7923427

1139240657312183043081749648450646043
9398579

739476042437773658701759235110201991
8866441

823463273007237484379508957794818337
4346393

969349467811451939385296448672402119
10573217

1258540640601094539173509948522631657
15635827

988121460969629096356993267399461169
1632679

1175909614902874194592254951239407741
10561427

343786460039467736277573768558589273
7234093

36298139799701219310166413056984683
5739803

894456557166053470641503344047547007
1194541

630796873121007074221998812752037963
13253477

293417786976544018003229230744659961
12172817

697933267684491372717393156804146819
15713077

204981474247294479906868108215193213
7894577

941302819226882086513455573822623413
15397651

389355882164112641558783371953513233
10066559

582527000027420515792805669359755781
4209311

1219206161907630362108602799410681081
9953191

841556978671791845024710193060055433
15636253

298333903496472147242811270523692247
6091997

757388193994893109235878855083321869
7007831

1012757013945362451029471928412976987
14018239

301803502784589249524596690792319083
12377399

473480570213248372560660870397040257
3255319

375506253906549795543546168073634533
9144221

551215511406937348747405205392698911
6109289

417398511661434476102742550236236939
9613213

