107007678031689263
255589101540957593
319224110384674849
258190664016921019
618343885454630549
55356843633385111
269306960273310121
15984318752378329
204470593686281311
655400568895778443
162439707459521111
463522050974782171
143930120984611981
127281984765535841
40899468438837247
195774590803878071
8666105383909469
59482861500439253
422061966782670371
19182872847151709
352610494710517957
67162296624964367
364848421439360147
271308600467697371
43251473902096079
187899741916008149
221268365205728809
7757778327912439
654904668624899491
20965321832420837
330202388884164389
295493149169277149
153454753384955371
256460844935211559
116833907743393013
319787304733002959
22561069881960767
333998091501681301
6709649709197417
112269489888246907
184206760995973549
493164684463375319
326495782788016273
139841439179873671
380678781179000851
27416870258295461
14606854852172917
448029989094361637
833642115918252379
240312428156465009
37993232123868199
236990538283216807
618035537560487857
489308873779338227
342652133604373427
655639060038757493
323738098109581559
230960994365240743
362637855730583399
32615369225333753
14864169918731117
237747387089739749
123728568979640567
48945273215553139
372220313444740253
582124194984337363
137178678819681397
115096072870907003
275959819752388117
4207681798496923
84660098061409313
82028304655952957
175931137015335389
168731710658214101
47223784147784339
534043107126867383
210850399222854887
1041082183056816293
21035980684961173
203727064396405409
64686771828403129
482080022751990161
628965961266749929
911695469451674681
226623228656679703
219329616193867957
125595042800681
189988416457850669
741868690961723069
119262974228116753
274396028887707971
760530043974762487
178486513151071327
450113364261703159
547254053406890041
78947595108974071
931749872112051451
382615481608041881
301646546205440801
133359039300221407
