3623514823635890538529
49548376292659547

865088374975208726059
28755597736327519

2509074364443636433231
58212420953663

4096593545240256540377
17180996728487731

1214133178262540135489
8356190864553583

2410710579042504532961
63120712977607897

1373294505114645526019
22475885434766611

2250063401782488856373
58123057109985221

540768509754047161397
18239421300925483

3228744459203875777073
12639692278368599

2557795719042385913087
2173712682121543

882980687063981808727
4480712389225157

2105757337801217706871
65462608751316503

1133436945139143956053
34399909055280961

727131231392687609443
9322100939874449

3085315114504605850501
68745106454974091

640181793268395577301
63230185841765281

104536978954674402503
45643715357632451

4361924532810445924553
66548072971183511

1775120535574382117101
32653559535896947

2405614571423901071197
3124959841163983

4615111127489323405313
58899567453799819

4149947350745001255869
20429301210033461

1039095247124707277023
7364611128808253

298354233052936360847
27229143288699241

1855175327091539326327
64898045258766823

1641799109643718653337
45180970996787789

2516169574404192352277
22510640975290187

633066755974438647179
30871872777215623

858609098663725058921
4178279480510879

2827716527301838952683
14887396659296339

2354451637453747618243
70817768484119627

2553250255880981291309
49565147016966863

3510236447986150192451
860883878978623

170289640506391799527
39448235747884699

616394300554880163191
67294964410911401

4721049634740097458769
9916767206830427

4275960588150047533519
8604260481738359

138025304338030109633
7766245288356161

3050800212808401348481
68413932406790759

3179602721788160688623
52199355950881907

1781744148155255252431
14694008432888009

185863846641880712819
2302105443502877

3145205351461878190879
34531953427063927

2882060211167327412659
30343088822379649

873618322309659137909
18382267932273359

1670686487920297130923
45528503695665499

4608212584420239142171
56854265226915521

2888866514437834043951
70465216645396673

4485227837659502917037
1287540607781497

2706475692547539000383
48544124455529687

1333840806425815598689
56812831429886881

239611763431100494373
35121955248379567

4112891076306150981763
41911276751823497

2805170887313221004933
68067772984456393

4154881978946521601021
51895232076196577

4419415369601661569471
10037893015543319

2355877114594572740741
69046277474427971

3663142694050781439269
26571384851638229

3350571984646533859337
21070991965408589

1145391395422933659629
44374282067097691

1851582979442890298347
36725120696633653

2254998652289849348807
17893091823222403

3641136370247742491267
48834322382884123

4216665214311494653447
15908604352892057

90269421600345677381
34619020714475809

2343137458664768402107
64187396060831789

1485358931493003836273
53563375561188049

2996969770366088723537
5740919705285753

2010573903248007918101
33175926619542787

4173275039884252267997
31477318841271311

469249535979220036633
47470730410593929

640925570064633433303
46889709596564983

3043268578134937495697
23618965173504047

3363765887723497429483
29472958318273573

2734550711811993662011
48408466516167353

356824283915416098347
43122682086400927

3668290003882459366793
65057762943519191

1470293021844009238669
21629287912060327

442712333264774006671
43890042106711919

3386947584875290276121
54036750785097889

218095176351726126373
16014655247667539

3874737747237377086519
523158878288047

337810711196361302129
71432534624544697

583715222109192719027
8206813554494017

3395296664751175279691
12465736033585139

2017665196813759414981
67579314432991043

4080828204091387714787
63842762668914419

1181413942289802675317
68463965976703991

513630402463575192821
850146185931233

1135740130682882580379
43427531868846799

4524798126105886622087
35285451015987329

1149303465060214356623
47165943860777779

3224985246907292507629
491931958581053

2562280644819026630489
19126505682035237

1823901009935296703899
30947016496886057

3569678040572760852019
18472246683111743

2791349547654762840107
21300779546401561

2219761029377819879719
35009214903900917

4524092289442573099151
5212534128588191

