240645399024697
487307545243

245854562391587
598170399653

134857044651877
663922337311

81786204491489
76815341249

14774085467893
50987300293

45095780414119
123899779537

58180841494511
1089572151301

63742161249517
190799227907

209843798373431
560662115171

280522779710729
4785442199

7211952020747
346357573129

55718521508861
695384708461

124744287611249
453587454877

270972353966773
994072178453

30678710853169
968640122693

24727763809211
304401272809

168112554639919
916745312729

26631580853783
347109060307

50456975033083
837150626651

222544783566037
1091291351543

14428978455407
832271709121

1232059254857
539844715621

222715221471011
812838756859

136592782562771
917133116231

1072983474551
200923442117

102496201198007
571419665023

36127686731359
1070330577487

135169945078639
110713882549

123387754823363
1064541379453

15975926628853
139643538143

63997491705431
1070835342053

120233873888503
245021809163

249139577072959
56382444403

163545701289911
60883495811

38037123433679
264061325789

19418903854993
281123361329

82211669567029
398933293937

189717199744903
324360517861

192620825654857
912470401

103368946073857
11746453421

108461735570789
383284329787

53712210569021
246156115523

243601803719783
220368237763

53600044433987
228606179297

246632464915913
695285048701

70168555028057
920296313903

26796977643577
247424521633

258474292300339
931462162901

274922273061389
684217705291

14675495484241
852197894137

260983198090273
220120279607

50186320836103
505809823997

39963944110061
516030163711

36067289436413
22405762417

277996665616807
1040376612763

123333665485741
349791036011

63946683561979
262698619187

128690902697741
764605478291

136221996491891
478207353523

39280753142453
159371484647

203487123233039
619248475343

174029598854101
42839747959

136268179013599
538452773893

14629568231111
846888041053

9196642800673
868997077733

187181687591291
785748316709

176576440560197
70982263991

102426492683693
118077733349

141573965208061
47806245089

222103923700667
256727205851

216810276416969
514740422177

194276198238113
192904345163

158159833547167
693507088403

258366012936793
408737373367

272936633564863
560402137033

17858807767687
886401291311

75985435979521
419847021431

30717870701251
532424799629

60928553761241
1009120843873

250864542416297
1003067138459

104155275647677
1082525099437

60942150615803
468938966701

45851003420609
564894278407

57641055861647
930423015983

233714260622327
858260557811

258599855558021
912874944169

20316473812711
29081993341

280535150171699
793141077881

72329247434497
1066356574193

188170032527297
659833237381

145938762272461
250775375483

230417772194957
237895948711

77583850057969
776500004747

196742892136429
597503582399

214414734868921
547982077609

119792515474211
334416714521

61821229988989
404380087379

263980242307709
1046886866327

201259420450691
759140917763

56710789985287
845558785919

