37379625841
12554100277
21030535283
10764543619
13957491643
544231517
39870438193
709229767
13463805457
37173675197
27609082973
25796722537
25223856599
43664726317
46321966879
3423204667
43488345401
8632841053
36235871453
260399119
15138379717
7255464761
18622335607
103122679
9974344987
5152022131
12573785683
844201415
7044545059
18978684089
6753160807
13091036317
112931002
508311551
35792633509
3528892373
1531041181
67819841
215227119
53051989687
40124597231
4512492343
6984713927
17754270011
38222401033
51693223849
7530312593
11625192091
11177969749
17232088739
11728586963
42217129421
28394660453
1619732627
5574161867
4049670811
1107071497
6709838981
27302548321
7520474747
259326641
643568097
1788995927
423657041
371940298
1742466641
35001409019
13590616861
2758234601
6866820757
21272942081
4881183011
1678663007
3932556113
4338494731
564905579
6676020017
19897627847
4187987821
47879825761
3479470427
32105987803
8123223601
36944343587
3602989333
23793967723
1467483077
27237244913
16412883713
29963413171
1916924323
2655402049
7440148213
9940120339
14519520299
2780584463
2438475983
10829271821
11523521767
2813473289
