62160400250213164286573
519399409209889836232669
99263690699330681395343
25656964657059369603091
208176857999310462291437
7432666619614179036449
373149402919256628062873
333878995054333899323497
179727862945491899717513
104160661045137220958087
199034290813602096028133
166654284471685947317539
28095862769457234398807
506520186091828766274491
59230959308242863210233
218800879892767501230851
579573569017369996509241
165364153332281245409621
64359414314772524917309
160995911136198202508993
211785632425092835808003
366855934077453441940139
49916886749863375906793
241834839851809311230713
634815662426270308640539
525841011487716729454963
49133838141014785614121
399718692002160345387689
276018264966568361910551
171381218322383512761347
244649619560582272781119
13229859085498508767063
95843532903632460845081
1124195635457517845355377
515680865229283469443961
49679427256622021504491
384123773429317272622361
225336939562530379477819
660447111334052375055383
60798463227039052671823
111335238207081277797223
40347083067748632018499
244399759028229215106097
71625218870119227598841
520719712892595924825749
529258899184633299334013
405284643247174833584777
328697842472915246082221
151978477303766913565937
432309802230602661531161
6720078460380370002367
43949509632335215314139
40470431039568904050619
210281147375234384409959
239688879805890830238607
999566964108232480087247
444812374205781303469271
176025104010080777148089
97412560392466107679109
140214331078468105939643
268251161458720587785819
183523037103856581735271
58088856533726310269981
448961783584762228299691
64432410204343039281733
492617846956902805961941
63903763887911871393319
252761128881396923156147
862841974753436760527279
660407154899667461145631
1073789353486416199043353
28637238756456580504483
203757512444883017617189
61498109881597638126907
60839170922777957338991
43325194442837838981731
700306635069448264866559
79223684981469700297771
31545847031965357715179
157738331571963694824343
124782978769361425018789
380574098174639145144647
513542135147678140720063
10287469814098832406911
196272658144180791466373
781047766276648221475693
600573118152279156044761
355273640247139685363951
413066811354671068072069
7689578966548946777201
183921886892746170116987
510557014266221774301253
285652486307356685097013
413586703938787117720021
10943944177168898098649
575388972687262750252619
7306278457339362903463
109249039609988394467383
584618156383543318550177
221494226828668784028029
