75613579
12502339

228284813
13009823

268265653
15060083

196557407
7927229

147044437
8133641

122158811
8351969

37473109
5424877

89312963
13963049

87184271
14305297

111255449
9754211

4512877
13524011

2642791
6183893

216413993
1686137

140800523
3581507

66278297
4952239

265996639
4504891

55229437
13297759

121973783
564497

85778237
7738849

80613607
3025837

225434717
7690651

81628619
12735929

129148493
11323283

221024567
10072501

144808117
839519

145331281
13720891

158479927
13934933

151944031
7692731

229281077
7505051

187296377
13867369

131463817
7812499

244912573
11314627

112604087
8886503

244577783
11524969

238604449
14677261

77527873
6073657

51927233
7529381

222601339
11981791

135422927
1679077

5262599
11885953

177964379
9446443

158598241
14661781

134733587
5453843

151582831
7715593

135633287
14583559

229362829
14994209

194466557
11962217

59948501
13904171

54537641
789979

35320853
750203

251358647
2707091

138641267
7133509

254391439
7552801

181301503
1082099

156606299
6539717

2381231
10156427

8812117
4586717

131642383
752149

149081651
280451

224125793
11615347

191545733
826037

201367399
999667

17077303
8786389

82935421
16012511

207718249
14947477

234915173
13680011

36391423
2528411

10783537
13213831

70291139
1159813

213997393
1965893

91630313
340183

213997633
10176679

204568853
6056773

97016609
299749

259183117
4722121

158800793
3491447

20753611
9135121

35191291
398813

138639623
4786079

112053091
8558659

49451239
15613483

282827
9127597

6681491
284741

225629879
13593103

186502201
6132233

199040071
7230761

107842367
12251983

116052773
1395661

115696787
1120051

23785247
14615063

161484107
4240567

176981621
5306957

191929561
11660917

252229657
14240047

58510343
16574633

149433563
70051

215398751
678859

108120913
2895229

15097673
7593811

125766103
806269

