233997070134583374963246917680693813
251

608255762942287163931023984770321759
5

1218333890769293768952769219683972049
151

510504462570579020366620089342744251
7

1200568221778233370906707836349678997
109

211016544844596071595889448191280683
61

646308399697710925871068165571166161
193

330413787354877473649796384995221403
173

385972376265812293754326829151898033
101

1186969629643300144313483815221864959
107

950852224485684311206690045207322179
61

758796155867983698221541935800898233
59

202017129082695957887800166113600961
73

1118297722749602137795386955039914721
211

639821438599963782587516074068834743
47

1196668648586822424233921512048038001
241

77168608503159858155513235935199671
251

514709752693100666117367683825955691
199

1189759239095379434013661167095620697
233

34063151816929497834704370274318069
73

469712751013358561112264913417929287
163

672668570723542451090843043948089981
89

1136903868614703105909238246790463761
157

602430590511785429778255967428223927
233

1089653573559515992566013440547789901
139

1043443217051319912134369272130291123
17

57986976854521318094879128557731741
17

819673000876771321996975866797108207
17

100287427325497259210182851936204221
113

486743037402185233758530689670515271
229

1271630996735524208531318146995400841
2

216904496599047597795329929420187153
61

864074795437163749253476089274371299
241

925200341520874800475120818618036677
199

46708281798769309410031518712645159
11

679132408557301731832126590226007893
101

384343892475331811022707249859028127
103

943903364983802486614975073167566257
89

580290137419450958847310895121546841
199

949632995162835613689502005357825101
67

1136885456755608795990867821350140143
131

1087255316795559634959230118523586431
47

152463756301745387422135618994124871
53

725219613321588230253459632566678613
233

1085615585077981234842656428209915769
97

640032541781907683248726913348354057
127

1087381143955455441727150599779775691
89

707955525957225607408665335017108313
73

784828121112767549543613477348455309
191

657913112799658865807514534091112939
71

1219572087560143229912087777173622861
179

208815611474298515817868951322621713
101

326706147083169867514975384686987257
241

726703831833144558992664679233757087
239

92936426171797402447889329570884893
5

1324761610845863891139586027959470389
41

377335334906286641762453519117263711
251

690218960941027179815559990556147907
43

906942279282362191035936369553515029
59

1171032783288273634920619725893835277
127

804084530708800362007292127718645871
71

174783221303585546100049215856867921
151

381133506362593631163920321389691081
167

1163038779143099598757474876999559321
43

1050162002521407680131882872550843463
101

432698643154521351116904372032448517
5

729363253912485415019950755754068029
193

517827587117652653017571524377783781
3

657413570334628042581247817188993787
13

681287611300815539328348699500578823
23

1091185451189546026026741443183433373
67

1037615750210326149225672227805635477
101

720905953009203987881303113383131639
167

29395946664131854331903805724656119
163

935202843677411467766552022970422197
157

416765895489430023238215715484712437
79

532744561224892073706626637192174991
197

1024632893376862279560687205099847201
199

727286974973746637346816068873046889
173

248193514512370953418435818334877143
31

267997718264564137205551761975878033
163

311695668651874265682763190273414879
71

262117005635386046742724434408183241
23

774869787832013277068506550200016579
11

238556947409711557304519617521206077
3

1101689408165501905324502483561319247
109

840653523890632879049022380727145967
101

551338807904201736947149757130585521
59

1316126917877167130375979755063240681
109

480637067221525502688230280709935581
2

725399879326074228106976136318087989
197

427126789438596969151938573238653901
19

1173900708468151484325926413635572213
197

1158898322016437181314905364463140179
149

464370862594891798218016401476211607
109

377973383716106911228857390848291807
211

366976933495558685091165774489918131
11

249090999979078543205530171123744141
151

461042694579192797139902729639168941
191

952087199627099441910428816099027017
139

