11977362680082683321
47

5569504706421055061
197

8407965941624311009
41

14803451146516680391
251

15300770957347259413
223

11074441826472633041
113

16702145014486476983
193

6925338436274582341
151

15005027683948205353
251

1117243236253450903
131

7158475293566436967
137

7211960032783895533
163

4132891972550903689
233

15583440459806540203
199

286065407109882329
223

10530044935867196843
227

18389729763764534957
151

2101684110707690689
79

632424545461025909
3

17856551460577814393
233

241527629978499979
2

15679067862365887117
193

954298627067563571
79

9803490543221592827
109

3677929850384573621
127

8351362215642074687
17

465431271495854971
173

2077215357781352297
2

6450605151418833787
227

10279035630790376903
29

2667287041334307367
67

687431344487605427
197

1755546678808765939
223

17532157521917587739
173

5845885922740526963
73

8862801865179424159
61

969641677984035157
173

1551595971031586383
163

6534674982848314363
53

11930417185561370887
2

15660678931661809543
47

15194119508155301107
97

5515462512720432689
59

15556793493933322441
109

14664404226222583423
71

8706004510357119541
163

3484801136986492483
59

9936371772475790647
41

12939266077975409567
131

13398622527384626269
193

16308120785974470769
107

2821527511795387517
181

10158443188630081937
233

4564524961001591363
61

5414950944193572751
151

18269802410034727949
211

10291856244756216499
107

3848842204969173341
97

7846432117902565519
149

15086350384556581591
109

15789549292638808649
43

15963546007847842379
149

2051894771932048829
227

15838815510551619401
3

18126143387464386539
127

4113220452858150437
79

15120020251683797893
163

1024587270385743167
113

4606088661960998159
13

13845427330315037059
229

3346053039262671791
239

5167037604662583491
173

9952977137235476467
149

12569410620496664449
131

10623455984837254847
73

3718544543552008669
179

909610913376830129
89

9398685853209737713
61

13800338381636120329
47

11133397764927494207
19

853374064200243779
179

20726147589146267
113

16882145943167809181
163

4535980315587547627
13

12171725840118591869
181

7205614733633746363
137

1286649406385735207
29

4213216984191831139
19

15429970855681130747
233

10983203776517037409
47

17037420337423459361
61

4891730165507363257
23

9807587648593965739
223

12524966070541922317
211

10630927451768205091
167

5258289817023765713
83

8408339723578866191
67

15939902724298252177
113

18313344277983760787
41

12143376965037520393
233

