2685199429521945833680759399250427610033
42421888971300066028028466060983364354607
67425434910189306407721166198278735897671
38157615179897582374622466924328517657899
2955359699605321245134369639221287578483
2608499276566829294377147955464099997141
44696544394766390741685781668997333406533
11297334347807078937734067692420039727527
1756321265873384416743640049499236922827
61003905416961128689378198088427096273589
20421375507754001708300702304604311801383
2658693102240288757282040691271618027123
9063060721086874802164139193067577782619
2752522936228359688225175426439225869549
14188437694166101011277655274008648201867
49293528709753611667293306300351972957767
483389863873530505788284812622262491893
31835978994613754210666777661476133504089
33883695228490450988532643973154999296441
17717766547013151707198323649600819550019
53923242006930560155315685924410257495439
42429317912821206953041530901158807853109
25353589891579791023335120042146903802067
12633992438928982157710232721898167879893
23568476062930527795380936278634718922399
10239004886336119477255815308934680809553
3182027707434271173261697606100825379673
42716262006557719171242517595457755029681
835583084476641670356021062785178012491
2053262789513979021718554128592401567273
21633211737495417664708450552734127026817
54599778760124652011374848538075483448939
21973103096832932855460695521451533186429
9478000917037390036932080635779762664159
642571261150935550520017632286212004199
61298891967624154669261059604857963406711
6398936296477916143934057585386483361563
51871387362345767709700476335127807415673
31995215526003239616833998351476694723057
4743795898171935733874275961190496397987
28853519233521202315078046644429231140193
79248807457956671863854619808927420824999
7513316919035180002541852050907160557263
12547603007264131211782892273776746851071
29186186980267032993858093043421187665861
11695441398090991604374192148264857148519
3442032085446206613701010420988840329523
20486187971563327079192987949367843823953
5523851159551366321659161830018311848003
8509050001176875525040618669335364128987
12713322980651224288928721210888044203067
62859746763849577479553202527602613395893
766352714596253348976030955502694593591
17413189608306329443871214695257733400317
9145575606900366682489260844747930294013
38680569612328900859596901920825593811841
32752841214658128341335713740746845950687
2939528584862059926569364100271426965301
18864393344338282906134784762104019669153
4036891654472433585285908682844398571199
13681565563141969509058896302560023369371
18622446589443744311932932302531028652121
4800937192288781254268925408337014309581
26063900496800605165181470082149572466681
8484551286134852473865012266598075196401
2507233596387236917986158828568589972667
31860471627578214888649907693423251016591
27388873898272074361645247190023899036171
52485652213281760660654857490958003198491
167880259181236193824104975826287514009
3824890252888670558246814500505353736043
29293299540854592733432575496496437099901
58397437889845471451640858244246847479681
2400664343075531436426413859773375987237
40073167252723303415076229328677031568059
25802743877696642362980754292458705424531
9998157575991827883362339136515997067097
32904473174179906121434243892267534530099
348678363656945015718073491616371730651
3413718486885333947246756887903248205877
61969548933399689919195387449430775852693
14241600385882988921332646720525278543499
40992070638312770852567154754078048565617
38063547227124779719139470696966253132261
882851929328745808376867554093931991341
5015155330964152385769370259620011552977
8936742740849950269611338406432554295681
11737429038941189797494143434405570713071
21086968094573961615559451278043816682847
10390651608566616522201286994849484546647
51145027371105959155175989712735613218851
19114493249392700683058981986872543986759
5357011094115717980826175432036667555573
20096396590412221526320897541151688906273
15042541861169017670906495081401384942649
35074892472803943613797060219062769207731
18466798381961230118069163536556907754869
628564164059893505897075666748042979409
4644899188817061180196205281663055107747
12910100918862729155703224842371712669493
