2251107913
364321

1681574177
17971

2904431791
952813

1005449387
1048219

2569553653
1033339

4274743301
185723

537291691
521317

2074308883
790261

354625471
266059

1689398131
1015981

3129702481
234281

1568457677
933293

1337981143
492077

430411703
836833

2901090649
981703

2816926423
450929

2583203569
29723

1529962979
164953

4029595021
312941

930560129
885623

277487491
759193

557768053
636257

3652157687
1026029

2079604187
680263

3434136491
932149

185141689
385417

1591029259
950023

2461045283
604349

800346233
104549

172117247
956353

3666078697
957431

3775621999
323233

1320683219
281539

2213176039
546523

2234737447
831373

856355473
451039

2213666863
877867

3799176401
311153

295095109
373273

17545399
917513

805406359
15809

1504953371
389381

547053739
929323

1871467421
284059

832078151
938857

3778704131
337039

342127133
675881

2771795599
443909

3743837693
282059

2558293363
264769

743064661
668051

2763971051
204583

3870369259
86923

756520103
934603

2036593963
22013

2400742433
362521

881347007
183361

1657425667
189439

3101069791
712973

4009329241
301669

2620445461
144409

1883936893
712157

4007528347
722389

839726873
179057

2361172049
892513

2902185047
710027

3335020573
695131

1395676393
949211

763204577
952741

3307185187
226189

3090384953
409033

2783869937
297191

2481223597
423191

83134769
780697

1015010771
419513

3597778693
228077

1726489339
197033

3973614703
102497

3438933863
84389

1392116953
163309

3466120039
442919

830507669
501209

3330986059
875779

3324705767
468019

4208811611
56359

3087129163
979921

680857519
1041121

1415313259
374839

1552859069
724309

255978421
267037

2765799167
639703

1587798659
1042571

1923742969
784649

1929985531
790021

939414677
581767

3702309229
147011

1816560149
333803

893672849
264739

3050613197
890117

3620936941
963311

