626316639533004507332311301615350615499295580549
4362961195479860507764589714249877522805941617
395446458348137368425295331497572514563258659207
584952991887958740249528775001690841576589486289
310406566882226818085252681381406922670914375139
93964601135776824314222903245718613531023922163
521175701735275783327980728648003027801422004531
572087449390504653969222199951485328960361957117
587190753660509849494835826096588445120071806807
510266678618996568048501290261343452562692690093
692795871909894528222417765331721617368753530017
285941701801742393731843241931517505779269619
102741567088815975840367864810213827180942507793
419657110370518334454854179039070373194840466719
87913893040612121621191756214762339132815147417
50592533402529755670307588540394460695057085173
49333045685681140302352593647708545940385512371
609138375447856569928857806089178700888717543887
323692681119961811288025351403781890829548936751
5527594263644285735085836851872770800715549977
128158208164994736525851349431093634308427514597
586686303188564027472990539701186174886618832007
24947639274704311982176970023507236025731643009
533396319837932515700620316526058463989377391787
16199303567956786665206737768452474347556212477
597958261553259061861205003327478606900171834601
48402932422418080938414728731950468319865967751
104155445170234025404840401342338182492556705599
445776484960293975908460880251336684538421441291
4052703670519837266426774000664902720555617677
311667417568634007809499549945981873806515204621
329555673656042437615788553838178772496907979007
7808370438480028775457663756679452525785277449
723877668271101893744731543038771356192544259897
229863526487113192423361124139344237885610576223
24228330345569313262509376123181231943689372609
201016264512436021814439595982159762914463184917
376406060935184273405372576225205758731469964941
560372643780008475056255914293222699177112526867
120312505813944629915320275416642873022420909623
655326510814581768778098208803376745600102967409
178513759934606981244928552470038458660711636061
326176502727587405701759167663446361642100218949
35772543455751541044537706325552445352711009783
837552654045651679736907785948913640134564661579
506642543282557407457715088059576704284683654189
406099043267682526519144092542274839375557834051
266215578207681639939451404102320995503372929753
251478761224282680487626956579445342544786434721
666318618154842299801128329819205841519413429301
3917579224129090701001248747214926864351122027
559750712356219773748242279218472002839855749403
392440780033334740427834666471983049218554812173
146795717839529810603361939168797743031751281177
93387075423713392940181095768894333151515504549
489587026312021489429510265504349588316062688717
261179159924300106891389455689799013451376707781
86191275569762112080671046677560129740703268763
273822637087588365895565715598042146850103139901
18663511779604874705835078479048831339443399421
114857314528550349509345734119428012240232528649
813545778419691024571099101977034460204244003081
164895324476898644739531570841385999383759640929
475763343211917101693313410032938815994522398737
597266683087545345002223912466948842314493731233
203732969578663666630042068999505650420927093979
261227036748635758819864571147619724338038615419
223517581757373485783096692270223968762804460731
257141471027865505686993498838281349763938755749
110730590760260286970419202952966651739579990269
33774547869873369182111062623119671677957885287
553513205725518221619570339331086497825404962281
265376812260177937802902526202890399052606976717
1013640136334867124834046829093150025454392853987
121282121323438557001962607980149887860707224937
923318720322383299285903899242279329130039963393
26736668000686600283260853300057086670416951127
353304052111130493374130257764008750873224411261
621385092498333009043405657856061252577363883557
30003815776321335523352345225021424445047186749
218032161881016693169405538340564225628685261839
9255962536577547236307947718869393388262478849
410450832075632950541980924249022607722347351387
108820187642068556085675203702209162207957028933
213792368653536888930810758229482603968328028829
758834493848851378149087116234215695704288423
250181099284274281525313636845004282765235360559
222330404577288730854371867785728540001076401711
685367711439123360716559642413378902359686016563
661678000271967744816468352161122586595974810689
252081355891906825190009280240020446357854528077
276335011751317408133949863326739683015611217001
2039856952695376972113544481801971589986016563
1317761699287076355922783534288885904075673204677
333954524521997439226859745079353048029425202881
286965217082279436648991151367596468640307515349
88287153135671583906679395824070334113965791301
547279690164579325512644568713249528439184208303
1051862340121144297198954158710065253580836288381
846321714287824474040275126727361991021446182999
