5618267336378041874925864744515255713297787
646766954604346717100923366476189867179809
7328131177957141730764427449267032215029981
2122906886898495949490297285845669030368527
1660211891280621561527436243935833781467987
186019556794085554880351138464031459676179
7563038723076784069466811522628860269224733
1654886488867592226171544564558561461045187
2953712506779559477693169362998594042939113
6110610782447380558214966397769760743334989
1273348805966866028700691500835565955870383
1654110489302641171057544519177862571015603
7616188041438876602526959254229151038002231
4781265301573309527654426844734259654144937
984628106200998281232543873812607095646869
17153472305082849052276398645184028091685211
3855069590111711458641379573240200349361423
7133411460207768672384509034563917017790199
576770881545895909079887962678342110969503
3041835621644819480598844896292144586410961
181650744849335390799698653931342458037761
7897434393774262992354638177773300391488393
7291422132791074016120073416778623113195837
1304719047742400002078623431504231213532133
6317502160267634088303889128460327834891277
16386638101296004587731561289277787938234027
308080145041120438183695890117483311345213
6208813313350953721962529008295750684927291
9918489016551524167276666026566028617860027
3411519687889252909804844047933862745533071
3951327794496813827478752272951395899941537
2945322772561958700727308445563455002343201
12818247951554547184068619377957468126480901
2388254511792420049220189001120541521340513
664883517779251124098031587113314120694539
220384974335577806176329145831678606394519
4460210562354987320240748463272792433640569
5242297344259915811674175487253833846417049
5727305471855083714398442834877699951359613
371565538469777109509891976018187331169917
6287885783544104968272617471394740006688841
2394261889473482024091111427655167951976287
10870773938317365783915316966106566269482489
16694280261172759770859671468331869551305981
1142222967116689452642766626202437101468843
221666532110335985054120754573882963272761
4910278437527548368642123980250277522010299
71327935161947435571666959875773679063033
10908398271515283795232499989744903254752501
6009192393080610955202808120420020295049423
3227160953212167745657297815559763879596801
4845860215687814335801422368637567000868171
9247410690845948538648443354669059988535653
1995412192639161766988774680278395420969549
1129708185840703164824663666627065018960969
1581942432580470461441821140407454744923107
718087792142486079309475492890324918327391
705859708078677648129773954653033195898641
10445128262735008111398081360215769300369439
10742623333066935905928404201795095363657999
15809300108918245436231339612918571872532643
9358847839441087983799640106084258807131693
7760139024865027817490522991923879586416683
21074231835703539734471342562909347212002557
16261768079483303266134662270959762597610671
6246889339649132569414114417040627658298697
15632570588499105291286078928813432332237
7408825545590121941933450141427531811735447
4757501930802672552040466096388742422690499
2693758432702208984872564032953332608414641
362237905708331490035842077782506334931593
298501138811910363777407763947592777844367
147040923851300099541629586566784021241963
5466883999502418807754576859061507894361
7963488176983543438287984233641545663412493
7060628037979441361575161027213317553176959
3546336734268826340119945284511233126043033
7298125357711364328589908206234122171866013
6896935946802199818112812081786076869367669
9585809053164193384486506826699382780785217
13936191690781321711293396140497821711293941
2295812001389018617118159626460522653116833
4098314579378197311520137317515535664944287
10262382365863053685077565141388429001104309
13443399774051688391301894325983392458813121
4123826918998456338678809885495787345090049
11179149183754688580922933227065174345389753
3748748875790201109930175047630121546416823
2164184161637641323217535702188909327045289
5818142325026978506183961138917884352991677
6690558352255284711130548782113681645688681
875454039868220383611420797358002244715999
4868347198398044770027249493217324661372249
412777672843163338588407541375513126965473
8973432319877086196156389040661128658598133
3848269346679857633407767525051253503088931
2071065864415033772995007986746237234996949
1555447845344391347405641294074358693116407
493405241858122772441235269838562819178803
432581413768557092953256452574418992574511
