401743373291489597
292299579900879379
36728663511720841
301846445701795919
413251692365216741
488171912992950077
315737032705806091
601807477017627271
357510116310783721
99321614721715433
293406122780808161
196479726882407399
383931991024415731
398203825195640537
3165925401017341
28939857031298011
192130452821731591
180223154351130419
746258634862509427
9693095423666857
194977085656744037
4465035990999799
166151678820305363
421858594346515219
203048246515310753
24842231922995749
769648930284640013
342619485155489023
564286044119429053
653896858776098711
267046376394452407
335277285919453453
64612315661981533
441893878946181503
9419285840227073
407684036095209277
144034088545751003
90962766677568217
54752853008635153
348454973761836239
324797870386293193
29456876918788507
9014592148737223
8759089244818613
138671980771465027
47736285864882323
102627400050216199
515037921687480703
370541744098967321
756638383756917769
119313868931706131
320479583780575829
285102443470019671
441054460787153069
34987288330005701
511267194388767097
279466580814693719
337443775544878781
5535029185778569
92975955164245459
216151895488488307
37743006509951713
348762961402212131
19640111177173759
54653821669432289
466427554093685837
30021206166718097
394042981501527277
191998805131097011
37463725794669593
26875359558002833
578214195178584463
216572086942146071
47687394820630967
366831786273472673
658812234906799541
1439068086615683
67229835152124839
119678752970311553
19733845350540613
369970460560597073
177502693405070123
632875619489885809
20068972277795339
132322133281549163
364438953889420583
132931078623471769
182623185778395781
146383590277339483
132722095315237651
1071036870471428173
506701388764117273
307924850213923651
342158757858637241
168479073080714633
23668919460176083
377713153794248567
87224520854891857
14322600078827041
264392802122567389
