34811981056295026374306503023
53479272525427822211082042229

11887141675169937598331659987
36017887159033224245874434701

52101748029360865094659096607
76466305982671368491161015823

45499663556232572203217729107
37032095201631312689795618501

44570963491240262531073243077
52182264070669666455362353187

15072570843507560325889116551
3498472318003533805565975303

13314053425857092359813337669
37408579020373127447256377329

62556799186643306286315883711
6975389493980360240995247647

57838841097244478648256953609
49848396441629087669525979809

25768919152239666257399138983
35998213132122867970445132347

16929517830273683286264875981
70064558234779444572184990211

36451716752546765563117945529
39588807409973822741283082931

73195352844497009509780168631
24367005577774485109066152257

29328135422118602419977146423
59997236767617217910335933993

33119870589121847815670272693
41197649204306545491415102777

39343610152578375914248248229
11273982212070065823529461847

70528502395928758063678792393
66670853726916356035349446429

64719026665236791233409568331
64836342702979056385105077403

22791213035993436311249743891
32297011598783085496124828729

23809924915384911291459152081
46530493985994581016698223997

40196755153260923737514598677
49152295684375345014919221217

23538219808402176994400124499
6074605335905198305107265471

12314490422661577215048482633
13456986900571100377254138649

66759658526009898380512763671
40336244769156061765696372693

35405207827917702472302405137
13972249814180718944046559603

22441177795652460297743324467
13977864864512022696621661519

37789664435069405028630495899
52688812311320607715584131579

60555969660720184850706425159
44478159421216569265189282691

10619918183754317771605628207
73945321517733523012650641131

54387145994796735571520966167
3340899189353842014993514397

20021247064231254561958642531
8444377960047187653166104539

402590575545093949900638443
29071983894002364800896745617

73876098202313735544211486391
71998428041306345589065781419

27040595798135491957885634269
71931537563158429304629463119

76238194812932655935300493073
18305481015633278320522147489

12010219461584835629926638479
19142922465568636319155208849

43749088916235481418009451461
62541420960840365853119781769

19273993992548015236576298779
74343319098334272155355011389

73775762133445170969507687967
48135878626147065825402437441

13433774177878981332625166291
5125121795880612626267905931

53122730193125467834342797377
57760872512571500119938083057

10980414114140969692583942347
69172613919569944687564531051

22177985056856202477788457689
29718016872168493209616652147

71236660359616597652420762077
43275767471518950084474710453

23744054913245145231583598041
6968036490631940619877391533

61570347138759648932433526697
17790633283736989002114944711

27061295211130996145518543819
56353459351251291812006170751

71457452403935380926334556731
21323229731942142949056841733

69633408904118016197821390319
949054279231759210123389449

8117178901122483934051135393
34768950137351085227617174771

20292509747145609373888198961
11594708437224499857025648933

19156688557147444942657284647
30607904330320116500693206493

30650437876037064066708957409
48461515283281429157765795977

12987331777390133614720092641
27749117416773682888955482009

68882901262758124894475913641
46077385467711539408603197349

58305792255634930981496359403
44714416171890626658099934619

53880335150707770369392531341
78173787988709854915687195049

43381445362457249925759224269
63927950073450581244457356197

71356021497169022665121728027
77114838681011300842902704467

61270598105744825995650535289
54937663029359271410769264683

1758569610180680236167177517
98265098189258314595464867

8351711776568329232355232613
32990591617805170070290629427

15232655654276055811852620743
59512840811758365521666526809

63890996559880507203186437467
53327242208163573459913841333

58386011959626112819684258669
55347090755196001086594673717

8353177912344664001077704461
26215753112534175793906183801

2105820894536703844953078889
4018413646764172381907209661

11958447374126908683908510131
31167996074076508750816197971

26608414854284649722827685561
54802643846781598474705490291

14607474946648048630952807459
10679564964505335491901529373

48089721338903483291391148039
44014588221791387048851824467

59586450301962426751546633943
34193132837672113758424239907

21519293869598124422188065367
10503438750409459429216362757

34719440691849825678018798163
569827816520929557962266183

26273308170431203174590385279
7009654737337692244151593447

60201974643107006178091417849
30614655178974867658218102499

16565878556876491306240677647
69266741264616594238914566963

69931322789324014506635206271
53067263244781086091369129609

8730162378116008773528631679
32933653065339588638217400073

52267659883561162997251069961
8988197718424607495076544703

31389923571707233960444657873
30537758474421110696707694653

23917093136323690634503878803
8757177289425421978573738813

48635565029012601638477565503
78115006093621116881122598579

24585715847489044465900457939
31282934116621491202438389407

49919525484736800971009367269
72216603918324087574773575911

4690777250855838084649286297
43989110298470106669804577723

32461343380505320597228718551
13253372039290076372492488517

51961959168631753467826604309
34298350260361384479447821267

19173693970699157526131836591
65685676213912861230529345753

52319344911787464957104413121
44911687908652086017623480013

64096246300609562099037819503
40363458082062116089167286637

50421425081552636099900814347
73339776685847220609454321607

38661921224545498381685006921
8535961237811148950617073711

15052544303906926854061693307
78842279277852530354167266847

46685935290869297788157776817
52696776723573354722326402589

56651327590566310174845325871
26831342858276542692307189787

200543989407642616204851959
64755282257554705686158305033

19935921386549791426987122067
5042973236447084109086499131

6625289716781648123862818597
32709204712214096911685268487

32729899403455423912928282597
60766156041698456796940156193

