9092616055160905016819313867142672268338139
5766044700806330158462774123251796274398523
4100872587953122125520729266115218141064663
935506699243818904316543367811147143775187
12768211187258105174000300845632977931903421
780888711157012723807475135515067600306369
788355712232153790079176129128197962726773
1701281148794781191915310401945596846300627
7067523169349579994045400820220903973086469
13740107330018779181396662910708924065207067
4422833313621267472024542507418716325106599
10816885910673670158693926654281164368363963
5885322260659073234041598602955904154749661
9386798017291155894768491243048986474806773
12629639204302241113998463064159369608885319
10154451149510550554673522717427716357517013
5041511098855527417370676005996337827668361
12407753786436543727011151241712008082907883
3963676892762617504243356368449453749225511
1012384359206164024793583029644869813548303
3826254329519589362889035010035061075976711
933138433963604768647057273363127504927951
2141987476036921106932237329874943034917519
53199552744625565717891519377421200756861
2772894641219880962743266834392645699452963
2814419388736682810479797706211979280003853
10161689321369740967010983897987815641755237
1963119532868538231509400714111261580619249
706697144251851624935664929691365668082999
15629824719296879988751028063277032461842757
80319925854388665978953070123394767596603
3806396004707599203132374556810632459164559
1493208928919496071803799350634991912070207
9970429028259530077296773495658147344081623
3301860949005627644184343892964527584606153
2114178563076144830760798932786267256287587
12716858925591542803741490404461494681882497
5793460317524077091489884776349474563514393
8298348007109898145783319606651716064600767
552509799031078367328220276347358997457109
8564206764586492784939248474783728752753627
12756823554334127553248430340684113277674053
22620970190692575059435993891609826330757
4896783442384025537059083604747315340072047
1225618382152423353113325422794582753964347
3827669225294893558574772099559494806945927
7939494574271749135452313826260195353935297
67513384153486117740037253947146628458817
1413252824774187778388418543444053526577753
3573071062209825025356309928136092778057447
9442329057338458917751176862765238310258407
9933064821636617762928440027637783673574033
143037419075419125040918322304987171790201
2723390282942411349419585248605508065700693
5899187876252897181377900955484455457314181
6776647313139528309929497023935490146797381
10986680522812539133659901136674224983167879
5369038474689384785260446901149691349070041
1230463612436722232748997568801178226655003
2672968208632974591176145712096298057864887
8066111344560354387728350548366087837137
4547272361229107908628838008176654122189079
18924768653529838955343841036878826799335121
4645776468147052818610255871822925118233221
5106850035922104308398515982859356045258831
1050562433128921349798925432559309010101583
3116559435667705985129825788185376790909087
4173290600307606281353774897856304647717243
9677934367669151166808342868229415154893349
814301842252346380038161265532762862802529
338381102943277411241365215218025619969109
3403722710236047161079709807300298370098983
3958116671244764103675768565070999854972129
946810012890252973477529242745102038359401
2376136439084587325785885696485426488348707
331557437099411472307615228725317582184107
15783904118422039090934237733351402311164247
17837307341032792376016096540129313067643877
6413947008698013335663621705860620692084119
5042799819462998625170137745047803317046379
2028267182847658632578552736102936686776181
510305664638325733290548017451314538740913
522176582946467867478133662605757243312451
7581466305487527900572036449346370042844801
11201589530438427219589097879812762446138059
10745003257306074294457672420766841656332127
9441097384955124447357234557566387840491533
763031556250902434086725040937242792660547
15012864466986187287112927678209617874261671
14582495340373795257129522216301152425599721
4244440628781314048534582575719378674066351
13536289793522801844334897526427768218674453
730667413933441439590220845929884086921763
14538443308730155365644934773680537735766803
10799947589702043105410596050162090688754963
435853823449814006731453605098521036279903
6878900179727906163068663526594140061060253
11145177865153222976979279615550445861403923
4246006395507051773845428436170007165015997
5528173976503218469063709807927877498246503
