51932112932220837856958566234661150850409
3434542305305146966659474707127553140349
13704789410487534292794576175453685557147
456661553409575696905161188715881062633
27056657685327661699636112145028732365131
6403711115496811850390026109408139080131
40555360104956653729502409019097377915621
18492292111424259655970161712979091674383
9355885949404463414016642593486505291937
12441227874165528865945237711101585936733
46948396476660561484346811895900595959121
45109702396473341033804801294106388374359
4840716323488398932846675314366671130511
7381616847849226151952248457800091308297
4690087810536670673401898533331105030513
13045684418350428124269239046288714642947
13468037877809773525372602442418220386039
43746788168285063563901734242350574925681
47819073337120137245117829252493433777773
15554364996845506893516242102825226202939
6640560809399261579616343715157602147167
13369815497358492161588946689854546113713
9605357671386120057505168239024450959323
438752794993349614095528851235152412577
239929747024690685911767274805749352483
16534512314328451514825260669349886126479
5832903028442765923383490048175270501653
5910570212890919007443509032043574567231
16933753223039135562428944593742367399491
12964234719895429596842292738098604025847
30116700485485532792551074431294987129443
60447268999808841365817918092031091982701
2659529659156469668858536418397976908413
55744967619574842991223383744148876735521
23535073626007632413888035128012714471403
18665963814917110512530745765064436760821
7053741883851462959386214192131563593041
794613284297135168161695094235895054389
26336249043030433720589895003895877735647
5480575606600081814769288778194203693591
28773630342430277839388601681248438864617
8259326703663836250925271829389144124709
65728898331187001342218951791566200287749
4539778104959977116615636909812041594199
10761915378992364131966009287379323780733
3722681489736354570876012123634026657607
33122539418865212031551286090855135854611
9126942097480991876441351283254009247467
25191387029951282115682316830986894780433
27143137033907505438608078963572136082977
31271975606751458329884046044935468379467
8296320260950942343982066777190891148669
7519770669916488208364068558379630961607
41809189633574878257359215565523122598533
13159694810788228955082913682902681098857
693062499369412308893498147369198527777
53650799545027855644541630494067584968197
45982378923664998285673007405608969673201
13839105185011498531353318775136535328681
1661022866208790162144543846958507251829
33908143275928676688198959341480685994991
36644129591190309974222992984694879130953
6804856700544039543400734524209764034037
1196792082007239237874401992128238698093
15474904759451988342977003506531705159907
1287416571501921642584060491486037364829
54977296608903251463929402037301589342893
21003099177708492438292766132059913260753
1988069275664844291524200220243285913251
21253193575788168934402676661310042000657
27870508800481351516451527451604560386019
26582943705689615026071981228342205252109
11270485893202467801660136355216791319789
16042912937674612163020273632653406985981
25308506745851098730346566062153795801873
2871139755408819914590257736547797760401
20441531015298693949232740563153604170101
7820871223526404577337203702358008915713
4938134907702427039639877323661527935887
10008964518038478782632844110664723782091
9621559220181913582164242931180895863623
11732813818830256105512084163216462265783
19434278710524360851069210970598155486739
5415367313981194233293892209869397176067
2170536685788453607010999576156022472369
689745765075102979444566702705229792967
16108332971414710389549976628604680540279
1226304681307542314454312525851305276511
6731585041699065971653464697458792765407
3817701309495712774392423144521828283841
17783447785868093646838662849494308372687
61967178356530342789247127338669046892931
1981881365890165217302125571125412927813
26973733031836103090956300387312123021597
9267319044591371984816744889017869593107
46719116807380955941440737165125006749491
1578329767238258366378568792161147995777
35433513263011412034092504516068626352291
8371090501175441354885772927606248852777
13694624016877322638653960674099525944093
