76847997152980079305112037067
147947261894737

67501143204612904166251364347
72231107849107

26480404219277269675371313753
224181047023573

26117909773856271132299860351
40680804378619

20234360146069877357834426591
197330447778421

46990515462488749825574621957
189536704741781

31290942188709026250217927817
86241692542673

28123555949926130012125252357
69606639122771

56363568623183583755005433789
112715830549787

16516810959893243711177511013
259421353321807

31364173282414649672560982749
253870320317111

4641870844487789827504512343
14683020618829

54360513854386059568199082631
209079823784071

33862523985624170315737298899
101912849547419

13167452852757638908519901663
259478498207569

4164886235976740016802716619
184020528113431

39921757727464221276528654419
115015279584203

29802784674903352323831529607
200990478372487

74026879550629256845685642311
20764820284829

12713209483267963050309849803
140810233451059

61895985367159022925935687383
147115068844283

33869659504943891895664767461
34960968598159

46191276595866778972322624987
250791601285427

14041733147322299866728693911
278941954033409

26250172521394433372858461783
248353313059571

13877501378636067433976366623
37039347262903

24190755171246251273477662643
71254935905407

76940598225262406376077582297
260996710575031

54818341682681865918677827051
259805225051051

6572937494583395216092288439
26613176068517

31793657834257433036064154513
139269116538131

8472828696989332679191072309
273405601697567

19673963413444062575237966093
68300356398863

52474553853674881172168135129
46399232032913

47852615867020254697266309721
272588630133097

57899069165226892339762577131
5259996402607

24853998945270194622909707221
211112500012261

61512697639804070542991371973
194951439271759

39604204587149281055978144699
162857739653977

74561209348692496107594288887
224818542948487

7883803910988935238120059333
151881698418019

1615608386527278438867361393
119730811046051

67666518051052920063949907983
279103706012839

59098104253669332490606531043
13635055097171

30001460672506282122620203763
124817920937519

17255310755559782334074798641
270770452937773

12390533250336287950765741487
135764975765843

49867210741199694237556513829
71984102163287

69041423422629387659584036453
128285000959567

61032171033328047956697109399
117894729578891

29820967890711124571707974043
23852732828237

3502890804035710143394566919
184135465849831

34088156358801056874246128477
208798479153811

63929489136120135108115116133
214169076472669

769275445291747728876439207
108261202380679

77228722900601940370878848977
12216013091687

79197971378624243115096076289
96601877319499

69529149430084922098775646461
13220885156287

32034438924150173068753573583
66765608537123

74135903475924026332761304387
35087305598651

10902274410416376518056280999
240196232926547

75218762699861257914568571263
52478157802529

1581678474500321126288885333
72543308116847

64281744222594974873624575643
128393870617447

21295443610215239232110285941
112072949964401

39587789244111719849585303459
107851947087427

62991414908635889931088049269
197061863346409

7519123197832403775881877749
280836077804923

60836644206889069449670163569
233466913869599

16092389009978620809906008063
157035913135667

69503750290668162057033898487
162348537664493

56439687872840831611341513493
2056793246113

43880204178759655443099192139
31067147465989

46641873135180314425974687481
22371198952819

2633748363519414761835578947
121967080922293

56481955241216866797570576863
248703729745111

12837483825303625532927102711
18855880691899

38798290279081607750717888477
19639423134367

1274214998777548585439327629
274034554523567

64495668870719756000316827047
149498195701357

74416901837906622364167788009
187741492317893

799010765933001587459726299
160583075530729

13049939572896162519668140733
20192984794289

74260642279977542039463124391
8378176217519

23436496918333215345032489893
131929940531677

12227678837245499289438757021
22838782369141

65892550040919330403621318063
2917931631059

9991447958844477718054126961
28830990742553

74839029653728711856051178221
264662363727277

9078149641644029551905149867
187055699831659

19339521734015442222469934683
278493445016747

67945200121608067741159462273
214553651637581

30796775636035620255808974337
186030591163457

8386775187704402376676873891
175669618513019

7731963121962500768998086911
198738924172979

17101604175667434303793540171
7637886461981

70404144108626098675581720991
129689925645547

18539881768427846789398622089
275229507361519

6965016753771842597754260543
77010196399063

74687553211970033670184631239
25888109834441

