72865109017794444508898222082335454104060279273616399065583731
125119315080310706621523399580114766227706251323027904054082473
251872731861940949502488145765317261229385682430605725370878703
98381210728621733043501482052466323700122869258659745136381509
96078948334016150744899354869558409993997940330041216487260819
219043079947851809084863127942687301452415573379436846944213603
108435951488067604838410583463004222546913556613899038450514949
41087673871182314488552187393312885191247137845870475408817641
29936969586094112962282651474471861107195914627421107453705027
14397374743769654442961846720570739045525071472803035494079203
191953103542881836932540619776122860670000576620869486770899263
286494609226666283525157413593342259273906680895993344193674349
90690946207633702980801787452856813615760820231121317922079239
74768082984990344819894928092788361372363362026060161135296513
68541181892015000906875746819809899139869472709360886775599307
218868306457867928071041914237002615774441570293339855806886319
104208580876474922187716862575031585473974899813486384132859139
17939758907008763330297795178230285136472543137782191399422209
159839765451681452996804799201933071649661706007097677895338779
4930756974629765718536626165744469551613327466744723198979979
249857668739292416413610609704215463666423451202945584267816273
20453628521061683518803135006862486555941001562312639292389359
73071021848238199131292619174019571534143009968770038751853669
90271543763732988759361769477258371222312851672503930313724421
98857042561888665030812200211149970127651061245701850802481561
161560586296017952755057607431399715847262952065098402828714131
12968339887221074328584900865105463799345545537975302113800777
18541230712030399118070427991834183814382089485812713450016477
73788657032114180626839405336499849375289809596393910102413307
1219500321525121311227043894123334486661988871347461002713701
243539067724166542275599309144840728068501952597310338288089109
1124545290833493011290854426158291996856944908157107340999329
34679956725282720213037016725532432569975732172212499308581649
24828765266635348774825744295526631155106169582738998978973789
156426292637769928025723264828096315768015724781027729429268803
330497541156815076477493973889783408624427578080928855395651977
158398002706433871888258930795697039162862079866947635889436101
102614883764544191783027828238330687423845536582352082519154549
85927705632906995225794772949150495967056605089889123786940929
80442313495728332783885004097719159273163496546429955892801387
98396339694769100670647761448487143990077920442673113021575649
204962405227161179402034564434789255621458669052381067919208177
68892184273698145873583325037232707982138752794767796422628589
251438153461327500211398954793932125705436894664574811438506207
3594626778994193729479051084466498477863907297730022867712501
1115909884073281300438854576475909698723469291675910441620487
28632042252273903595505391730230879343321608301466912023312489
73962673936901365392328536039063297994657854283307839813428281
228272253150003588010193182986325924119909189912611391713206631
110956425488895424859566491300005068126535274508488851003760577
60672845321621260902620569157395365212083135798614611717222669
166294279923591428691032378384581460835816664896173411238409663
130226256760892619259531881301001896504704956288367596918913037
89801586536823092399546033194848476878313627009896462796485769
94383725203094087346552651484258587933971617312858480356324311
255871466084048677492373736084080024928307100843771349975856771
80694413986657927156450425033285395712813252936540119504604499
295407387776203703471299819811768813356707552283471452867736961
103410720660453030645694591875011744899841316149635634014543103
56943804318857861243263311373887397503075810263713193532841391
78292283789174901070185062715334849643221647793489906734793463
181978626720975669515046199544186383906152941571358451197772999
18675141876475123253682338172937161123326910842947833841260397
42839992955469617556987093153272617486852882703415958516783561
11440245071132616791051152890046486426065110255040630215680621
33424203176144560836910060578789804732832473169351923714022397
138708482539039482168632941793296745494281716691116874796685729
109534533181143974601438883350699607214074121717382868536114907
135711563769957016559913944393064816317898609713980336456355071
3213416951866362639091084078870010648387051191168041598576381
71300473027408919210677840985014946447893792542545639040659881
189619799861585715329171734257749821042426079613818170432356101
94371153288120685034372937581684313915730155829438439779746089
616590562743866241795108216285953791847257584397802026849897
124001680536301441318505788226863588984916349858890508406046921
186081663862684028321983822877513894493977949894588623899624631
35641683626193678452663279978522296509937419850763371863626201
321998661075432909525253135537560059061899526803615624397050251
75508026537614867380518553292245326203764527332264866975074691
144427246419343934845994201973614683639793069911778897252559601
71259553083010542131297273155958895831610771982149662565522031
99600834363788038718923316575838196226124006539822343771916391
145105666809761605270278983791398933100847894544707573351311531
3712754719717627729490795797726608707126756222198631484787129
9101849847189185577911987796718671586548739951312908543375151
10891252338268575459958099220397661657738625146591160044341853
140278186547492466744017287599286255142689506535206713994767863
527772356606981926930368430151951486863083914204912656336859
17027216668229788991404673147869731880451307538237726402530773
1849388941007904313757137857032188371400234214418496068465907
13375936170834152243817269071228194457501745418053651022298181
109380749145792259567260928117730407492782781027680203914369753
71461754233144388756724836655257757545737072088596632915516559
23622082347417856325018546363037409398065394878002806466086427
10805993109572367366812550906071612693596053133479400335304499
26277731265634978797606434480048942502761519636291450820472213
134948957294221313545785657472858022909345640198102565338127891
4076382192700692130219535498882024853417204028971910544183021
58086967195856876705719180649377957006998732477814143773604127
49528762660728860317006365807715190306043063067809868635023147
