705081136544137220221115954218246609
326165193393922145763537595897971637
404211211422607817835594091752639109
1071117029702087875632001412551513571
42773041355794790400156808962845369
118357509828242463595925190437969941
167658526048312121476115832949794931
21113163149983988816986320013912963
129785776125849767765271107202900187
42034082877854452227153998785576771
591718662873035930420484773006881877
572506036571817846743116236341682977
433860033315819632537048612282376187
215064951058962763643391045219126983
173211524315250638215058893050919031
310600757807172454296743945665048217
109524869495810510973316775584410071
129241238034852777780179019544508623
394583983889416688168050190543123521
193031687543521276119585683029257929
215932177867669014702949504934043193
3293306078270842477956602874042871
628055564165364843458574701173546783
3578952465744540138594001894709699
180478276301073330068224449371136641
88019939851618630689739227444007499
705604259508279094770219986866060739
771355399868751037325208002493805711
11346197653370223280941393888641399
479313568064272399371541012393969021
613150728166344914070659712753048163
492422760462306939129521899333231649
753122348086693767501382060664589073
55096675525325858019406432617134773
365867238722031043366748687196018133
137364578673945890167555924255329593
239819381597971167521847892351255487
273894977520280077827099572751930899
492022453698752989938963743073154069
39575480548086982507659915080302309
95635727432163403294933992786950381
733160641119946776508066451704233317
74778115444320102966730914790637993
271223780688408889619667045013616659
206243400034320968492432908650756047
205524875244940335810405415330330369
259258491422833883114387330793662501
423788420810992599559902869823139381
270136777807698846120532806170936267
661227296605303782069011923356184321
1022712209692885310848631490347258051
36327009652535398031571665411979371
1271722836671772091914440690854418687
66630305545530370612304803626829919
1576006900111706557489830116256137
374492722827917476386411074126721187
131838441738082355979040291305282563
616953871701333547275964622737263887
464148264072612214856983190393176313
201279982902701693637674746652595533
85863635737412877741356526697080257
153133243523486657578138228887697009
233112678635417335305969408087642749
387931116753353667736391876966962211
100466008129262719238041277818556153
69979944587925550442651420397747181
154327657641428610781978233663332987
733448902775429227925953434094771337
85814803804358897404396934567549141
532187191824998187002287180463063303
51203535715543891826038262421231463
600214191053859946587523014084620971
64508547802580700059146826363892227
578608836901288535773093463637286717
16325183005579119083884635190557863
1140548537593672443259532309870488453
88622674874350031357860239196967689
7288630168066830974064306885168781
456529436274477444301862102765643611
124316363969835224254460726933098423
127596610290347805473821752551064863
800362350229378814336100690806090699
112140469499110971160946778564086629
847287258706291583004154660095826367
986661281115940522449739566024064817
895086905369796306891323451430325639
623642027899200166923056636933484037
1060522317929218495397922940622279749
121165241185072205130954039916493363
9263840170662485721308991013942991
699315620864074194535153132788288127
655938215564831137113391635374980889
1156831629528018469650559773493260611
118602316068777940080656146727016229
169024695202088669951239125465344449
281185014690362926060923131960223461
674938409503689344272574039684341531
897020015497665345167631583929581743
5709783469611214409596708248338803
20378956348071325575543408620647559
